CreditScore,Age,Tenure,Balance,NumOfProducts,HasCrCard,IsActiveMember,EstimatedSalary,Complain,Satisfaction Score,Point Earned,Gender_Male,Geography_Germany,Geography_Spain,Card Type_GOLD,Card Type_PLATINUM,Card Type_SILVER,SeniorCustomer
0.3564997084691052,-0.6557858973542321,0.3456796638494558,-1.2184705569895626,0.8084361535388619,1,1,1.3676697420644444,0,-0.7200100474591208,-0.430193114351404,True,False,False,False,False,False,0
-0.2038977679013539,0.2949384654513666,-0.348369102820301,0.6968376547320528,0.8084361535388619,1,1,1.6612541021719276,0,0.7043421730336995,1.565907915377536,True,True,False,False,True,False,0
-0.9614721341058636,-1.416365387598711,-0.6953934861551795,0.6186290946563464,-0.9166876736979732,1,0,-0.2528068765327104,1,0.7043421730336995,-1.2437487678934886,True,False,True,False,False,True,0
-0.9407166720180687,-1.1311480787570314,1.3867528138540912,0.9532120226243692,-0.9166876736979732,1,0,0.9153927215460405,1,-0.7200100474591208,-0.176790533739935,False,False,False,False,False,True,0
-1.397336837949554,1.6259525733792048,1.3867528138540912,1.057448687632532,-0.9166876736979732,0,0,-1.059600190976992,1,-0.0078339372127105,0.5345149556957673,True,False,False,False,True,False,0
-0.8576948236668898,0.1998660291708067,-0.348369102820301,0.7067466960091179,-0.9166876736979732,1,0,1.0904700584525835,1,1.4165182832801098,-0.9236612976474228,True,False,False,False,True,False,0
0.325366515337413,0.1047935928902469,-1.3894422528249364,-1.2184705569895626,0.8084361535388619,0,0,-0.4289168077886862,0,-0.0078339372127105,-1.4171294809434412,False,False,False,True,False,False,0
1.1140740746736149,0.5801557742930463,1.0397284305192127,-1.2184705569895626,0.8084361535388619,1,1,-0.0205171361861899,0,-1.4321861577055308,-1.3993468437075487,False,False,False,False,False,False,0
-2.341710362944217,-0.4656410247931123,-0.6953934861551795,-1.2184705569895626,0.8084361535388619,1,1,-0.681565469729219,0,0.7043421730336995,-1.128161625860187,False,False,False,False,False,False,0
-0.5256074302621732,3.3372564264292826,-1.042417869490058,-1.2184705569895626,0.8084361535388619,0,1,-0.8498032382710557,0,1.4165182832801098,-0.1901275116668545,True,False,False,False,False,False,0
0.8650085296200775,1.3407352645375252,1.0397284305192127,0.7644161986745707,0.8084361535388619,0,1,1.2174779463659031,1,1.4165182832801098,-0.8525307487038524,False,False,False,False,False,False,0
0.1593228186350548,0.009721156609687,-1.042417869490058,-1.2184705569895626,0.8084361535388619,1,0,-1.038158949156473,1,1.4165182832801098,-1.3282162947639784,False,False,True,False,True,False,0
0.927274915883462,-0.6557858973542321,-0.0013447194854226,-1.2184705569895626,-0.9166876736979732,1,1,-0.6188274085995082,0,-0.0078339372127105,-0.5413345970757326,True,False,False,False,False,True,0
-1.4596032242129386,-0.8459307699153518,-0.0013447194854226,-1.2184705569895626,0.8084361535388619,1,0,0.7574254330202582,0,0.7043421730336995,-1.5949558533023669,False,False,False,False,False,True,0
-1.4907364173446307,0.1998660291708067,-0.0013447194854226,-1.2184705569895626,0.8084361535388619,1,1,-0.1088483760053294,0,-0.0078339372127105,0.9524069307392424,False,False,False,False,True,False,0
-1.2728040654227857,-0.7508583336347919,0.6927040471843343,-1.2184705569895626,0.8084361535388619,1,1,1.3086352155764691,0,-0.0078339372127105,-0.1278882813412305,False,False,False,False,False,True,0
0.2215892048984391,0.4850833380124864,1.0397284305192127,0.91811545336236,-0.9166876736979732,0,1,-1.6469193058901002,0,0.7043421730336995,-1.470477392651119,False,False,False,False,True,False,0
-1.4180923000373489,0.1047935928902469,1.7337771971889695,0.7245589218016413,-0.9166876736979732,1,0,0.6594590221180209,0,1.4165182832801098,1.1702442368789263,True,False,True,True,False,False,0
2.058447599668278,0.9604455194152858,1.0397284305192127,0.3610063499145531,-0.9166876736979732,1,0,0.325888623775663,1,1.4165182832801098,-0.1723448744309619,True,True,False,False,True,False,0
-0.2557864231208409,-1.0360756424764714,-0.0013447194854226,-0.080133555656556,-0.9166876736979732,1,1,0.5228728175335009,0,-0.7200100474591208,0.0632750689446144,True,True,False,False,False,False,0
-0.1623868437257644,-0.2754961522319926,-0.0013447194854226,0.663766155419022,0.8084361535388619,1,1,0.1937224585161611,0,0.7043421730336995,-1.354890250617817,True,False,False,False,False,True,0
1.5188055853856133,-1.0360756424764714,-0.6953934861551795,-1.2184705569895626,0.8084361535388619,1,0,-1.706084754005474,0,-0.7200100474591208,0.112177321343319,True,False,False,True,False,False,0
0.5017879430836688,-0.3705685885125524,-0.348369102820301,0.316237061580151,0.8084361535388619,1,0,1.6083031716237837,0,1.4165182832801098,1.1346789624071412,True,True,False,True,False,False,0
-1.4284700310812464,-0.3705685885125524,-0.6953934861551795,0.7193539092327499,-0.9166876736979732,1,0,-1.5721481041087817,0,0.7043421730336995,-1.5238253043587966,True,False,False,False,False,False,0
0.6366984466543348,-0.1804237159514327,1.0397284305192127,-1.2184705569895626,-0.9166876736979732,1,1,-1.460965041907253,0,-0.7200100474591208,-0.7236066287436314,False,False,False,True,False,False,0
-1.916223390144424,-1.0360756424764714,1.7337771971889695,0.803961741582394,-0.9166876736979732,1,0,-1.1837192836190835,1,0.7043421730336995,-0.6124651460193028,True,True,False,False,True,False,0
0.3876329016007974,-0.5607134610736721,-1.042417869490058,1.372341941182026,0.8084361535388619,1,0,1.1988215275281875,0,-0.0078339372127105,-1.3993468437075487,True,True,False,False,True,False,0
-1.469980955256836,-0.7508583336347919,-1.736466636159815,0.601796901529675,-0.9166876736979732,1,0,-1.170677194489658,1,-0.7200100474591208,0.8057001735431288,True,True,False,False,False,True,0
-0.3491860025159174,1.6259525733792048,0.6927040471843343,-1.2184705569895626,-0.9166876736979732,1,1,0.7297008224181006,1,1.4165182832801098,-0.7236066287436314,True,False,False,False,False,False,0
-1.843579272837142,0.5801557742930463,1.7337771971889695,-1.2184705569895626,0.8084361535388619,0,0,1.247399884361247,0,0.7043421730336995,0.8234828107790214,True,False,False,False,True,False,0
1.062185419454128,-0.1804237159514327,0.3456796638494558,-1.2184705569895626,-0.9166876736979732,1,1,0.2731520708723835,0,1.4165182832801098,-0.4968780039860012,True,False,False,False,False,True,0
0.532921136215361,1.6259525733792048,1.3867528138540912,-1.2184705569895626,-0.9166876736979732,0,0,-0.2587825012499453,1,-0.0078339372127105,0.0721663875625607,True,False,False,False,False,True,0
0.325366515337413,-0.8459307699153518,1.7337771971889695,-0.2953170913624515,-0.9166876736979732,0,0,-0.3684303204635142,0,-0.0078339372127105,1.3258423126929864,True,False,False,True,False,False,0
-0.5671183544377627,-1.226220515037591,1.0397284305192127,1.1830079878759243,-0.9166876736979732,1,0,-1.0101778851673122,0,-0.7200100474591208,-0.52355195983984,False,False,False,False,False,False,0
1.6640938200001767,-1.416365387598711,1.7337771971889695,-1.2184705569895626,0.8084361535388619,1,1,0.9819097754666122,0,-1.4321861577055308,0.2277644633766206,True,False,False,False,True,False,0
1.8716484408781249,-0.4656410247931123,0.3456796638494558,0.9940901601863156,0.8084361535388619,0,1,0.8011762069763434,0,-0.7200100474591208,-0.8125198149230941,False,False,True,False,True,False,0
-1.5114918794324257,0.3900109017319265,-1.042417869490058,-1.2184705569895626,0.8084361535388619,1,0,0.089320719333816,0,-0.7200100474591208,0.0677207282535876,True,False,False,False,True,False,0
0.3461219774252078,0.1047935928902469,0.6927040471843343,-1.2184705569895626,-0.9166876736979732,1,0,-0.4794991522411365,1,0.7043421730336995,1.2013638520417382,False,False,False,False,False,True,0
-0.2038977679013539,1.0555179556958456,-0.0013447194854226,0.5100661001817587,-0.9166876736979732,1,1,-1.624713919909663,1,1.4165182832801098,-1.1681725596409454,False,True,False,False,False,True,0
0.1489450875911573,-1.1311480787570314,-0.348369102820301,-1.2184705569895626,0.8084361535388619,0,0,-0.2030735231912687,0,-1.4321861577055308,0.9390699528123232,False,False,False,False,False,False,0
1.2801177713759733,-0.0853512796708728,0.3456796638494558,1.6616888604724085,0.8084361535388619,0,0,0.9161260912995186,0,-0.0078339372127105,0.5211779777688479,False,True,False,False,True,False,0
0.481032480995874,0.009721156609687,1.3867528138540912,1.375211911045675,-0.9166876736979732,0,0,-0.1776728149421198,0,-0.0078339372127105,-0.4079648178065383,False,False,True,False,False,False,0
0.0555455081960808,0.009721156609687,-0.348369102820301,0.0671127899425496,-0.9166876736979732,1,0,-0.0563072492762818,0,-1.4321861577055308,0.3300146274830028,False,False,False,False,False,False,0
0.9999190331907436,-0.4656410247931123,1.0397284305192127,-1.2184705569895626,0.8084361535388619,1,0,-0.8145178602199276,0,0.7043421730336995,1.445875114035261,False,False,False,True,False,False,0
-0.10012045746238,1.6259525733792048,0.3456796638494558,0.4345818099654662,0.8084361535388619,1,0,0.7409925954478899,1,0.7043421730336995,1.3836358837096372,False,True,False,False,True,False,0
1.9961812134048933,-0.9410032061959116,1.0397284305192127,-1.2184705569895626,0.8084361535388619,0,0,0.8156215742661108,0,-0.0078339372127105,0.8901677004136185,False,False,False,False,True,False,0
1.186718191980897,0.5801557742930463,0.3456796638494558,-1.2184705569895626,0.8084361535388619,0,0,0.8128868248937872,0,-0.0078339372127105,-1.3726728878537098,False,False,False,False,True,False,0
0.5848097914348479,0.3900109017319265,-1.736466636159815,0.6867545739993789,-0.9166876736979732,1,0,1.4095109380208957,1,-1.4321861577055308,1.3213966533840131,False,True,False,False,True,False,0
0.5536765983031557,-0.3705685885125524,-0.348369102820301,0.9669673839033558,0.8084361535388619,1,0,0.2823722221352939,0,1.4165182832801098,-0.7991828369961748,True,True,False,False,False,False,0
0.4498992878641817,-0.9410032061959116,1.3867528138540912,-1.2184705569895626,0.8084361535388619,1,0,0.1935859731542642,0,-0.7200100474591208,1.31695099407504,False,False,False,False,False,False,0
-1.5011141483885282,-0.6557858973542321,0.6927040471843343,-1.2184705569895626,0.8084361535388619,1,0,-0.565155626700506,0,1.4165182832801098,-0.4479757515872966,True,False,True,False,False,True,0
-0.3906969266915071,-0.4656410247931123,-0.0013447194854226,-1.2184705569895626,0.8084361535388619,1,0,1.480137679201536,0,1.4165182832801098,-0.9236612976474228,False,False,False,False,False,True,0
-1.127515830808222,2.386532063623684,-0.348369102820301,-1.2184705569895626,0.8084361535388619,1,1,0.8323786732396737,0,1.4165182832801098,0.4189278136624657,True,False,False,True,False,False,0
-0.9303389409741716,3.4323288627098423,-0.0013447194854226,0.1767406753272145,-0.9166876736979732,1,1,-1.0619717328066374,0,0.7043421730336995,-0.968117890737154,True,False,False,True,False,False,0
-0.4633410439987888,2.196387191062564,1.0397284305192127,0.510790597455567,-0.9166876736979732,1,1,-1.3395476639639052,1,1.4165182832801098,-1.492705689195985,False,False,True,True,False,False,0
0.5951875224787453,0.1998660291708067,-0.6953934861551795,1.1879915684603566,0.8084361535388619,1,0,-0.5000133368009757,0,-0.0078339372127105,0.970189567975135,False,False,False,False,False,False,0
-0.1831423058135592,3.622473735270962,-0.0013447194854226,-1.2184705569895626,0.8084361535388619,1,1,1.063169856472579,0,1.4165182832801098,-0.9281069569563958,True,False,False,False,True,False,0
1.311250964507665,0.770300646854166,0.3456796638494558,0.8197178361063548,0.8084361535388619,1,0,0.4218649563947539,0,-0.7200100474591208,1.121341984480222,False,False,True,True,False,False,0
-0.1935200368574565,1.8160974459403243,0.3456796638494558,0.3555459620635128,-0.9166876736979732,1,1,0.5494681638993281,0,-0.0078339372127105,0.8946133597225917,True,False,True,False,False,False,0
-0.0689872643306878,-1.0360756424764714,0.6927040471843343,0.6622768131779249,0.8084361535388619,1,1,-1.146498421429567,0,0.7043421730336995,-0.2345841047565859,True,True,False,False,False,False,0
-0.3491860025159174,-0.3705685885125524,1.7337771971889695,-1.2184705569895626,0.8084361535388619,1,0,1.3910807197638522,0,-1.4321861577055308,-1.1815095375678648,False,False,False,False,False,False,0
-0.4633410439987888,-0.2754961522319926,1.7337771971889695,0.4899490924541038,0.8084361535388619,0,0,1.7018490216008944,0,-1.4321861577055308,-0.3901821805706458,True,True,False,False,False,True,0
-0.3699414646037122,-0.1804237159514327,1.3867528138540912,-1.2184705569895626,-0.9166876736979732,1,0,0.1891960127688745,0,1.4165182832801098,-1.634966787083125,True,False,False,False,True,False,0
0.2838555911618235,-0.4656410247931123,0.6927040471843343,1.35153934288499,-0.9166876736979732,1,0,0.3733413675731561,0,-0.7200100474591208,1.445875114035261,True,False,False,False,False,False,0
-0.2246532299891487,1.1505903919764056,-1.736466636159815,0.517908923266891,2.533559980775697,0,0,-0.209658898436111,1,-0.7200100474591208,-1.3860098657806292,False,True,False,True,False,False,0
-0.0586095332867904,-0.0853512796708728,-1.042417869490058,-1.2184705569895626,0.8084361535388619,0,0,1.3617490592253745,0,-0.0078339372127105,-1.6305211277741518,False,False,False,True,False,False,0
-1.283181796466683,-0.6557858973542321,-1.042417869490058,0.3680976171536619,-0.9166876736979732,0,1,0.1863623332425136,0,1.4165182832801098,1.121341984480222,True,True,False,False,True,False,0
1.2904955024198703,-0.1804237159514327,-1.042417869490058,-1.2184705569895626,-0.9166876736979732,0,1,-1.6059422274478228,0,-0.0078339372127105,1.063548413463571,True,False,False,False,False,True,0
0.4706547499519766,3.3372564264292826,-0.6953934861551795,0.5118588506734341,0.8084361535388619,1,1,-1.460228194819714,0,-0.0078339372127105,-0.363508224716807,False,True,False,False,False,False,0
-0.1312536505940722,0.3900109017319265,0.3456796638494558,0.3763988348675043,0.8084361535388619,1,0,1.5103016396475293,0,1.4165182832801098,-0.585791190165464,True,False,False,False,False,False,0
-0.0067208780673035,0.1998660291708067,-0.348369102820301,0.917917237312642,-0.9166876736979732,0,1,0.8844979993471145,0,-0.0078339372127105,0.8901677004136185,False,True,False,False,False,True,0
0.325366515337413,-1.321292951318151,-0.348369102820301,-1.2184705569895626,0.8084361535388619,1,0,0.90874823162216,0,-0.0078339372127105,0.1344056178881847,True,False,False,False,True,False,0
-1.3350704516861698,-1.416365387598711,-0.0013447194854226,1.5391330617448986,-0.9166876736979732,0,1,0.951273940788532,0,1.4165182832801098,-0.2212471268296665,False,False,True,True,False,False,0
2.058447599668278,2.1013147547820044,-1.3894422528249364,-1.2184705569895626,-0.9166876736979732,1,0,-0.8234928594315328,1,-0.7200100474591208,-1.0436940989896974,True,False,False,True,False,False,0
-0.3595637335598148,0.009721156609687,-0.0013447194854226,0.1160276436721878,2.533559980775697,1,0,-1.6078787547864293,1,-0.0078339372127105,1.7215059911915958,False,True,False,False,True,False,0
-0.0689872643306878,0.770300646854166,1.3867528138540912,1.2164315688475416,-0.9166876736979732,1,0,0.372229663873834,1,-0.0078339372127105,-1.3237706354550052,True,True,False,True,False,False,0
0.4187660947324896,-0.2754961522319926,-0.348369102820301,-1.2184705569895626,-0.9166876736979732,1,0,1.4804680259373368,1,-1.4321861577055308,-1.4393577774883068,False,False,False,False,True,False,0
-0.152009112681867,0.1998660291708067,-1.042417869490058,-1.2184705569895626,0.8084361535388619,0,1,0.0362360852910239,0,0.7043421730336995,-1.252640086511435,True,False,False,True,False,False,0
0.5432988672592584,1.0555179556958456,-0.348369102820301,1.430359682868591,-0.9166876736979732,1,0,0.3536354893158113,1,0.7043421730336995,0.4367104508983582,True,False,False,True,False,False,0
1.8405152477464324,-1.1311480787570314,1.3867528138540912,0.5754914862594869,-0.9166876736979732,1,1,0.3351614566495985,1,-0.0078339372127105,0.7656892397623706,False,True,False,False,False,False,0
-0.6293847407011471,0.009721156609687,-0.6953934861551795,-1.2184705569895626,2.533559980775697,1,0,0.6961290745922647,1,-0.0078339372127105,-1.3726728878537098,False,False,True,False,False,False,0
2.058447599668278,-0.3705685885125524,1.3867528138540912,-1.2184705569895626,0.8084361535388619,0,0,-1.3057704056950603,0,-1.4321861577055308,1.7392886284274882,False,False,False,False,False,True,0
0.1904560117667469,-0.5607134610736721,-1.3894422528249364,-1.2184705569895626,0.8084361535388619,1,1,-0.2437294698330067,0,-0.0078339372127105,1.2947226975301742,True,False,False,False,False,False,0
0.4083883636885922,1.2456628282569653,-0.6953934861551795,-1.2184705569895626,-0.9166876736979732,1,0,1.3111703659736875,1,-0.0078339372127105,0.2366557819945669,True,False,False,False,False,True,0
1.010296764234641,0.2949384654513666,-1.3894422528249364,0.8593831412154621,0.8084361535388619,0,1,0.7494910260264266,0,1.4165182832801098,1.4903317071249924,True,False,False,False,False,False,0
-0.6916511269645315,-0.5607134610736721,1.0397284305192127,-1.2184705569895626,0.8084361535388619,1,0,0.2390802824085665,0,0.7043421730336995,0.7656892397623706,False,False,True,False,True,False,0
0.2838555911618235,-1.416365387598711,0.3456796638494558,0.621972829698603,0.8084361535388619,0,1,0.6143920772198234,0,0.7043421730336995,-0.6035738274013566,False,False,False,True,False,False,0
0.3668774395130026,-0.3705685885125524,-0.6953934861551795,-1.2184705569895626,0.8084361535388619,1,1,1.3217155553805664,0,-0.7200100474591208,-0.4390844329693503,True,False,True,False,False,True,0
0.3876329016007974,-0.7508583336347919,-0.6953934861551795,1.0198598477486225,-0.9166876736979732,0,1,0.3517719859924874,0,1.4165182832801098,1.5881362119224016,False,False,True,True,False,False,0
-1.0963826376765298,0.5801557742930463,-1.042417869490058,-1.2184705569895626,-0.9166876736979732,0,0,1.69274084049475,1,0.7043421730336995,-0.016746798616902,False,False,True,False,False,False,0
0.6159429845665401,-0.4656410247931123,0.3456796638494558,-1.2184705569895626,0.8084361535388619,1,1,1.3018980546998615,0,-0.7200100474591208,-0.8836503638666644,False,False,False,False,False,False,0
-0.8680725547107871,0.1047935928902469,-1.3894422528249364,0.3711425871322886,-0.9166876736979732,0,0,0.5940964431057223,1,-0.7200100474591208,0.9390699528123232,True,True,False,False,False,True,0
0.2112114738545417,0.3900109017319265,-0.0013447194854226,-1.2184705569895626,0.8084361535388619,1,1,-0.624455995377449,0,1.4165182832801098,0.7879175363072363,True,False,True,True,False,False,0
0.3980106326446948,-0.9410032061959116,-0.0013447194854226,-1.2184705569895626,0.8084361535388619,1,0,0.1416436433505318,0,-0.0078339372127105,-1.6216298091562056,True,False,False,False,True,False,0
-0.9510944030619662,2.5766769361848034,1.3867528138540912,-1.2184705569895626,-0.9166876736979732,1,1,-1.4692223193686549,0,-0.0078339372127105,1.3302879720019594,False,False,False,False,False,False,0
0.8546307985761801,-1.606510260159831,-0.0013447194854226,0.8638583728840177,-0.9166876736979732,0,0,0.3731704566040548,1,0.7043421730336995,0.9924178645200008,True,False,False,False,False,True,0
1.1970959230247942,0.770300646854166,-1.042417869490058,-1.2184705569895626,-0.9166876736979732,1,0,-0.9088031652851232,1,-0.0078339372127105,-0.1189969627232842,True,False,True,True,False,False,0
1.3838950818149471,-1.0360756424764714,1.0397284305192127,-1.2184705569895626,0.8084361535388619,1,0,-0.403371094709191,0,-0.7200100474591208,1.4681034105801267,True,False,False,False,False,True,0
0.5225434051714636,-0.4656410247931123,-0.348369102820301,0.3835053125466158,-0.9166876736979732,1,0,0.1576129522925605,0,-0.0078339372127105,1.3347336313109326,True,False,False,False,True,False,0
1.954670289229304,1.1505903919764056,-1.3894422528249364,0.1869713773828608,-0.9166876736979732,0,1,-1.1082990374352673,1,0.7043421730336995,1.725951650500569,False,True,False,True,False,False,0
0.1489450875911573,0.770300646854166,-0.0013447194854226,-1.2184705569895626,-0.9166876736979732,0,0,1.1513385309243631,1,-0.0078339372127105,1.6948320353377568,False,False,True,False,False,True,0
-1.1067603687204273,3.3372564264292826,-0.6953934861551795,-1.2184705569895626,0.8084361535388619,1,1,1.0587689424848967,0,-0.7200100474591208,-0.8169654742320672,False,False,True,False,False,True,0
-0.2350309610330461,-0.7508583336347919,0.3456796638494558,-1.2184705569895626,-0.9166876736979732,1,1,-1.4601967249464614,1,-0.0078339372127105,-0.7991828369961748,False,False,False,False,True,False,0
0.3876329016007974,0.5801557742930463,-1.736466636159815,0.8656930721681215,0.8084361535388619,1,0,0.8767244190536065,0,-0.0078339372127105,1.1035593472443292,True,True,False,False,False,True,0
1.2386068472003835,1.1505903919764056,-0.0013447194854226,0.9511238693768536,2.533559980775697,1,1,0.9049475054934176,1,1.4165182832801098,1.094668028626383,True,False,True,False,False,True,0
-1.0860049066326325,0.3900109017319265,-1.3894422528249364,0.260150085114548,-0.9166876736979732,0,1,-0.3506609695447756,0,-1.4321861577055308,0.334460286791976,True,False,False,False,False,False,0
0.3046110532496183,2.481604499904244,0.6927040471843343,0.938445087030262,0.8084361535388619,0,1,1.5646007326111475,0,-0.0078339372127105,1.099113687935356,True,False,True,True,False,False,0
-0.0689872643306878,-1.416365387598711,-0.6953934861551795,-0.6653257745361186,-0.9166876736979732,1,1,-1.5438166987129684,0,-0.7200100474591208,-0.1145513034143111,False,False,False,False,False,True,0
0.0036568529765938,1.1505903919764056,-0.6953934861551795,-1.2184705569895626,-0.9166876736979732,1,0,1.2789318280268631,1,-1.4321861577055308,0.2944493530112178,False,False,False,False,False,False,0
1.1452072678053071,-0.4656410247931123,-0.348369102820301,0.203554439513279,0.8084361535388619,1,0,-0.554096313452699,1,-0.7200100474591208,-0.7058239915077388,True,True,False,False,False,True,0
-0.4529633129548914,0.1047935928902469,0.6927040471843343,0.3218237761381603,-0.9166876736979732,0,0,1.0557805215928184,0,1.4165182832801098,0.9568525900482155,False,True,False,False,False,True,0
-0.5567406233938653,-0.6557858973542321,1.3867528138540912,0.7659090633333526,0.8084361535388619,1,0,1.711945982647302,0,1.4165182832801098,-1.030357121062778,True,True,False,False,False,False,0
-1.1794044860277089,0.009721156609687,0.6927040471843343,0.5115985119845475,0.8084361535388619,1,0,-1.272704783841812,0,1.4165182832801098,-0.3234972909360487,True,True,False,False,False,True,0
0.1904560117667469,-0.9410032061959116,1.3867528138540912,-1.2184705569895626,0.8084361535388619,1,0,-1.2704805071096523,0,0.7043421730336995,-0.7413892659795239,False,False,True,False,False,False,0
-1.2728040654227857,-0.8459307699153518,-1.042417869490058,0.6435321073582944,-0.9166876736979732,1,0,-0.4372020777892795,0,0.7043421730336995,1.7348429691185152,True,False,False,False,True,False,0
1.1036963436297176,2.7668218087459238,0.3456796638494558,0.5843004124496268,-0.9166876736979732,1,0,-1.1225851428250382,1,0.7043421730336995,1.0502114355366516,True,True,False,True,False,False,0
0.3668774395130026,-0.3705685885125524,-0.6953934861551795,0.376022736724703,-0.9166876736979732,1,1,-1.7163806185601744,1,1.4165182832801098,0.9790808865930812,False,False,False,False,False,True,0
-2.310577169812525,-1.416365387598711,-0.348369102820301,0.3144495947150029,-0.9166876736979732,1,0,-0.943410115460938,0,-0.7200100474591208,-1.1326072851691602,True,False,False,True,False,False,0
-0.4322078508670966,-0.2754961522319926,0.6927040471843343,0.6301906301572734,-0.9166876736979732,0,1,-1.0058232197226422,0,1.4165182832801098,-1.3860098657806292,True,True,False,True,False,False,0
-0.3388082714720201,0.1998660291708067,-0.0013447194854226,0.2620268933009747,-0.9166876736979732,1,0,-1.0807696791406385,0,-0.0078339372127105,-0.1678992151219888,False,True,False,True,False,False,0
-0.2765418852086357,-0.2754961522319926,1.3867528138540912,0.519460868476841,2.533559980775697,1,0,0.5803058578196527,1,1.4165182832801098,-1.2304117899665694,True,False,False,True,False,False,0
0.1178118944594652,0.009721156609687,-0.348369102820301,-1.2184705569895626,-0.9166876736979732,1,0,-0.4094080943726036,0,-1.4321861577055308,1.303614016148121,True,False,False,False,False,False,0
0.9065194537956672,-0.4656410247931123,1.3867528138540912,-1.2184705569895626,-0.9166876736979732,1,0,-0.6928059520816073,0,-0.0078339372127105,0.8057001735431288,True,False,False,False,True,False,0
0.4498992878641817,0.009721156609687,-0.0013447194854226,-1.2184705569895626,0.8084361535388619,0,0,0.0405526739277254,0,-0.0078339372127105,-1.2748683830563008,False,False,True,False,False,False,0
-1.2001599481155036,-0.6557858973542321,0.6927040471843343,1.6316696961931634,0.8084361535388619,1,0,-1.3571365412448744,0,0.7043421730336995,-0.6791500356539,True,False,False,True,False,False,0
0.4083883636885922,0.1998660291708067,1.0397284305192127,0.5291923478806124,2.533559980775697,1,1,0.8418185920152433,1,-1.4321861577055308,0.5745258894765256,False,True,False,False,False,False,0
-0.3803191956476097,2.5766769361848034,0.6927040471843343,-1.2184705569895626,0.8084361535388619,1,1,-0.4494539427533282,0,-1.4321861577055308,1.7215059911915958,True,False,False,False,True,False,0
-2.113400279978474,-0.2754961522319926,0.3456796638494558,0.1256058979066698,0.8084361535388619,1,0,-0.3204669301591538,0,0.7043421730336995,-0.3679538840257801,False,False,False,False,False,True,0
-0.6605179338328393,-0.4656410247931123,1.7337771971889695,0.8536367970923731,-0.9166876736979732,1,0,0.9266405062999572,0,-0.0078339372127105,-1.3637815692357635,False,True,False,False,False,False,0
-0.4633410439987888,-0.0853512796708728,-0.6953934861551795,0.353900993004705,-0.9166876736979732,1,0,1.3194219058338883,0,0.7043421730336995,-1.123715966551214,True,True,False,False,True,False,0
-0.4840965060865836,0.3900109017319265,1.0397284305192127,0.7883276507982436,0.8084361535388619,1,0,-1.3294049759745947,0,-0.7200100474591208,1.7392886284274882,False,True,False,False,False,True,0
-0.6916511269645315,-0.4656410247931123,-1.3894422528249364,-1.2184705569895626,-0.9166876736979732,1,1,-0.4334095233955803,0,-0.0078339372127105,-0.4613127295142161,False,False,False,True,False,False,0
-2.476620866514883,-0.4656410247931123,1.3867528138540912,-1.2184705569895626,0.8084361535388619,0,0,-1.6325580900846102,0,-1.4321861577055308,-0.7013783321987657,True,False,False,False,True,False,0
-0.8888280167985819,1.4358077008180852,-0.348369102820301,0.6806665553608631,0.8084361535388619,1,1,1.2548017376436271,0,-0.0078339372127105,-0.1545622371950694,True,True,False,False,False,True,0
-0.1312536505940722,-1.0360756424764714,1.0397284305192127,-1.2184705569895626,0.8084361535388619,1,0,0.4543098741181024,0,1.4165182832801098,-1.5905101939933937,True,False,True,False,True,False,0
0.6366984466543348,0.5801557742930463,-0.348369102820301,0.8795797235608147,-0.9166876736979732,1,0,-0.4594644920483184,1,-0.7200100474591208,-0.4968780039860012,True,True,False,True,False,False,0
-1.2624263343788882,0.1998660291708067,-0.348369102820301,-1.2184705569895626,0.8084361535388619,0,1,0.8202234781625224,0,-0.7200100474591208,1.5481252781416432,False,False,True,False,False,False,0
0.2423446669862339,-0.6557858973542321,1.0397284305192127,1.9426882902893623,-0.9166876736979732,1,1,-0.8297021609976712,0,-0.0078339372127105,-1.6483037650100445,True,False,True,False,False,False,0
-0.8265616305351976,-0.3705685885125524,-1.3894422528249364,1.0227328597002725,-0.9166876736979732,1,0,1.4818928635688575,0,0.7043421730336995,-0.0389750951617677,False,True,False,False,False,True,0
1.7990043235708428,-0.4656410247931123,1.3867528138540912,-1.2184705569895626,0.8084361535388619,1,1,-1.1909561374002662,0,-0.0078339372127105,1.4858860478160194,True,False,False,False,False,True,0
-2.0096229695395005,-0.3705685885125524,-0.0013447194854226,1.4472387881944282,-0.9166876736979732,1,0,0.6060376082714147,0,-0.0078339372127105,-0.016746798616902,False,False,True,False,False,True,0
-1.013360789325351,0.1998660291708067,-0.348369102820301,0.5772081845511492,-0.9166876736979732,0,1,-1.1160347147875096,0,-1.4321861577055308,1.2902770382212012,False,False,True,False,False,False,0
0.2008337428106443,-0.7508583336347919,0.3456796638494558,0.4765264395364373,0.8084361535388619,1,0,0.7847656243419654,0,1.4165182832801098,0.2988950123201909,False,True,False,True,False,False,0
-1.916223390144424,1.7210250096597648,-1.3894422528249364,-1.2184705569895626,0.8084361535388619,1,1,0.2437173073789948,0,-1.4321861577055308,1.0502114355366516,True,False,False,True,False,False,0
-0.10012045746238,-0.3705685885125524,-1.042417869490058,0.9135840231207424,-0.9166876736979732,0,1,0.3794392205826374,0,-0.0078339372127105,-0.6524760798000611,True,False,False,True,False,False,0
-1.7294242313542707,-0.8459307699153518,-0.0013447194854226,1.2915991616919904,-0.9166876736979732,1,1,0.7079316679956238,0,1.4165182832801098,0.1655252330509967,False,True,False,False,True,False,0
1.8820261719220224,-0.1804237159514327,1.0397284305192127,1.2028102195504726,0.8084361535388619,1,1,0.6206728380009164,0,-0.0078339372127105,0.1166229806522921,True,False,False,False,False,False,0
1.5603165095612028,0.1998660291708067,-0.348369102820301,0.2346490619556555,0.8084361535388619,0,1,1.1953747940068615,0,1.4165182832801098,-0.6613673984180074,False,True,False,False,True,False,0
1.643338357912382,-0.6557858973542321,1.3867528138540912,0.7169335279535987,0.8084361535388619,0,1,-0.3744167249163384,0,-0.7200100474591208,-0.1278882813412305,True,False,False,False,True,False,0
2.058447599668278,-1.606510260159831,-0.6953934861551795,-1.2184705569895626,-0.9166876736979732,1,1,0.7642180573751404,0,0.7043421730336995,-0.4968780039860012,True,False,True,False,True,False,0
1.933914827141509,0.009721156609687,-0.0013447194854226,1.4511044814936165,0.8084361535388619,1,0,-1.4978938080356403,0,-0.7200100474591208,1.379190224400664,False,False,True,False,False,False,0
-0.2765418852086357,1.7210250096597648,0.6927040471843343,-1.2184705569895626,-0.9166876736979732,0,0,-0.2838394750271579,1,-1.4321861577055308,0.2988950123201909,False,False,True,False,False,True,0
-0.6708956648767367,-0.5607134610736721,-0.0013447194854226,0.3844987944436281,-0.9166876736979732,1,0,-1.1512707146949708,0,1.4165182832801098,-0.5102149819129206,True,False,False,False,False,True,0
-0.2350309610330461,0.009721156609687,-0.0013447194854226,-1.2184705569895626,0.8084361535388619,0,0,0.2836956954789347,0,1.4165182832801098,1.032428798300759,True,False,True,True,False,False,0
-0.4322078508670966,-1.1311480787570314,-1.042417869490058,-1.2184705569895626,0.8084361535388619,1,0,-1.4932460033296229,0,-0.0078339372127105,0.6634390756559884,False,False,False,False,False,True,0
-2.082267086846782,-0.5607134610736721,0.3456796638494558,-1.2184705569895626,0.8084361535388619,1,0,1.469570408723369,0,-0.0078339372127105,-1.506042667122904,True,False,False,True,False,False,0
0.2423446669862339,2.5766769361848034,-0.0013447194854226,0.6332719450820115,0.8084361535388619,1,1,0.5483681092691103,0,-0.7200100474591208,0.7923631956162095,True,False,True,True,False,False,0
0.6055652535226427,-0.4656410247931123,1.0397284305192127,1.1484868535756978,0.8084361535388619,0,1,-1.7190150468448364,0,1.4165182832801098,1.3747445650916907,True,True,False,True,False,False,0
0.6159429845665401,0.5801557742930463,-1.3894422528249364,0.3423791647576795,0.8084361535388619,1,0,-0.8662155595724641,0,0.7043421730336995,1.0413201169187054,False,True,False,True,False,False,0
-0.3388082714720201,-0.9410032061959116,-0.348369102820301,0.3659108362109717,-0.9166876736979732,0,1,0.5438762629957317,0,-0.7200100474591208,-1.1992921748037573,True,True,False,False,False,True,0
1.1348295367614096,-0.4656410247931123,-1.042417869490058,-1.2184705569895626,0.8084361535388619,1,0,-0.6812104339215845,0,-0.0078339372127105,0.5967541860213913,False,False,True,False,False,True,0
-2.2690662456369357,-0.4656410247931123,1.3867528138540912,1.2281165490773318,-0.9166876736979732,1,0,-1.4038571323558109,0,1.4165182832801098,-0.9281069569563958,True,False,True,False,False,False,0
-1.0341162514131454,-0.9410032061959116,1.7337771971889695,-1.2184705569895626,0.8084361535388619,1,0,-1.5342773281832525,0,-0.0078339372127105,-1.21707481203965,True,False,False,False,False,False,0
-0.7227843200962236,0.3900109017319265,-0.0013447194854226,1.2362329999726165,-0.9166876736979732,0,0,1.2193696160951222,0,0.7043421730336995,0.8323741293969678,False,False,False,False,True,False,0
-1.4284700310812464,-1.226220515037591,-1.3894422528249364,-1.2184705569895626,0.8084361535388619,0,0,0.3672176084249198,0,0.7043421730336995,1.2369291265135234,True,False,False,False,False,False,0
-0.2246532299891487,-0.1804237159514327,0.3456796638494558,-1.2184705569895626,0.8084361535388619,1,1,-0.3091982814008709,0,-0.0078339372127105,1.6148101677762403,True,False,False,True,False,False,0
1.1452072678053071,-1.226220515037591,0.6927040471843343,0.7622403052047245,0.8084361535388619,1,1,1.203562350920339,0,0.7043421730336995,0.2766667157753252,False,False,True,False,True,False,0
1.404650543902742,0.009721156609687,0.6927040471843343,1.5297639110329788,-0.9166876736979732,0,1,0.0062604224844368,0,0.7043421730336995,-1.283759701674247,False,False,True,True,False,False,0
0.2215892048984391,-0.6557858973542321,1.0397284305192127,0.7227139754842725,-0.9166876736979732,1,0,0.2875484077518901,0,-0.7200100474591208,-1.381564206471656,True,False,False,False,False,False,0
-2.1445334731101666,-1.321292951318151,0.3456796638494558,-1.2184705569895626,0.8084361535388619,1,0,0.3302537212225162,0,-0.0078339372127105,-0.8347481114679598,True,False,False,True,False,False,0
-0.10012045746238,0.1047935928902469,0.6927040471843343,-1.2184705569895626,0.8084361535388619,1,0,-1.559905454079995,0,0.7043421730336995,0.4945040219150091,False,False,False,False,True,False,0
-0.7539175132279158,-0.9410032061959116,1.7337771971889695,-0.0465538675375434,0.8084361535388619,1,1,0.5003501248199914,0,-1.4321861577055308,1.094668028626383,False,False,False,False,True,False,0
1.7159824752196635,-0.1804237159514327,0.3456796638494558,0.0795458036006783,0.8084361535388619,1,0,-0.3380909285141396,0,1.4165182832801098,-0.3946278398796189,False,False,False,False,True,False,0
0.1904560117667469,-0.0853512796708728,-0.348369102820301,0.696836694072684,0.8084361535388619,1,1,0.1745766049093504,0,0.7043421730336995,0.556743252240633,False,False,False,False,True,False,0
-0.3699414646037122,-1.9868000052820705,0.3456796638494558,-1.2184705569895626,0.8084361535388619,1,1,-1.2713604464938046,0,-0.0078339372127105,-0.6258021239462223,True,False,False,False,True,False,0
-1.4180923000373489,-0.1804237159514327,-1.042417869490058,0.2294499734528706,-0.9166876736979732,1,1,1.5288925107381943,1,-1.4321861577055308,-1.0881506920794288,True,True,False,False,False,True,0
-0.2557864231208409,-0.6557858973542321,-1.3894422528249364,-1.2184705569895626,-0.9166876736979732,1,0,0.1116295560025698,0,1.4165182832801098,-1.3949011843985757,False,False,False,True,False,False,0
0.0763009702838756,-0.0853512796708728,1.3867528138540912,-1.2184705569895626,0.8084361535388619,1,1,0.5629437027194649,0,-0.0078339372127105,-1.506042667122904,False,False,False,False,False,True,0
2.058447599668278,0.5801557742930463,-1.042417869490058,0.7398529391693125,-0.9166876736979732,1,1,-1.4074299192368505,0,1.4165182832801098,0.587862867403445,False,False,True,True,False,False,0
-2.57002044590996,1.4358077008180852,-0.348369102820301,0.7902052595341441,-0.9166876736979732,1,0,-0.2906291436480877,1,-0.0078339372127105,-1.128161625860187,False,True,False,False,True,False,0
0.4602770189080792,-0.7508583336347919,1.0397284305192127,0.7352211200236772,0.8084361535388619,1,0,-1.1579983129029108,0,-0.0078339372127105,1.285831378912228,False,True,False,False,False,True,0
0.1697005496789521,-0.6557858973542321,1.7337771971889695,0.2552108549709654,-0.9166876736979732,1,1,-0.9881781834965868,0,-0.7200100474591208,1.725951650500569,False,True,False,False,False,True,0
0.667831639786027,-0.9410032061959116,0.3456796638494558,-1.2184705569895626,0.8084361535388619,1,1,-0.0249095307054226,0,-0.7200100474591208,-0.2745950385373442,False,False,False,False,False,False,0
0.2527223980301313,-0.4656410247931123,1.0397284305192127,0.3883849818093459,-0.9166876736979732,0,0,-0.9457133276762836,0,-1.4321861577055308,-0.7236066287436314,False,False,False,True,False,False,0
-1.0963826376765298,0.2949384654513666,0.6927040471843343,1.008185915101571,-0.9166876736979732,1,1,-0.234481673764311,0,-0.0078339372127105,-0.6924870135808193,True,False,True,False,False,False,0
-0.7954284374035054,-0.1804237159514327,1.3867528138540912,0.9156734572474158,-0.9166876736979732,1,0,0.1867989125338801,0,-0.7200100474591208,-0.4479757515872966,False,False,True,False,True,False,0
0.2008337428106443,-1.0360756424764714,1.0397284305192127,0.7005989563798547,0.8084361535388619,1,0,0.4345167147758249,0,0.7043421730336995,-0.2301384454476127,True,True,False,False,False,False,0
-1.397336837949554,-1.0360756424764714,-1.042417869490058,0.6237956808504942,-0.9166876736979732,1,0,1.3670259136630385,0,-0.7200100474591208,1.348070609237852,True,False,False,True,False,False,0
2.058447599668278,0.1047935928902469,0.6927040471843343,0.4538740916251904,-0.9166876736979732,1,1,-1.733162580472274,0,0.7043421730336995,1.4414294547262878,False,True,False,False,True,False,0
0.3461219774252078,-1.7015826964403906,0.3456796638494558,0.3499099336579164,-0.9166876736979732,1,1,1.1220484245279143,0,-0.7200100474591208,-1.7194343139536148,False,True,False,False,False,True,0
0.481032480995874,-0.2754961522319926,0.3456796638494558,-1.2184705569895626,0.8084361535388619,0,1,-1.411785627881739,0,1.4165182832801098,0.4055908357355463,True,False,False,False,True,False,0
0.5848097914348479,0.1047935928902469,1.0397284305192127,0.1106931021984324,-0.9166876736979732,1,0,0.0114486049035437,0,-0.0078339372127105,0.4100364950445194,True,False,True,False,False,False,0
0.7404757570933088,-1.0360756424764714,-0.0013447194854226,0.2535527569007869,-0.9166876736979732,1,0,0.7485058972869272,0,-1.4321861577055308,-0.4746497074411355,False,True,False,True,False,False,0
-1.2209154102032984,-1.416365387598711,-1.3894422528249364,-1.2184705569895626,-0.9166876736979732,1,1,1.2035406175824572,0,0.7043421730336995,1.1569072589520069,True,False,False,True,False,False,0
0.0763009702838756,-0.6557858973542321,1.3867528138540912,-1.2184705569895626,0.8084361535388619,1,1,-0.126497411165555,0,-1.4321861577055308,-0.7947371776872015,False,False,False,False,True,False,0
0.3772551705569,0.1047935928902469,0.3456796638494558,-1.2184705569895626,-0.9166876736979732,1,1,-0.9135799790848064,0,-1.4321861577055308,0.049938091017695,True,False,False,True,False,False,0
0.2631001290740287,-0.3705685885125524,-1.736466636159815,-1.2184705569895626,0.8084361535388619,0,0,-0.4136968643368165,0,0.7043421730336995,1.254711763749416,False,False,True,False,False,True,0
-1.5737582656958098,-0.4656410247931123,0.3456796638494558,-1.2184705569895626,-0.9166876736979732,1,1,0.6926355709278172,0,-0.7200100474591208,-0.3723995433347533,False,False,False,False,True,False,0
0.0036568529765938,-0.8459307699153518,-1.042417869490058,1.6021303812685268,0.8084361535388619,1,1,0.9002734469152387,0,-1.4321861577055308,0.1610795737420235,True,False,False,False,False,True,0
0.958408109015154,1.6259525733792048,1.3867528138540912,-1.2184705569895626,0.8084361535388619,1,1,1.2008507258195211,0,0.7043421730336995,0.5478519336226867,True,False,False,False,False,True,0
-0.1935200368574565,0.009721156609687,-1.042417869490058,-1.2184705569895626,0.8084361535388619,0,0,1.5782878672089005,0,-1.4321861577055308,1.063548413463571,False,False,True,False,True,False,0
-0.6605179338328393,0.2949384654513666,-1.042417869490058,1.412259419375386,-0.9166876736979732,1,0,-0.9029436835255278,0,-0.0078339372127105,-1.6394124463920985,False,True,False,False,True,False,0
0.5536765983031557,-0.1804237159514327,1.7337771971889695,-1.2184705569895626,0.8084361535388619,1,1,-1.5038732578203424,1,-0.0078339372127105,1.4414294547262878,False,False,False,True,False,False,0
1.2074736540686914,-1.0360756424764714,-0.6953934861551795,0.528617393248514,0.8084361535388619,0,1,-0.8609858230113274,0,-0.0078339372127105,0.872385063177726,False,False,False,False,False,True,0
1.695227013131869,-0.0853512796708728,-1.042417869490058,-0.4437468091937597,-0.9166876736979732,1,0,1.4668360070844515,0,-0.0078339372127105,-1.6171841498472326,False,False,True,False,False,False,0
0.9791635711029488,-1.321292951318151,1.3867528138540912,-1.2184705569895626,0.8084361535388619,0,1,-0.2034730688748848,0,-0.0078339372127105,0.618982482566257,True,False,False,False,False,True,0
0.7819866812688984,-1.0360756424764714,-1.3894422528249364,-1.2184705569895626,-0.9166876736979732,1,0,-1.0444850891470634,0,0.7043421730336995,1.654821101556999,True,False,True,False,False,False,0
-1.2001599481155036,-0.3705685885125524,-0.348369102820301,0.7271906481418813,-0.9166876736979732,0,0,-0.4042899802348271,0,-0.0078339372127105,1.219146489277631,False,True,False,False,False,False,0
0.9895413021468462,0.1998660291708067,-0.0013447194854226,-1.2184705569895626,0.8084361535388619,1,1,-1.350616018280271,0,-0.0078339372127105,-1.190400856185811,True,False,False,False,False,False,0
0.2734778601179261,-1.0360756424764714,-0.0013447194854226,1.0017442137055206,-0.9166876736979732,1,1,-0.8047816725823553,0,-1.4321861577055308,-0.8836503638666644,True,False,True,False,True,False,0
-0.9510944030619662,-1.416365387598711,-1.3894422528249364,0.6401542689084531,-0.9166876736979732,1,0,-0.1859780796135644,0,-0.7200100474591208,-0.0700947103245797,True,False,False,False,False,False,0
-0.4633410439987888,-0.7508583336347919,1.0397284305192127,-1.2184705569895626,0.8084361535388619,1,1,-0.995122419616531,0,-0.7200100474591208,0.5834172080944718,True,False,False,True,False,False,0
0.1178118944594652,-0.5607134610736721,1.0397284305192127,0.7433268435560123,-0.9166876736979732,1,0,1.6661474066626565,0,0.7043421730336995,-1.537162282285716,False,False,True,False,False,True,0
-0.1104981885062774,-0.3705685885125524,-0.348369102820301,-1.2184705569895626,0.8084361535388619,0,0,0.4443144512262777,0,0.7043421730336995,0.6678847349649615,False,False,False,False,True,False,0
-0.10012045746238,-0.8459307699153518,1.0397284305192127,0.9349638175884024,-0.9166876736979732,0,0,-0.9941828439532316,0,-0.0078339372127105,1.7437342877364614,True,True,False,True,False,False,0
0.8234976054444879,0.1998660291708067,1.3867528138540912,1.2190996401338934,-0.9166876736979732,1,1,-0.2025147156076558,0,0.7043421730336995,-1.4037925030165217,False,False,False,False,True,False,0
0.034790046108286,-0.3705685885125524,-1.3894422528249364,0.0981372842510193,0.8084361535388619,1,0,-0.2022638259551499,0,-1.4321861577055308,-1.6883146987908026,False,False,True,False,False,True,0
0.5017879430836688,0.4850833380124864,-1.042417869490058,-0.2773164162237905,-0.9166876736979732,1,0,-1.4527670529915926,0,-0.0078339372127105,0.7923631956162095,False,False,False,False,True,False,0
-0.785050706359608,-0.2754961522319926,1.0397284305192127,1.4439624594178673,-0.9166876736979732,1,1,-1.3409545933250118,0,1.4165182832801098,1.121341984480222,False,True,False,False,True,False,0
1.0310522263224358,-0.4656410247931123,1.0397284305192127,0.8164483920552689,0.8084361535388619,0,0,-1.7378281195820031,0,-0.7200100474591208,1.725951650500569,False,False,True,False,False,False,0
-1.0341162514131454,-0.5607134610736721,-0.6953934861551795,1.1025263476242495,-0.9166876736979732,1,0,-0.7230498912110057,1,-0.7200100474591208,-0.2345841047565859,True,True,False,False,False,True,0
-0.7435397821840184,-0.0853512796708728,1.3867528138540912,0.6298731322359559,0.8084361535388619,1,0,0.4876997573725448,1,-0.0078339372127105,0.3300146274830028,True,True,False,True,False,False,0
-0.3595637335598148,1.0555179556958456,0.6927040471843343,-1.2184705569895626,-0.9166876736979732,1,0,1.467581199773738,1,-0.0078339372127105,-0.5279976191488132,True,False,True,False,True,False,0
0.0555455081960808,0.2949384654513666,-0.0013447194854226,-0.5544415068072387,-0.9166876736979732,1,0,0.2181733329665303,1,-0.7200100474591208,-0.016746798616902,True,False,True,True,False,False,0
-0.8473170926229924,-0.8459307699153518,1.7337771971889695,1.6022418177552826,-0.9166876736979732,1,0,-0.0588707399460977,1,-0.7200100474591208,-0.301268994391183,False,False,False,True,False,False,0
2.006558944448791,0.3900109017319265,-0.6953934861551795,1.2162179822479262,0.8084361535388619,1,0,-0.0438357906662769,0,-1.4321861577055308,-0.7280522880526045,False,True,False,False,False,False,0
-1.6152691898713996,1.9111698822208845,0.6927040471843343,0.2494185593080791,0.8084361535388619,1,0,1.0903161864203812,1,0.7043421730336995,0.0099271572369367,False,True,False,True,False,False,0
-0.442585581910994,-0.7508583336347919,1.3867528138540912,0.4440745655161441,-0.9166876736979732,1,1,0.8656270289978306,0,-0.7200100474591208,0.4945040219150091,True,True,False,False,False,True,0
1.1244518057175124,0.2949384654513666,-1.736466636159815,0.0302740649156107,0.8084361535388619,1,1,-0.0438997736130004,0,1.4165182832801098,1.6103645084672673,True,True,False,True,False,False,0
1.6329606268684846,-1.416365387598711,0.6927040471843343,0.5356671920248789,-0.9166876736979732,1,0,1.4445513378874224,0,1.4165182832801098,-0.5502259156936788,True,False,False,True,False,False,0
-2.341710362944217,-0.4656410247931123,1.3867528138540912,-1.2184705569895626,0.8084361535388619,1,0,0.1294545442662854,0,-0.7200100474591208,0.712341328054693,True,False,False,False,True,False,0
0.9687858400590514,-0.4656410247931123,0.6927040471843343,0.9101029137887776,-0.9166876736979732,1,1,-1.1932188386738003,0,-1.4321861577055308,0.5033953405329553,True,False,True,False,True,False,0
0.5121656741275662,-0.4656410247931123,-0.6953934861551795,0.4721083671003124,-0.9166876736979732,0,1,-0.4474786431399409,0,0.7043421730336995,-1.2926510202921933,False,False,False,False,False,True,0
0.0555455081960808,-0.2754961522319926,1.0397284305192127,1.795454913591732,0.8084361535388619,0,0,1.436612236492608,1,-0.0078339372127105,-0.999237505899966,True,False,True,False,False,False,0
-1.6464023830030916,-0.2754961522319926,-0.0013447194854226,1.16184818440367,0.8084361535388619,1,0,-0.7709037454924424,0,0.7043421730336995,1.3969728616365564,False,False,False,False,False,False,0
-0.4218301198231992,1.2456628282569653,0.6927040471843343,-1.2184705569895626,-0.9166876736979732,0,1,-0.4667644594427094,1,-0.7200100474591208,-1.0081288245179123,True,False,True,False,True,False,0
1.2904955024198703,-0.6557858973542321,-0.348369102820301,0.5334700039390291,0.8084361535388619,1,1,0.4535516414260875,0,-1.4321861577055308,-1.381564206471656,False,True,False,False,False,True,0
-0.6605179338328393,-0.1804237159514327,-1.042417869490058,-1.2184705569895626,0.8084361535388619,0,1,1.5193394047389368,0,-0.7200100474591208,1.254711763749416,True,False,True,False,False,False,0
0.7819866812688984,-0.0853512796708728,-1.042417869490058,-0.2213543254761036,-0.9166876736979732,1,1,-0.7154701722914021,0,0.7043421730336995,0.6678847349649615,True,False,True,False,False,False,0
-0.4010746577354044,-0.0853512796708728,1.3867528138540912,0.8031711189220483,0.8084361535388619,0,0,-1.4704140017513816,0,-0.7200100474591208,-0.1590078965040425,True,True,False,False,False,False,0
1.4669169301661262,2.291459627343124,-1.736466636159815,-1.2184705569895626,0.8084361535388619,0,1,-1.273826397943208,0,-1.4321861577055308,-0.3457255874809144,True,False,True,True,False,False,0
0.3046110532496183,0.4850833380124864,-0.6953934861551795,0.4659928095598968,0.8084361535388619,1,1,1.0975695575383535,0,-0.7200100474591208,1.4058641802545029,False,True,False,True,False,False,0
0.3668774395130026,0.8653730831347259,-0.348369102820301,-1.2184705569895626,0.8084361535388619,1,1,1.225109303696314,0,1.4165182832801098,-0.430193114351404,True,False,False,False,False,True,0
0.034790046108286,0.009721156609687,0.3456796638494558,0.296669551011327,0.8084361535388619,1,1,0.8435530862449016,0,1.4165182832801098,-1.2970966796011665,False,False,False,False,True,False,0
-1.885090197012732,0.009721156609687,-0.0013447194854226,0.6623389358170935,0.8084361535388619,0,0,-0.6385322436566347,0,0.7043421730336995,1.0768853913904903,True,True,False,False,False,False,0
-0.3284305404281227,-1.321292951318151,1.0397284305192127,1.05230211517523,-0.9166876736979732,1,1,-0.4620220712502306,1,-1.4321861577055308,1.352516268546825,False,True,False,True,False,False,0
1.3216286955515628,-0.5607134610736721,-0.6953934861551795,-1.2184705569895626,0.8084361535388619,1,0,-1.210574908439381,0,0.7043421730336995,-0.8836503638666644,True,False,True,False,False,False,0
1.311250964507665,-0.4656410247931123,0.6927040471843343,0.5357590951044736,-0.9166876736979732,0,1,0.2193418910777506,0,-0.7200100474591208,0.6723303942739347,False,False,False,False,True,False,0
0.1800782807228495,1.1505903919764056,-0.6953934861551795,0.2037460910573118,-0.9166876736979732,0,0,-0.2639386921956904,1,-0.0078339372127105,0.0232641351638562,True,False,True,False,False,False,0
1.2074736540686914,-0.9410032061959116,-1.042417869490058,0.3183393044984057,0.8084361535388619,1,1,-0.4649984953397981,0,1.4165182832801098,0.1077316620343458,True,False,False,False,False,False,0
-0.0067208780673035,-0.4656410247931123,1.3867528138540912,-1.2184705569895626,0.8084361535388619,1,0,0.6551718169541352,0,-0.0078339372127105,0.3878081984996537,False,False,False,False,False,True,0
-0.9718498651497612,-0.2754961522319926,-1.736466636159815,0.8086268635861402,0.8084361535388619,1,1,1.2506619714439309,0,0.7043421730336995,0.7212326466726392,False,True,False,False,False,True,0
0.3046110532496183,1.8160974459403243,1.0397284305192127,0.2733354551681741,-0.9166876736979732,1,1,0.6838170517489596,0,-0.7200100474591208,0.8457111073238871,False,False,False,False,False,False,0
1.0725631504980253,0.3900109017319265,0.3456796638494558,1.424119239610259,2.533559980775697,1,0,-1.4518196533266556,1,-0.7200100474591208,-0.7680632218333627,True,True,False,False,False,True,0
-0.4737187750426862,0.2949384654513666,1.7337771971889695,-1.2184705569895626,0.8084361535388619,1,0,1.347592658396081,0,-0.7200100474591208,-1.6749777208638834,True,False,True,False,True,False,0
0.325366515337413,3.242183990148723,1.0397284305192127,0.9867587281050604,0.8084361535388619,1,1,0.5699202780461771,0,0.7043421730336995,1.565907915377536,False,False,False,False,True,False,0
0.958408109015154,1.0555179556958456,-1.3894422528249364,0.7268344036260308,0.8084361535388619,0,1,0.0978900875271981,1,-0.7200100474591208,-1.492705689195985,False,True,False,True,False,False,0
-0.2246532299891487,1.530880137098645,-1.042417869490058,-1.2184705569895626,-0.9166876736979732,1,1,0.100334653372126,1,-0.0078339372127105,0.2366557819945669,True,False,False,False,False,True,0
0.0970564323716704,0.1998660291708067,-1.3894422528249364,-1.2184705569895626,0.8084361535388619,0,1,0.5367159105638921,0,-1.4321861577055308,0.2855580343932715,False,False,False,False,True,False,0
-0.1623868437257644,-0.1804237159514327,1.3867528138540912,1.2968321934924654,-0.9166876736979732,1,1,0.9233013962678204,0,-0.0078339372127105,0.1388512771971578,False,True,False,False,False,True,0
0.4187660947324896,-0.4656410247931123,-0.348369102820301,0.5379202584640015,-0.9166876736979732,1,1,-1.0872298703592824,0,-0.7200100474591208,-0.52355195983984,False,False,True,False,False,True,0
-0.2142754989452513,-0.5607134610736721,-1.042417869490058,-1.2184705569895626,0.8084361535388619,1,1,1.0056024172249665,0,-1.4321861577055308,-1.6038471719203131,True,False,True,False,False,True,0
1.010296764234641,-0.6557858973542321,0.6927040471843343,0.054773440572858,-0.9166876736979732,0,1,0.9948101632330492,0,1.4165182832801098,0.0943946841074264,False,True,False,True,False,False,0
0.0451677771521834,-0.1804237159514327,-1.042417869490058,-1.2184705569895626,0.8084361535388619,0,1,-0.566639926744471,0,-0.7200100474591208,-0.7591719032154165,True,False,False,False,False,True,0
-0.919961209930274,0.009721156609687,-0.0013447194854226,-1.2184705569895626,0.8084361535388619,1,1,-1.440094082872749,0,-1.4321861577055308,-1.2037378341127305,False,False,False,False,False,True,0
-0.7227843200962236,0.1998660291708067,-1.3894422528249364,-0.570205446716043,-0.9166876736979732,1,0,0.4885226684780956,0,0.7043421730336995,0.5656345708585793,True,False,False,True,False,False,0
0.2734778601179261,0.9604455194152858,-1.042417869490058,0.6537442366661481,-0.9166876736979732,1,0,1.6451665638718227,1,1.4165182832801098,-1.5104883264318771,True,True,False,False,False,True,0
-0.0897427264184826,-0.1804237159514327,0.3456796638494558,-1.2184705569895626,0.8084361535388619,0,0,0.7306483959497405,0,-1.4321861577055308,-0.0123011393079289,True,False,False,False,False,False,0
-3.04739607392924,1.2456628282569653,1.0397284305192127,1.0797846583917243,2.533559980775697,1,0,0.7220305189462063,1,0.7043421730336995,1.6414841236300792,False,False,True,False,False,True,0
-1.947356583276116,-0.4656410247931123,-0.0013447194854226,-0.001610219527743,-0.9166876736979732,1,1,1.0125576069472029,0,-1.4321861577055308,-0.3546169060988607,False,False,True,False,False,False,0
-1.5011141483885282,-0.5607134610736721,0.6927040471843343,-1.2184705569895626,0.8084361535388619,1,1,-0.2611526521459664,0,-0.7200100474591208,0.303340671629164,True,False,False,False,True,False,0
-0.6501402027889419,-0.0853512796708728,-0.348369102820301,-1.2184705569895626,-0.9166876736979732,1,0,-0.0860259370957564,1,1.4165182832801098,-0.7280522880526045,True,False,False,False,False,False,0
-1.013360789325351,0.3900109017319265,-1.042417869490058,0.7164112494768777,-0.9166876736979732,1,0,-1.6138251698975512,1,-0.0078339372127105,0.1744165516689429,False,True,False,True,False,False,0
-0.4633410439987888,-0.5607134610736721,1.0397284305192127,0.2433603211099892,-0.9166876736979732,0,1,0.5284379429648273,0,1.4165182832801098,-0.5635628936205983,False,False,False,False,False,False,0
-1.3454481827300673,-0.1804237159514327,-0.6953934861551795,0.3029348113033472,-0.9166876736979732,1,1,0.4985853777840016,0,-0.0078339372127105,-0.3234972909360487,False,True,False,False,False,True,0
-0.8680725547107871,1.1505903919764056,-0.348369102820301,-1.2184705569895626,2.533559980775697,1,1,-0.5884471579749164,0,-0.7200100474591208,-0.1501165778860962,True,False,False,False,False,True,0
-1.1482712928960168,0.009721156609687,1.3867528138540912,0.3844963927952065,-0.9166876736979732,1,1,1.7278318355718651,1,-0.7200100474591208,0.1255142992702384,False,True,False,True,False,False,0
0.6989648329177193,-0.1804237159514327,1.3867528138540912,0.4059355880338246,-0.9166876736979732,1,0,-1.297527211436606,1,-0.0078339372127105,1.0546570948456246,False,False,False,False,True,False,0
-1.553002803608015,0.1047935928902469,0.6927040471843343,0.6596871957400077,-0.9166876736979732,0,0,1.6664607144615586,0,-1.4321861577055308,0.2988950123201909,False,True,False,False,False,False,0
0.0763009702838756,-0.0853512796708728,1.3867528138540912,-1.2184705569895626,0.8084361535388619,1,1,-1.1254431636898266,0,-0.0078339372127105,0.0099271572369367,False,False,True,True,False,False,0
2.058447599668278,-0.0853512796708728,-1.3894422528249364,-1.2184705569895626,0.8084361535388619,1,1,-0.3551164776772167,0,-0.7200100474591208,-0.5635628936205983,True,False,False,False,True,False,0
0.1593228186350548,-0.0853512796708728,-1.3894422528249364,0.1777258315096989,-0.9166876736979732,1,1,-0.3923194315963184,0,1.4165182832801098,1.5481252781416432,True,False,True,False,True,False,0
-1.2105376791594011,-0.9410032061959116,-0.0013447194854226,-1.2184705569895626,0.8084361535388619,0,1,-0.8297221556685223,0,-0.7200100474591208,-1.3993468437075487,False,False,False,False,False,True,0
-1.0444939824570427,-0.3705685885125524,0.6927040471843343,0.8584317682207729,0.8084361535388619,0,0,-0.2346172897926925,0,-0.7200100474591208,1.4903317071249924,True,False,False,False,False,False,0
1.747115668351356,-0.9410032061959116,-0.6953934861551795,0.0999518096883826,-0.9166876736979732,0,1,0.2704338388368501,0,-0.7200100474591208,0.9301786341943769,False,False,False,True,False,False,0
0.3357442463813104,0.009721156609687,-0.348369102820301,1.0186473355155723,-0.9166876736979732,1,1,0.3508772679385756,0,-0.7200100474591208,-1.568281897448528,False,False,True,False,False,True,0
-0.9822275961936584,-0.2754961522319926,-1.3894422528249364,0.5925366255461947,-0.9166876736979732,1,0,-0.0350896000358894,0,-0.0078339372127105,-0.4213017957334578,True,False,True,False,False,False,0
-0.442585581910994,-0.0853512796708728,0.3456796638494558,1.0351091944556543,0.8084361535388619,0,1,1.2344339488477591,0,-0.7200100474591208,0.7034500094367466,True,True,False,False,True,False,0
-1.521869610476323,-1.226220515037591,1.0397284305192127,0.5903320724051858,-0.9166876736979732,1,0,0.7751035039198938,0,-0.7200100474591208,-0.0700947103245797,True,False,False,False,True,False,0
1.300873233463768,0.4850833380124864,-0.6953934861551795,0.7773887826780549,0.8084361535388619,0,1,-0.3588433104571615,0,0.7043421730336995,-1.0436940989896974,True,True,False,True,False,False,0
-0.4633410439987888,-1.416365387598711,-1.042417869490058,0.5344692497922526,0.8084361535388619,0,1,0.4716913284223291,0,-0.0078339372127105,-1.541607941594689,False,True,False,True,False,False,0
-0.0274763401550982,-0.6557858973542321,0.6927040471843343,-1.2184705569895626,-0.9166876736979732,1,0,-1.245476214943465,0,0.7043421730336995,-0.3101603130091293,False,False,True,False,True,False,0
0.5225434051714636,-0.1804237159514327,1.7337771971889695,1.1915964427409735,-0.9166876736979732,1,1,-0.0991526993095685,0,0.7043421730336995,-0.2923776757732367,True,False,False,False,False,False,0
-0.6916511269645315,0.009721156609687,0.6927040471843343,1.4331159747069575,0.8084361535388619,0,0,0.5463017035033236,0,-1.4321861577055308,0.8190371514700483,False,True,False,True,False,False,0
-1.8228238107493475,-0.1804237159514327,-0.348369102820301,-1.2184705569895626,-0.9166876736979732,1,1,-0.7764095823780277,1,-1.4321861577055308,0.1877535295958624,True,False,False,False,True,False,0
-1.2001599481155036,0.1998660291708067,1.3867528138540912,-1.2184705569895626,-0.9166876736979732,1,0,0.3628224320384385,0,-0.0078339372127105,0.3477972647188954,False,False,False,True,False,False,0
0.086678701327773,-0.4656410247931123,1.0397284305192127,0.4864862356501425,0.8084361535388619,0,1,1.42277505493012,0,1.4165182832801098,-1.2659770644383543,True,False,False,False,False,True,0
-1.1067603687204273,-1.226220515037591,-1.3894422528249364,-1.2184705569895626,0.8084361535388619,1,1,1.7248840994883012,0,1.4165182832801098,1.312505334766067,False,False,False,False,True,False,0
-0.6812733959206341,-1.1311480787570314,-0.0013447194854226,0.8666694223063939,0.8084361535388619,1,1,1.5995018652485289,0,-0.0078339372127105,-1.3726728878537098,True,False,False,False,True,False,0
0.1593228186350548,-1.0360756424764714,0.3456796638494558,1.4361210773217878,-0.9166876736979732,1,0,0.8112552597523361,0,1.4165182832801098,-0.901433001102557,True,False,False,False,False,False,0
0.0140345840204912,-0.3705685885125524,0.3456796638494558,0.6494188678590919,0.8084361535388619,1,1,-1.331246572093334,0,-0.7200100474591208,-1.5327166229767428,True,False,True,False,False,False,0
0.3564997084691052,-0.0853512796708728,0.6927040471843343,0.5665126834710023,-0.9166876736979732,1,1,-0.4234539159787552,0,0.7043421730336995,0.7879175363072363,True,False,True,False,False,False,0
-1.3558259137739646,-0.3705685885125524,0.3456796638494558,0.3253705305269779,-0.9166876736979732,1,0,-1.563806675163102,0,0.7043421730336995,-1.4526947554152263,True,False,False,False,True,False,0
0.8131198744005905,-0.3705685885125524,-1.736466636159815,1.2707667829545288,-0.9166876736979732,1,1,-0.8121836997314386,0,0.7043421730336995,-0.4746497074411355,False,False,False,True,False,False,0
-1.376581375861759,-0.0853512796708728,-1.3894422528249364,0.6090500398723905,-0.9166876736979732,1,1,-0.6857838236786954,1,1.4165182832801098,0.6278738011842032,True,True,False,True,False,False,0
0.7923644123127958,0.2949384654513666,1.0397284305192127,-1.2184705569895626,0.8084361535388619,0,1,-1.018999186213419,0,1.4165182832801098,0.7923631956162095,True,False,True,False,False,False,0
-1.5114918794324257,-0.2754961522319926,-0.0013447194854226,-1.2184705569895626,0.8084361535388619,1,0,1.1096531195338473,0,0.7043421730336995,-1.3682272285447366,True,False,False,True,False,False,0
-0.5359851613060705,-0.8459307699153518,-1.042417869490058,0.6989254877597786,-0.9166876736979732,1,1,-1.3662163820784208,0,-1.4321861577055308,1.348070609237852,True,True,False,False,False,False,0
-2.4869985975587805,-0.9410032061959116,-0.0013447194854226,-1.2184705569895626,0.8084361535388619,0,0,-1.528649263005421,0,-1.4321861577055308,-1.2437487678934886,True,False,False,False,False,True,0
1.5706942406051003,2.481604499904244,-1.042417869490058,1.2097484217301868,0.8084361535388619,0,1,-1.6256731425104074,0,1.4165182832801098,-1.2704227237473276,False,False,False,False,True,False,0
-0.6916511269645315,0.009721156609687,0.6927040471843343,-1.2184705569895626,0.8084361535388619,1,0,-1.7044158075228668,0,1.4165182832801098,-0.0256381172348483,False,False,False,False,True,False,0
-0.6293847407011471,-0.9410032061959116,0.3456796638494558,-1.2184705569895626,0.8084361535388619,1,1,0.143498453338703,0,-0.0078339372127105,-0.1278882813412305,True,False,False,False,False,True,0
1.5084278543417158,-1.416365387598711,-0.0013447194854226,-1.2184705569895626,0.8084361535388619,1,0,1.422687252245078,0,-0.0078339372127105,0.4456017695163045,True,False,False,False,False,False,0
-0.4737187750426862,-0.1804237159514327,1.0397284305192127,1.2586309332610826,0.8084361535388619,1,0,-0.1970276563260004,0,1.4165182832801098,-0.1323339406502037,True,False,True,False,False,False,0
-0.7539175132279158,0.5801557742930463,-1.042417869490058,-1.2184705569895626,0.8084361535388619,0,0,-1.5459688207633608,0,-0.7200100474591208,-0.6924870135808193,False,False,False,False,False,True,0
2.058447599668278,-0.6557858973542321,-0.348369102820301,-1.2184705569895626,-0.9166876736979732,1,1,1.3942497881604026,0,-0.7200100474591208,0.9390699528123232,True,False,False,True,False,False,0
-1.5114918794324257,-0.6557858973542321,-0.6953934861551795,-1.2184705569895626,-0.9166876736979732,1,1,-0.3409225216400638,0,-0.0078339372127105,0.0543837503266681,False,False,False,False,True,False,0
0.7612312191811036,0.1998660291708067,0.6927040471843343,0.6064653858412112,-0.9166876736979732,1,1,0.2829325945192342,0,0.7043421730336995,-1.6305211277741518,True,False,False,False,False,False,0
-1.252048603334991,2.956966681307043,-1.3894422528249364,-1.2184705569895626,0.8084361535388619,0,0,-0.016136564602765,0,-0.7200100474591208,1.668158079483918,True,False,True,False,True,False,0
0.6574539087421296,-0.0853512796708728,-0.0013447194854226,0.6802792495254283,-0.9166876736979732,1,1,-1.647336933710834,1,0.7043421730336995,0.8057001735431288,False,False,False,True,False,False,0
0.2423446669862339,0.2949384654513666,-1.042417869490058,0.2644134913923306,0.8084361535388619,1,0,-1.597210989353898,0,-1.4321861577055308,1.570353574686509,True,True,False,False,False,False,0
-0.7124065890523262,-0.0853512796708728,1.7337771971889695,-1.2184705569895626,0.8084361535388619,0,1,0.2289189906820292,0,0.7043421730336995,0.3744712205727343,False,False,False,False,False,True,0
0.927274915883462,-1.321292951318151,-0.348369102820301,-1.2184705569895626,0.8084361535388619,1,1,-0.4617489266597341,0,1.4165182832801098,-1.6571950836279907,True,False,True,False,False,True,0
-1.0963826376765298,3.3372564264292826,1.0397284305192127,0.6210118501102282,0.8084361535388619,1,1,-0.5859074870434184,1,-1.4321861577055308,-0.1990188302848008,False,True,False,False,True,False,0
-0.8992057478424793,0.770300646854166,1.7337771971889695,1.019163209596503,-0.9166876736979732,1,0,1.137404679474978,1,0.7043421730336995,-1.6571950836279907,False,True,False,True,False,False,0
0.3046110532496183,0.6752282105736062,-1.736466636159815,0.4782047114533561,-0.9166876736979732,1,0,-1.6458175125928522,0,0.7043421730336995,-0.9814548686640736,True,False,False,True,False,False,0
-1.3869591069056568,0.1047935928902469,-0.348369102820301,-1.2184705569895626,0.8084361535388619,0,1,1.6340912548873348,0,-1.4321861577055308,-0.5724542122385445,True,False,False,False,True,False,0
1.5084278543417158,-0.6557858973542321,1.7337771971889695,0.6081367730326553,-0.9166876736979732,0,1,0.4407694830177264,0,-1.4321861577055308,-0.2834863571552904,True,False,False,False,False,True,0
0.7404757570933088,0.9604455194152858,-0.348369102820301,-1.2184705569895626,0.8084361535388619,0,1,-0.181847876082536,0,-1.4321861577055308,1.2413747858224966,False,False,False,False,True,False,0
0.3357442463813104,-0.9410032061959116,1.0397284305192127,0.8192440709277475,-0.9166876736979732,0,1,-0.3640121936722298,0,0.7043421730336995,0.6011998453303644,True,True,False,False,True,False,0
-1.8020683486615523,-0.6557858973542321,0.3456796638494558,-0.0786924064937828,-0.9166876736979732,1,1,0.1766890853514466,0,-0.0078339372127105,-1.5949558533023669,False,False,False,True,False,False,0
1.37351735077105,0.2949384654513666,-1.042417869490058,0.527560507833175,0.8084361535388619,1,0,-1.634724990804762,0,1.4165182832801098,1.6814950574108374,False,False,True,True,False,False,0
-1.3558259137739646,1.2456628282569653,-0.0013447194854226,0.6467666474523218,2.533559980775697,0,0,-0.8108828290591946,1,-0.0078339372127105,0.1788622109779161,True,True,False,False,False,True,0
2.058447599668278,-0.4656410247931123,0.3456796638494558,-1.2184705569895626,-0.9166876736979732,0,1,-0.8282136881528329,0,-0.0078339372127105,0.996863523828974,True,False,False,True,False,False,0
-1.656780114046989,-1.0360756424764714,1.3867528138540912,-1.2184705569895626,0.8084361535388619,1,0,-0.0777914361724545,0,0.7043421730336995,1.6592667608659717,False,False,False,True,False,False,0
0.3564997084691052,-0.0853512796708728,-1.736466636159815,0.9931488741149964,-0.9166876736979732,0,1,0.2694335836941852,0,0.7043421730336995,-0.9859005279730466,True,False,False,False,True,False,0
0.8338753364883853,2.671749372465364,-1.3894422528249364,-1.2184705569895626,0.8084361535388619,1,1,1.34488937889701,0,1.4165182832801098,-0.8880960231756375,False,False,True,False,False,False,0
-0.442585581910994,0.3900109017319265,0.3456796638494558,0.1593314461398127,0.8084361535388619,1,1,0.2233347399133671,1,1.4165182832801098,-0.3457255874809144,False,False,True,False,True,False,0
0.5951875224787453,-0.6557858973542321,-0.348369102820301,1.140074839814679,-0.9166876736979732,0,1,-1.035719425445934,0,0.7043421730336995,-0.2256927861386396,True,False,False,False,True,False,0
0.9480303779712568,-0.6557858973542321,1.3867528138540912,-1.2184705569895626,0.8084361535388619,1,0,1.3008965824902752,0,0.7043421730336995,-1.0792593734614826,True,False,False,False,False,False,0
-0.10012045746238,0.8653730831347259,1.3867528138540912,0.6759060078598375,4.258683808012532,0,0,-0.3777829581541511,1,-1.4321861577055308,1.3569619278557985,True,False,False,False,False,False,0
-0.5982515475694549,-0.9410032061959116,-0.6953934861551795,0.8762507186288764,-0.9166876736979732,1,0,-0.6847350597258787,0,0.7043421730336995,1.1835812148058458,False,True,False,True,False,False,0
-0.5982515475694549,-0.7508583336347919,1.3867528138540912,-1.2184705569895626,-0.9166876736979732,0,1,-1.646729443450366,0,1.4165182832801098,-1.0748137141525094,False,False,False,True,False,False,0
0.086678701327773,-1.511437823879271,0.3456796638494558,1.4404821506353769,0.8084361535388619,0,0,-0.1727638624481163,0,0.7043421730336995,-1.3059879982191127,False,True,False,True,False,False,0
1.248984578244281,-1.511437823879271,-1.042417869490058,-1.2184705569895626,0.8084361535388619,1,0,-1.426873606505991,0,-0.0078339372127105,-0.8880960231756375,True,False,False,True,False,False,0
1.8820261719220224,0.770300646854166,-1.042417869490058,-1.2184705569895626,0.8084361535388619,1,1,1.422516167409274,0,1.4165182832801098,-0.839193770776933,True,False,False,False,False,True,0
0.6574539087421296,-0.7508583336347919,-0.6953934861551795,0.5520453134899987,-0.9166876736979732,1,1,-0.099383072691114,0,-0.7200100474591208,1.5881362119224016,False,False,False,False,True,False,0
-1.0548717135009402,-0.2754961522319926,-1.042417869490058,0.6048165741449288,0.8084361535388619,1,0,1.2951438548863543,0,1.4165182832801098,1.6592667608659717,True,True,False,False,False,False,0
0.2008337428106443,0.5801557742930463,-1.042417869490058,0.4847280688957363,-0.9166876736979732,0,1,1.005529045476278,0,-0.0078339372127105,-1.6127384905382594,True,False,False,False,False,False,0
-0.2869196162525331,-0.2754961522319926,0.3456796638494558,-1.2184705569895626,0.8084361535388619,0,0,-0.274633754700601,0,1.4165182832801098,0.9168416562674574,True,False,False,False,False,False,0
-1.314314989598375,1.1505903919764056,1.7337771971889695,-1.2184705569895626,2.533559980775697,1,0,1.2277433842475696,1,-0.7200100474591208,-1.6216298091562056,True,False,False,False,True,False,0
-0.3284305404281227,-0.9410032061959116,-1.3894422528249364,1.002897965607192,0.8084361535388619,0,0,0.94356277864142,0,-0.7200100474591208,-1.492705689195985,False,False,False,False,False,True,0
-0.6605179338328393,0.9604455194152858,0.3456796638494558,0.9049670686944248,2.533559980775697,1,0,-1.1151523412695146,1,-0.0078339372127105,1.565907915377536,True,True,False,False,True,False,0
0.958408109015154,0.009721156609687,0.3456796638494558,-1.2184705569895626,-0.9166876736979732,0,0,-1.560778960396134,0,0.7043421730336995,-0.0612033917066334,False,False,False,False,False,False,0
1.1036963436297176,0.1047935928902469,-0.0013447194854226,0.2785540770781203,0.8084361535388619,0,0,0.3961991014234489,0,-1.4321861577055308,0.8279284700879945,False,False,True,False,False,False,0
1.062185419454128,0.009721156609687,1.0397284305192127,0.8533814218102239,-0.9166876736979732,1,1,-0.2216167548052969,0,-0.7200100474591208,-0.0700947103245797,False,True,False,True,False,False,0
-0.0274763401550982,-0.5607134610736721,-1.042417869490058,-1.2184705569895626,0.8084361535388619,1,0,-1.7112014772096265,0,-0.0078339372127105,0.5033953405329553,True,False,False,False,False,False,0
-1.023738520369248,-0.7508583336347919,-0.348369102820301,-1.2184705569895626,0.8084361535388619,1,1,-0.197232471302197,0,-0.7200100474591208,-0.9503352535012616,False,False,False,False,False,False,0
-0.0067208780673035,-0.3705685885125524,-1.736466636159815,1.6926789311535038,0.8084361535388619,0,1,-1.1041860467078413,1,1.4165182832801098,-0.301268994391183,True,False,False,False,True,False,0
-0.4840965060865836,1.7210250096597648,-1.042417869490058,-1.2184705569895626,2.533559980775697,1,0,-0.5872963342674073,1,-0.0078339372127105,-0.4657583888231892,False,False,True,False,True,False,0
0.958408109015154,0.6752282105736062,-1.3894422528249364,-1.2184705569895626,2.533559980775697,1,1,1.3387788336182058,1,0.7043421730336995,1.063548413463571,False,False,True,False,True,False,0
-1.252048603334991,0.2949384654513666,0.3456796638494558,0.1956890409329849,0.8084361535388619,1,0,-0.4378405163228908,0,-1.4321861577055308,-1.2793140423652738,False,True,False,False,False,False,0
0.4498992878641817,-0.7508583336347919,-0.0013447194854226,-1.2184705569895626,0.8084361535388619,0,1,-1.5027718122565004,0,-0.0078339372127105,-0.1056599847963648,False,False,True,True,False,False,0
0.6885871018738219,0.9604455194152858,1.7337771971889695,-1.2184705569895626,-0.9166876736979732,1,0,1.4612354128457028,1,-0.7200100474591208,0.3789168798817074,False,False,False,False,True,False,0
0.2112114738545417,0.3900109017319265,-0.0013447194854226,-1.2184705569895626,-0.9166876736979732,0,0,-0.6363208330605014,0,0.7043421730336995,-1.21707481203965,True,False,False,True,False,False,0
0.6366984466543348,0.6752282105736062,-0.0013447194854226,-1.2184705569895626,-0.9166876736979732,1,1,-0.7777000210480883,0,1.4165182832801098,1.5747992339954822,True,False,False,True,False,False,0
-0.10012045746238,-1.321292951318151,0.6927040471843343,-1.2184705569895626,0.8084361535388619,1,0,0.0287313029204363,0,-0.0078339372127105,1.3258423126929864,True,False,False,False,False,True,0
0.719720295005514,-0.1804237159514327,-1.3894422528249364,-1.2184705569895626,0.8084361535388619,1,0,-0.5150016898043783,0,1.4165182832801098,-0.8303024521589867,False,False,False,False,False,False,0
-0.8058061684474028,-0.2754961522319926,-0.6953934861551795,-1.2184705569895626,0.8084361535388619,1,1,-1.597341737114594,0,1.4165182832801098,0.1655252330509967,True,False,True,False,False,False,0
0.0036568529765938,0.2949384654513666,-0.6953934861551795,0.1183200971454225,0.8084361535388619,1,0,-1.0869654191039386,0,-1.4321861577055308,-1.1726182189499186,False,False,True,False,True,False,0
1.311250964507665,0.1998660291708067,0.6927040471843343,1.0183657022106825,-0.9166876736979732,1,0,-0.6449428828649086,0,-1.4321861577055308,-0.8436394300859061,True,True,False,True,False,False,0
-0.0897427264184826,-1.0360756424764714,1.3867528138540912,1.3570272696379295,0.8084361535388619,1,0,-1.2741303169401448,0,0.7043421730336995,-1.1459442630960797,True,True,False,False,False,False,0
0.5536765983031557,-0.5607134610736721,-0.6953934861551795,1.0939639906720469,0.8084361535388619,1,0,0.2332230609161108,0,0.7043421730336995,-1.1103789886242943,True,False,False,False,True,False,0
0.3149887842935157,1.0555179556958456,0.3456796638494558,0.7319696082808047,0.8084361535388619,0,1,0.4124132146833766,0,-1.4321861577055308,0.9168416562674574,True,False,False,False,False,True,0
-1.7398019623981682,1.4358077008180852,-0.6953934861551795,0.9332160579771558,-0.9166876736979732,0,0,-0.877618259558801,1,-0.0078339372127105,0.4989496812239822,True,True,False,True,False,False,0
0.0763009702838756,-0.6557858973542321,-0.6953934861551795,0.50421760594581,0.8084361535388619,1,1,0.0345221073323256,0,-0.0078339372127105,0.3389059461009491,True,False,True,False,False,False,0
1.539561047473408,-0.0853512796708728,1.3867528138540912,-1.2184705569895626,-0.9166876736979732,1,0,-0.3770629761368078,0,-0.7200100474591208,-1.1414986037871064,True,False,True,False,False,False,0
-0.2038977679013539,2.006242318501444,-1.042417869490058,-1.2184705569895626,0.8084361535388619,0,1,-1.7099089521391289,0,0.7043421730336995,-1.1414986037871064,True,False,False,False,False,True,0
0.771608950225001,-0.8459307699153518,-0.0013447194854226,0.5647585194639652,0.8084361535388619,1,0,-1.6991506021543072,0,0.7043421730336995,0.0677207282535876,True,True,False,False,True,False,0
-1.5011141483885282,-0.7508583336347919,-1.736466636159815,0.4937779604774963,-0.9166876736979732,0,1,-0.9811329308221688,0,-0.7200100474591208,0.93462429350335,False,False,False,False,True,False,0
1.3942728128588446,-0.6557858973542321,0.3456796638494558,0.6149893164186705,-0.9166876736979732,1,0,-1.471514404115005,0,-0.0078339372127105,-1.6794233801728564,False,False,True,False,False,False,0
0.3876329016007974,-0.0853512796708728,0.3456796638494558,0.7191962009864072,-0.9166876736979732,1,1,-1.5343586978002814,0,-0.0078339372127105,1.508114344360885,False,False,True,False,False,True,0
0.3980106326446948,-0.0853512796708728,-1.3894422528249364,0.2938634649956888,0.8084361535388619,0,1,-0.789307362143919,0,-0.0078339372127105,-1.6305211277741518,True,False,False,True,False,False,0
-1.366203644817862,0.5801557742930463,0.6927040471843343,0.4950740500756128,-0.9166876736979732,1,0,-1.1740759408009416,0,-0.0078339372127105,-0.6124651460193028,True,False,True,True,False,False,0
1.09331861258582,-0.4656410247931123,1.3867528138540912,0.4124306060248314,0.8084361535388619,0,0,1.5053495682111684,0,1.4165182832801098,1.31695099407504,False,True,False,False,True,False,0
0.6885871018738219,-1.226220515037591,0.6927040471843343,1.1435831678287531,-0.9166876736979732,0,0,-0.8577145209933819,0,0.7043421730336995,1.5481252781416432,True,True,False,False,True,False,0
1.0310522263224358,-0.5607134610736721,-0.348369102820301,0.0509064663945117,-0.9166876736979732,1,0,0.2975984247884732,0,0.7043421730336995,-0.0345294358527946,True,False,True,True,False,False,0
-0.0793649953745852,-0.1804237159514327,1.0397284305192127,-1.2184705569895626,0.8084361535388619,1,0,-1.381586720228431,0,-0.0078339372127105,1.348070609237852,False,False,False,True,False,False,0
-1.7916906176176552,0.8653730831347259,-0.0013447194854226,0.1756099792503891,-0.9166876736979732,0,1,-0.2570598299560943,0,-0.0078339372127105,-0.3723995433347533,True,False,True,False,False,True,0
0.0451677771521834,0.3900109017319265,0.6927040471843343,0.9417297415213508,-0.9166876736979732,1,0,1.6388790222893108,0,-1.4321861577055308,-0.8258567928500136,True,False,False,False,False,False,0
0.8234976054444879,-0.5607134610736721,-1.3894422528249364,-1.2184705569895626,-0.9166876736979732,1,0,0.5267408300763251,0,-1.4321861577055308,-0.6435847611821148,True,False,True,True,False,False,0
0.5744320603909505,0.2949384654513666,-1.042417869490058,-0.9479874652805148,-0.9166876736979732,1,1,-0.3986542649220613,0,-0.0078339372127105,1.1035593472443292,True,False,False,True,False,False,0
1.1140740746736149,0.4850833380124864,-1.042417869490058,0.5602796052678297,0.8084361535388619,1,0,-0.0051045484273375,0,0.7043421730336995,0.7879175363072363,True,False,False,False,False,False,0
1.9650480202732008,-0.2754961522319926,-0.0013447194854226,1.2795849955185652,-0.9166876736979732,0,0,0.3865350684676438,0,0.7043421730336995,-1.6216298091562056,False,False,False,False,False,False,0
1.0829408815419228,2.671749372465364,-0.348369102820301,-1.2184705569895626,2.533559980775697,1,1,-0.127781938367712,0,-1.4321861577055308,-0.0612033917066334,True,False,False,True,False,False,0
-1.6671578450908864,1.7210250096597648,-0.348369102820301,0.5754762758194844,-0.9166876736979732,1,1,-1.029318001172922,1,-0.7200100474591208,-0.1990188302848008,False,True,False,False,False,False,0
-0.442585581910994,-0.5607134610736721,0.3456796638494558,0.2885905658314175,-0.9166876736979732,0,0,-0.1167189739191408,0,-1.4321861577055308,1.748179947045435,True,True,False,False,True,False,0
1.300873233463768,-0.6557858973542321,-1.042417869490058,-1.2184705569895626,-0.9166876736979732,1,0,0.6263878365302747,1,1.4165182832801098,1.379190224400664,False,False,False,False,False,True,0
-0.1727645747696618,1.0555179556958456,0.6927040471843343,1.334539995028185,0.8084361535388619,0,0,-0.7975352561325048,1,-0.0078339372127105,1.7348429691185152,True,False,True,False,False,True,0
-0.7954284374035054,-0.2754961522319926,0.6927040471843343,-1.2184705569895626,-0.9166876736979732,1,1,-0.7747903617724934,1,0.7043421730336995,0.365579901954788,True,False,False,True,False,False,0
-0.1104981885062774,3.622473735270962,1.3867528138540912,-1.2184705569895626,2.533559980775697,1,1,-0.3289076369922767,0,0.7043421730336995,1.063548413463571,True,False,False,False,True,False,0
0.5848097914348479,0.1998660291708067,-0.0013447194854226,-1.2184705569895626,-0.9166876736979732,0,1,0.9836108872892844,0,-0.0078339372127105,-1.5593905788305815,False,False,True,False,False,True,0
-1.376581375861759,0.009721156609687,-1.3894422528249364,0.3458034350770028,-0.9166876736979732,1,1,-1.2122379434540849,0,-0.0078339372127105,1.570353574686509,True,False,False,False,False,True,0
-0.494474237130481,0.770300646854166,-0.348369102820301,0.6853577752774557,-0.9166876736979732,0,1,-0.9154801682824744,1,-0.0078339372127105,0.8946133597225917,False,True,False,False,True,False,0
-0.1104981885062774,0.1998660291708067,0.3456796638494558,-1.2184705569895626,0.8084361535388619,1,0,-0.609133296704075,0,1.4165182832801098,-1.692760358099776,True,False,False,False,False,True,0
-1.6152691898713996,1.530880137098645,-0.348369102820301,0.7875868223151694,-0.9166876736979732,1,1,-1.1979125441894238,1,-1.4321861577055308,0.5300692963867942,False,True,False,False,False,False,0
-1.5322473415202202,0.3900109017319265,-0.0013447194854226,0.938853207152016,0.8084361535388619,1,0,1.4083136919036716,0,-1.4321861577055308,0.1477425958151041,True,True,False,False,False,True,0
0.8234976054444879,0.1998660291708067,-0.348369102820301,-1.2184705569895626,0.8084361535388619,1,0,-1.358455667920939,0,-1.4321861577055308,1.605918849158294,True,False,True,True,False,False,0
0.4706547499519766,-0.8459307699153518,-1.3894422528249364,-1.2184705569895626,0.8084361535388619,0,0,-1.7333727853162653,0,1.4165182832801098,-0.6080194867103297,True,False,True,False,False,True,0
-1.0860049066326325,-0.8459307699153518,0.3456796638494558,-1.2184705569895626,0.8084361535388619,1,1,-1.4250015837142174,0,1.4165182832801098,-0.6613673984180074,True,False,False,False,True,False,0
0.958408109015154,0.770300646854166,1.3867528138540912,-1.2184705569895626,0.8084361535388619,1,0,0.2213650040344775,0,-0.7200100474591208,0.6056455046393375,True,False,False,False,True,False,0
0.6263207156104375,-1.416365387598711,-1.042417869490058,-1.2184705569895626,-0.9166876736979732,0,1,0.361663958195995,0,1.4165182832801098,-1.5238253043587966,True,False,False,True,False,False,0
0.6989648329177193,1.4358077008180852,0.6927040471843343,-1.2184705569895626,0.8084361535388619,1,1,0.4278899592556558,0,0.7043421730336995,0.0543837503266681,False,False,False,False,False,False,0
-1.85395700388104,-1.321292951318151,0.3456796638494558,0.553408329024127,0.8084361535388619,0,0,-0.9331924909226116,0,-0.0078339372127105,-0.7324979473615776,False,False,False,False,False,True,0
0.3772551705569,0.009721156609687,-1.736466636159815,-1.2184705569895626,0.8084361535388619,1,0,-0.8208097484700161,1,1.4165182832801098,0.7034500094367466,False,False,False,True,False,False,0
-1.85395700388104,0.1047935928902469,1.0397284305192127,1.2244261761129105,0.8084361535388619,1,0,-0.4756577413038797,0,0.7043421730336995,-1.3193249761460322,True,True,False,False,False,False,0
0.1074341634155678,-0.9410032061959116,1.7337771971889695,-1.2184705569895626,0.8084361535388619,1,0,0.6446459267512956,0,-1.4321861577055308,1.4547664326532073,False,False,False,False,False,True,0
-1.9888675074517057,0.6752282105736062,-0.348369102820301,0.8238907802935957,0.8084361535388619,1,1,0.461115538475713,0,1.4165182832801098,-1.4215751402524144,True,True,False,False,False,True,0
0.719720295005514,0.1047935928902469,0.3456796638494558,0.3870455024297483,-0.9166876736979732,1,0,0.6630092063276639,1,1.4165182832801098,1.254711763749416,True,True,False,True,False,False,0
-0.3699414646037122,-0.7508583336347919,-0.6953934861551795,0.2907879140271622,0.8084361535388619,1,0,1.1903570009567466,0,1.4165182832801098,-0.4790953667501086,True,False,False,False,False,True,0
-1.127515830808222,-0.6557858973542321,0.6927040471843343,1.139257478801907,-0.9166876736979732,1,0,0.2145629908776308,0,-0.0078339372127105,1.445875114035261,False,False,False,False,False,False,0
-1.7190465003103734,2.196387191062564,1.3867528138540912,0.6765403632628934,0.8084361535388619,1,0,1.1754004655600023,1,-0.7200100474591208,-1.3682272285447366,True,True,False,False,True,False,0
-0.4114523887793018,-0.6557858973542321,-0.6953934861551795,0.7251742241272202,-0.9166876736979732,1,0,1.106663829308254,0,-1.4321861577055308,-0.0834316882514991,True,False,False,False,True,False,0
-1.843579272837142,-0.1804237159514327,-0.0013447194854226,1.066114635686647,0.8084361535388619,1,1,0.1829432445269728,0,0.7043421730336995,0.9568525900482155,False,True,False,False,False,False,0
-0.0378540711989956,-0.5607134610736721,-0.0013447194854226,1.0016811304069837,-0.9166876736979732,1,0,-1.2406262032617963,0,-1.4321861577055308,-0.90587866041153,True,True,False,False,True,False,0
-0.3180528093842253,0.1998660291708067,-0.0013447194854226,0.4567860102812678,-0.9166876736979732,1,1,-0.084848164049274,0,-1.4321861577055308,0.3255689681740297,True,False,True,False,True,False,0
-0.1935200368574565,0.009721156609687,1.3867528138540912,0.8499755641287986,0.8084361535388619,0,0,1.2269345563449658,0,-1.4321861577055308,0.6678847349649615,False,False,False,True,False,False,0
0.7819866812688984,1.7210250096597648,-1.3894422528249364,0.5376102857077378,-0.9166876736979732,0,1,-1.7330671276522978,0,1.4165182832801098,1.0413201169187054,False,False,True,False,False,True,0
0.2631001290740287,0.1047935928902469,0.6927040471843343,0.3075816807790902,-0.9166876736979732,1,1,-0.6517661077595278,0,-1.4321861577055308,1.6503754422480257,True,False,True,False,False,False,0
0.9791635711029488,-0.3705685885125524,-1.042417869490058,1.5398068041820667,-0.9166876736979732,1,0,-1.3571394969788264,0,-0.0078339372127105,1.5258969815967776,True,False,False,False,True,False,0
1.1970959230247942,3.622473735270962,1.0397284305192127,1.1685069948170208,-0.9166876736979732,1,1,1.5598545193512017,0,1.4165182832801098,-0.9947918465909928,True,False,True,True,False,False,0
0.7508534881372062,-1.0360756424764714,-0.0013447194854226,0.3443960691020248,-0.9166876736979732,1,1,-0.068384378203762,0,-0.7200100474591208,1.2947226975301742,True,False,False,False,False,False,0
-0.733162051140121,0.1998660291708067,-1.042417869490058,0.8295545077109866,0.8084361535388619,1,1,-0.9775714452768276,0,-0.7200100474591208,-0.4613127295142161,True,True,False,False,False,True,0
0.9168971848395644,0.1047935928902469,-0.348369102820301,0.6118862265482445,0.8084361535388619,1,0,0.5025165039400341,1,1.4165182832801098,-1.350444591308844,True,True,False,False,True,False,0
-0.9303389409741716,-0.7508583336347919,-0.348369102820301,0.8187237137697637,0.8084361535388619,0,1,0.7456470070886237,0,0.7043421730336995,1.4725490698891,True,True,False,False,False,False,0
0.6782093708299244,0.9604455194152858,-1.3894422528249364,0.5565778645008802,0.8084361535388619,1,1,0.4190467510049647,1,-1.4321861577055308,1.059102754154598,False,False,True,False,True,False,0
-1.7813128865737575,0.4850833380124864,1.7337771971889695,0.8566908933350013,-0.9166876736979732,1,0,-1.6510136928802996,1,-1.4321861577055308,0.747906602526478,True,True,False,True,False,False,0
2.058447599668278,0.6752282105736062,-0.6953934861551795,-1.2184705569895626,0.8084361535388619,1,1,1.522184211734293,0,-1.4321861577055308,-1.283759701674247,False,False,False,False,True,False,0
0.667831639786027,1.2456628282569653,0.6927040471843343,-0.1621998035367123,0.8084361535388619,1,0,-1.492181243640125,1,-0.7200100474591208,-0.6969326728897925,False,False,False,False,True,False,0
1.010296764234641,1.4358077008180852,-0.6953934861551795,1.0994234178637188,-0.9166876736979732,1,0,-0.1233582478419297,1,-1.4321861577055308,-1.0170201431358583,True,True,False,False,False,True,0
-0.6086292786133524,0.6752282105736062,-1.042417869490058,0.0079358526178912,-0.9166876736979732,1,1,-0.7993968469220951,0,-1.4321861577055308,-0.3857365212616727,False,False,True,True,False,False,0
-0.1727645747696618,0.8653730831347259,-1.042417869490058,-1.2184705569895626,0.8084361535388619,1,1,0.6280058400688876,0,0.7043421730336995,-0.4124104771155115,False,False,True,True,False,False,0
-0.733162051140121,-0.0853512796708728,-1.3894422528249364,0.9126797224351136,-0.9166876736979732,1,0,0.0921773492649796,1,-0.0078339372127105,-0.7502805845974702,True,True,False,False,False,True,0
0.6055652535226427,-0.1804237159514327,-0.0013447194854226,-1.2184705569895626,0.8084361535388619,1,0,0.2603135796522333,0,-1.4321861577055308,1.192472533423792,False,False,False,False,False,True,0
-0.8058061684474028,-1.0360756424764714,0.6927040471843343,-1.2184705569895626,0.8084361535388619,0,0,1.4818487014262818,0,-1.4321861577055308,0.0855033654894801,False,False,True,False,True,False,0
-0.3284305404281227,-1.606510260159831,-1.736466636159815,-1.2184705569895626,-0.9166876736979732,1,0,-1.179543700878558,0,-0.0078339372127105,1.352516268546825,True,False,False,True,False,False,0
-1.023738520369248,-0.3705685885125524,-1.042417869490058,1.3206206812169596,0.8084361535388619,1,0,-0.9874086494688734,0,-1.4321861577055308,-1.6260754684651788,True,True,False,True,False,False,0
1.8716484408781249,-1.1311480787570314,1.7337771971889695,0.360056898238601,-0.9166876736979732,1,0,-1.2086934968456426,0,-1.4321861577055308,0.5300692963867942,False,False,False,False,False,True,0
1.0829408815419228,0.009721156609687,-0.0013447194854226,1.1729807854965233,0.8084361535388619,1,1,0.1506920143108255,0,-0.7200100474591208,1.4236468174903951,False,True,False,False,False,False,0
0.9065194537956672,0.1047935928902469,1.0397284305192127,-1.2184705569895626,-0.9166876736979732,1,0,1.1579386848389654,0,1.4165182832801098,1.0190918203738395,False,False,True,False,True,False,0
0.1489450875911573,0.1047935928902469,-1.042417869490058,-1.2184705569895626,0.8084361535388619,0,0,-1.1137904433844992,0,-0.7200100474591208,1.210255170659685,False,False,False,False,False,True,0
-1.366203644817862,-0.8459307699153518,-0.348369102820301,1.1066932076354896,0.8084361535388619,0,0,0.77770002926329,0,-0.0078339372127105,0.7656892397623706,False,False,True,True,False,False,0
0.1074341634155678,-0.1804237159514327,-0.348369102820301,1.2662316701853311,-0.9166876736979732,1,0,-0.895422036084744,0,-0.7200100474591208,0.9835265459020543,True,False,True,True,False,False,0
-0.1935200368574565,-0.8459307699153518,0.3456796638494558,-1.2184705569895626,0.8084361535388619,0,0,-1.02214495647176,0,-0.7200100474591208,-0.1856818523578813,False,False,False,False,False,False,0
1.5603165095612028,0.009721156609687,0.6927040471843343,0.7051851442054821,0.8084361535388619,0,1,-0.7117108264379861,1,1.4165182832801098,-1.2437487678934886,False,False,False,True,False,False,0
-0.5774960854816601,-1.1311480787570314,-1.042417869490058,1.1996301168206651,-0.9166876736979732,1,0,1.2151420472103838,0,-0.7200100474591208,1.7170603318826223,False,True,False,False,True,False,0
-1.158649023939914,0.1998660291708067,-0.6953934861551795,-1.2184705569895626,0.8084361535388619,1,0,0.3593365785089251,0,-0.7200100474591208,0.7745805583803169,True,False,False,True,False,False,0
-0.442585581910994,3.052039117587603,0.3456796638494558,0.5958483386094987,-0.9166876736979732,1,0,0.1360842555204063,1,-1.4321861577055308,1.2013638520417382,False,True,False,False,True,False,0
0.3772551705569,0.2949384654513666,-0.0013447194854226,-1.2184705569895626,0.8084361535388619,0,0,1.6894801443456908,0,0.7043421730336995,-1.0170201431358583,True,False,True,False,False,True,0
1.0310522263224358,-0.2754961522319926,0.3456796638494558,1.5006991618364234,0.8084361535388619,1,1,-1.2635402699238785,1,1.4165182832801098,-1.0125744838268855,False,True,False,True,False,False,0
0.034790046108286,1.1505903919764056,-0.6953934861551795,-1.2184705569895626,0.8084361535388619,0,1,-1.4714385982324738,0,-1.4321861577055308,0.0988403434163995,False,False,False,False,False,True,0
-0.0378540711989956,-0.5607134610736721,0.6927040471843343,0.9479829935712634,0.8084361535388619,0,1,1.2385726718472372,0,-0.0078339372127105,-1.6705320615549102,True,True,False,False,False,False,0
0.3668774395130026,-0.0853512796708728,-1.736466636159815,1.0943261592540037,-0.9166876736979732,0,1,0.6406212603090203,0,-0.0078339372127105,-0.9859005279730466,True,False,False,False,False,True,0
-0.4010746577354044,0.5801557742930463,-1.3894422528249364,1.78906556813127,0.8084361535388619,1,1,0.8135741199709564,0,-1.4321861577055308,-0.554671575002652,False,False,False,False,True,False,0
-1.6152691898713996,0.4850833380124864,-1.736466636159815,1.653200954621271,0.8084361535388619,1,0,-1.6954103816382269,1,-1.4321861577055308,-1.248194427202462,False,False,True,False,True,False,0
-0.5048519681743784,0.2949384654513666,0.3456796638494558,-1.2184705569895626,-0.9166876736979732,1,1,-0.1737522946549737,0,0.7043421730336995,1.0457657762276784,False,False,True,False,False,False,0
0.2008337428106443,-0.7508583336347919,0.3456796638494558,-1.2184705569895626,0.8084361535388619,1,1,-1.4706492434006124,0,-1.4321861577055308,-0.4390844329693503,False,False,False,True,False,False,0
0.8338753364883853,3.812618607832082,1.7337771971889695,-0.2288116039346435,-0.9166876736979732,1,1,0.0659217384369185,0,-1.4321861577055308,0.5300692963867942,True,False,False,False,False,True,0
-1.4803586863007334,1.530880137098645,1.0397284305192127,0.9011908768264096,0.8084361535388619,1,1,1.215829342287553,0,-1.4321861577055308,1.3614075871647713,True,False,False,False,True,False,0
-0.6190070096572498,0.1998660291708067,-1.042417869490058,1.002813107362967,-0.9166876736979732,1,0,-0.181004796439431,0,-1.4321861577055308,-1.3282162947639784,False,False,True,False,True,False,0
0.6263207156104375,1.2456628282569653,1.3867528138540912,-1.2184705569895626,-0.9166876736979732,1,1,0.3050693031519655,1,-1.4321861577055308,-1.3904555250896025,True,False,True,True,False,False,0
0.7093425639616167,-0.7508583336347919,-0.348369102820301,1.0447863966051008,-0.9166876736979732,0,0,0.6529459754216486,0,-0.7200100474591208,0.1344056178881847,True,False,True,False,False,True,0
0.3461219774252078,0.009721156609687,1.3867528138540912,-1.2184705569895626,0.8084361535388619,1,1,-1.4188432250920735,0,-0.0078339372127105,0.112177321343319,True,False,True,True,False,False,0
1.2697400403320758,-1.226220515037591,-1.042417869490058,0.2840757870188551,-0.9166876736979732,1,0,-1.2521172275332844,0,-1.4321861577055308,-1.44380343679728,True,False,False,False,False,False,0
0.3149887842935157,2.386532063623684,1.7337771971889695,0.8358466664653269,-0.9166876736979732,0,1,-0.5979355855606378,0,0.7043421730336995,-0.6658130577269805,False,False,False,False,True,False,0
-0.1104981885062774,-0.1804237159514327,0.3456796638494558,-1.2184705569895626,0.8084361535388619,1,0,-0.9583889057956728,0,1.4165182832801098,1.4814403885070462,True,False,False,False,False,False,0
0.9791635711029488,-1.321292951318151,-0.6953934861551795,0.4600221514742429,-0.9166876736979732,0,0,-0.4958676591333755,0,-0.7200100474591208,-1.0659223955345631,False,False,True,False,True,False,0
-0.9822275961936584,2.7668218087459238,-1.042417869490058,0.3857415674467882,-0.9166876736979732,1,1,-1.0751038848882444,0,-1.4321861577055308,1.2502661044404428,True,True,False,True,False,False,0
-0.5048519681743784,0.4850833380124864,0.3456796638494558,0.512675891466416,0.8084361535388619,1,0,0.1400851022243631,1,-0.0078339372127105,0.2010905075227818,True,True,False,True,False,False,0
-0.0689872643306878,-0.0853512796708728,0.6927040471843343,-0.2647188095938441,-0.9166876736979732,1,1,1.1699831268262717,0,-0.0078339372127105,1.312505334766067,False,False,False,True,False,False,0
-0.152009112681867,0.1047935928902469,1.3867528138540912,1.2521799454911364,-0.9166876736979732,1,1,0.4329779944538042,1,-0.0078339372127105,0.2322101226855938,True,True,False,False,True,False,0
-0.3699414646037122,0.1998660291708067,1.7337771971889695,0.5942968737292329,0.8084361535388619,1,1,0.2371823534780379,0,-0.0078339372127105,-0.047866413779714,True,True,False,False,False,True,0
-0.2038977679013539,-0.3705685885125524,-1.042417869490058,1.1921605099002284,0.8084361535388619,0,0,-0.6208550420905146,0,-1.4321861577055308,-0.4479757515872966,False,True,False,True,False,False,0
-0.2142754989452513,-0.6557858973542321,-1.042417869490058,1.1321186589240533,0.8084361535388619,1,1,1.4006527772337425,0,-1.4321861577055308,-1.0170201431358583,False,True,False,True,False,False,0
0.325366515337413,1.6259525733792048,0.6927040471843343,-0.4033317094474716,2.533559980775697,0,0,-0.048717098354495,1,-0.7200100474591208,0.2144274854497012,True,False,True,False,False,False,0
-0.2246532299891487,-0.4656410247931123,1.3867528138540912,-1.2184705569895626,0.8084361535388619,1,1,0.2360250967025159,0,1.4165182832801098,-1.150389922405053,True,False,False,False,False,False,0
-1.81244607970545,-1.416365387598711,-1.042417869490058,0.3133907879809268,0.8084361535388619,0,0,1.0826403192139895,1,-0.0078339372127105,-1.1192703072422407,False,True,False,False,True,False,0
-0.494474237130481,0.2949384654513666,1.7337771971889695,1.4398572417161115,-0.9166876736979732,1,0,-0.0371753050057155,0,-1.4321861577055308,0.9479612714302692,False,True,False,False,False,False,0
-1.7398019623981682,0.1047935928902469,0.6927040471843343,0.4931269536453847,0.8084361535388619,0,0,0.3062608116679889,0,-0.7200100474591208,-0.936998275574342,True,True,False,False,True,False,0
0.9480303779712568,-0.6557858973542321,0.3456796638494558,1.0286487602019168,0.8084361535388619,1,1,1.0922845313656466,0,-1.4321861577055308,0.4456017695163045,False,True,False,False,True,False,0
0.3564997084691052,0.1998660291708067,1.7337771971889695,-1.2184705569895626,-0.9166876736979732,1,1,0.7622563193645909,1,1.4165182832801098,1.192472533423792,False,False,False,True,False,False,0
-0.2869196162525331,-0.0853512796708728,0.6927040471843343,0.7653959111206332,-0.9166876736979732,1,0,0.6027174497099113,0,0.7043421730336995,0.8546024259418334,True,False,True,True,False,False,0
-1.2416708722910934,0.3900109017319265,1.3867528138540912,-1.2184705569895626,0.8084361535388619,0,0,1.5672800185051974,1,-0.0078339372127105,-0.2123558082117202,True,False,False,False,True,False,0
0.0140345840204912,3.3372564264292826,-1.736466636159815,0.7232833262700544,-0.9166876736979732,1,1,1.0417574765247668,0,-0.0078339372127105,-0.1101056441053379,False,False,False,True,False,False,0
-0.9822275961936584,-0.4656410247931123,-0.6953934861551795,-1.2184705569895626,-0.9166876736979732,0,1,0.3998358712512124,0,0.7043421730336995,-0.52355195983984,True,False,True,True,False,False,0
-0.0689872643306878,1.530880137098645,-1.3894422528249364,0.9218248794042584,-0.9166876736979732,0,1,-1.4489320751223485,0,1.4165182832801098,-0.2212471268296665,False,False,True,False,False,True,0
-0.8576948236668898,1.1505903919764056,-0.6953934861551795,-1.2184705569895626,2.533559980775697,1,0,-0.4406882790521988,1,-0.7200100474591208,-0.8703133859397449,False,False,True,False,False,True,0
1.2074736540686914,-1.321292951318151,-1.736466636159815,0.0367282548834526,-0.9166876736979732,1,1,-1.60157486973383,0,1.4165182832801098,-0.4968780039860012,True,False,False,False,False,False,0
0.3980106326446948,-0.2754961522319926,0.3456796638494558,0.5504312456408803,-0.9166876736979732,0,0,-0.3327627833990749,0,0.7043421730336995,-1.470477392651119,False,False,False,True,False,False,0
-0.494474237130481,-1.321292951318151,-0.0013447194854226,1.3077568118320202,0.8084361535388619,1,1,-0.7303180409987379,0,-0.7200100474591208,1.6948320353377568,False,True,False,False,False,True,0
0.2215892048984391,1.9111698822208845,-1.736466636159815,1.6324151678631855,0.8084361535388619,0,1,-1.379937942283378,1,-0.0078339372127105,-1.2393031085845156,True,False,False,False,False,False,0
2.058447599668278,0.1998660291708067,1.0397284305192127,-0.2437106301919314,-0.9166876736979732,1,0,-1.1928203361904024,0,0.7043421730336995,-0.7058239915077388,True,True,False,False,False,True,0
0.7612312191811036,-0.7508583336347919,0.3456796638494558,-1.2184705569895626,-0.9166876736979732,0,0,-0.6799033040480307,0,-1.4321861577055308,-0.4613127295142161,False,False,False,False,False,False,0
-0.0793649953745852,-0.5607134610736721,0.6927040471843343,1.5765896508557329,-0.9166876736979732,0,1,-0.9821417054332836,0,-1.4321861577055308,1.219146489277631,True,False,False,False,False,False,0
0.532921136215361,-0.9410032061959116,1.3867528138540912,-1.2184705569895626,0.8084361535388619,1,0,-0.8650183134552398,0,-0.0078339372127105,-1.6216298091562056,True,False,True,False,False,False,0
1.3631396197271524,0.1047935928902469,0.3456796638494558,-1.2184705569895626,0.8084361535388619,1,0,0.1618918118546995,0,-1.4321861577055308,-0.999237505899966,True,False,False,True,False,False,0
0.9999190331907436,-0.0853512796708728,-0.348369102820301,0.6263374254298767,-0.9166876736979732,0,1,-0.5124641052733172,0,1.4165182832801098,1.6859407167198106,True,False,False,False,True,False,0
-0.0689872643306878,2.7668218087459238,1.3867528138540912,-1.2184705569895626,4.258683808012532,1,1,1.320040871296758,1,0.7043421730336995,-0.7858458590692553,False,False,False,True,False,False,0
2.058447599668278,-0.5607134610736721,0.6927040471843343,1.0383903265290582,-0.9166876736979732,0,0,-1.685135381087893,0,-0.7200100474591208,-0.5502259156936788,True,False,False,False,True,False,0
-1.3246927206422725,-0.7508583336347919,1.0397284305192127,0.5078123933030572,-0.9166876736979732,1,0,1.7263937840709125,1,-1.4321861577055308,-0.6435847611821148,False,True,False,False,False,True,0
-1.5633805346519123,-1.416365387598711,-0.348369102820301,0.8758696570793374,0.8084361535388619,1,0,-0.3510394773573225,0,-1.4321861577055308,0.841265448014914,True,True,False,True,False,False,0
0.1904560117667469,-0.5607134610736721,1.0397284305192127,0.8097966264772879,-0.9166876736979732,1,1,-1.0602426284447737,0,0.7043421730336995,-0.9814548686640736,True,False,False,False,False,True,0
-0.6086292786133524,0.3900109017319265,1.3867528138540912,-1.2184705569895626,0.8084361535388619,1,1,-0.4185642626887906,0,-1.4321861577055308,1.4414294547262878,True,False,False,False,False,False,0
0.5951875224787453,-0.4656410247931123,-0.348369102820301,1.1571630486630784,0.8084361535388619,1,1,-1.371980584884743,0,1.4165182832801098,0.4189278136624657,True,True,False,True,False,False,0
0.1593228186350548,-0.0853512796708728,0.3456796638494558,1.094029315509111,-0.9166876736979732,1,1,-0.460192471934002,1,-1.4321861577055308,-0.90587866041153,False,False,False,False,False,True,0
1.7574933993952533,0.1047935928902469,-1.3894422528249364,-1.2184705569895626,0.8084361535388619,1,0,1.631596963165334,0,1.4165182832801098,1.4592120919621805,False,False,False,False,False,True,0
0.2423446669862339,0.9604455194152858,1.0397284305192127,0.9451487282141467,-0.9166876736979732,0,1,1.375110889221714,1,0.7043421730336995,-1.6794233801728564,True,False,False,True,False,False,0
0.429143825776387,0.4850833380124864,-0.0013447194854226,0.7765240291364331,0.8084361535388619,1,1,-0.9290247321837236,1,-0.7200100474591208,-0.8836503638666644,True,True,False,False,False,True,0
0.771608950225001,1.6259525733792048,-1.042417869490058,0.4702683841896816,-0.9166876736979732,1,1,-0.9456017052529234,0,-1.4321861577055308,0.6234281418752301,False,False,True,False,True,False,0
0.1489450875911573,-0.2754961522319926,-0.6953934861551795,0.8488443877222892,0.8084361535388619,0,0,0.678146736962286,0,-1.4321861577055308,1.4814403885070462,False,True,False,False,False,False,0
-0.8680725547107871,0.770300646854166,0.6927040471843343,-1.2184705569895626,0.8084361535388619,1,1,-0.946754615360869,0,-0.7200100474591208,1.059102754154598,False,False,False,True,False,False,0
-0.6916511269645315,0.1047935928902469,0.6927040471843343,-1.2184705569895626,0.8084361535388619,0,0,0.7950175006207935,0,0.7043421730336995,-1.4971513485049577,True,False,False,False,False,True,0
-0.2765418852086357,1.2456628282569653,-1.042417869490058,0.0539061252729201,-0.9166876736979732,1,1,-0.2751485740083415,0,-0.7200100474591208,0.0988403434163995,False,False,False,False,True,False,0
0.1697005496789521,0.6752282105736062,0.6927040471843343,1.372205047222002,-0.9166876736979732,1,1,1.2626356496830946,0,0.7043421730336995,0.8323741293969678,False,True,False,True,False,False,0
0.1593228186350548,1.6259525733792048,-1.042417869490058,1.4855146596367708,-0.9166876736979732,0,1,-1.4175962530977764,0,-0.7200100474591208,-1.2704227237473276,True,False,True,False,True,False,0
-0.5152296992182758,-0.3705685885125524,1.0397284305192127,-1.2184705569895626,0.8084361535388619,1,1,0.9112743409508196,0,-0.7200100474591208,0.3122319902471103,False,False,False,False,True,False,0
0.5017879430836688,-0.7508583336347919,0.6927040471843343,-1.2184705569895626,0.8084361535388619,0,1,0.7775435492305421,0,-1.4321861577055308,0.3077863309381372,True,False,True,True,False,False,0
-0.7435397821840184,0.009721156609687,1.3867528138540912,0.8367415206671643,-0.9166876736979732,1,0,-0.2501300247725037,0,-1.4321861577055308,-0.6702587170359536,False,False,False,True,False,False,0
-0.4737187750426862,-0.2754961522319926,-0.0013447194854226,1.831294392765448,0.8084361535388619,0,0,1.372166456605509,0,1.4165182832801098,1.4325381361083416,True,True,False,False,True,False,0
-0.2142754989452513,-0.4656410247931123,-0.348369102820301,0.7729625446372971,-0.9166876736979732,1,0,0.1123460606858521,0,-1.4321861577055308,-0.6480304204910879,False,False,False,False,False,True,0
-1.978489776407808,3.3372564264292826,-1.3894422528249364,1.766703339349336,0.8084361535388619,1,1,1.6749716634427143,0,-0.0078339372127105,1.2369291265135234,False,True,False,True,False,False,0
-0.5359851613060705,0.009721156609687,-0.0013447194854226,-1.2184705569895626,0.8084361535388619,0,0,0.3101917639573186,0,0.7043421730336995,-1.697206017408749,False,False,False,True,False,False,0
-0.2038977679013539,0.4850833380124864,-0.6953934861551795,0.5069497211900672,-0.9166876736979732,1,0,1.4819777105199474,0,0.7043421730336995,-0.1101056441053379,True,False,False,True,False,False,0
1.591449702692895,-0.5607134610736721,-0.6953934861551795,0.4733075902120966,0.8084361535388619,0,1,-1.166652528047383,0,-0.0078339372127105,0.4544930881342508,False,True,False,False,False,True,0
0.5121656741275662,-0.5607134610736721,0.6927040471843343,0.7648118302245333,-0.9166876736979732,1,0,-0.0458413430859952,0,-1.4321861577055308,1.4903317071249924,False,False,True,True,False,False,0
0.2838555911618235,-0.3705685885125524,-1.3894422528249364,0.5466630592676037,-0.9166876736979732,1,1,1.353722676745627,0,1.4165182832801098,0.5389606150047405,True,True,False,True,False,False,0
-0.7227843200962236,-0.9410032061959116,-1.736466636159815,-1.2184705569895626,-0.9166876736979732,1,1,-0.2854626945668624,0,-0.7200100474591208,-0.1545622371950694,False,False,False,False,False,False,0
0.8027421433566931,-0.8459307699153518,1.3867528138540912,-1.2184705569895626,0.8084361535388619,1,0,0.8943365944727848,0,-1.4321861577055308,0.8901677004136185,True,False,False,False,False,False,0
2.058447599668278,0.1998660291708067,-0.0013447194854226,-1.2184705569895626,0.8084361535388619,1,1,-1.1406326804686615,0,-0.7200100474591208,1.3658532464737445,False,False,False,True,False,False,0
0.1593228186350548,0.2949384654513666,1.7337771971889695,-0.1872946278925878,0.8084361535388619,0,0,-1.2937233557072083,0,1.4165182832801098,-0.1323339406502037,False,True,False,False,False,False,0
-2.165288935197961,-0.2754961522319926,0.3456796638494558,-0.0906883201392053,0.8084361535388619,0,1,-0.7562134000180729,0,0.7043421730336995,1.1168963251712487,True,False,True,True,False,False,0
-0.0586095332867904,0.009721156609687,0.3456796638494558,0.7297772234917979,0.8084361535388619,0,1,-0.6717830335486348,0,-1.4321861577055308,-1.2704227237473276,True,True,False,True,False,False,0
1.3423841576393576,-0.5607134610736721,-0.6953934861551795,-1.2184705569895626,0.8084361535388619,1,1,-1.006252844345887,0,-0.7200100474591208,1.69927769464673,True,False,True,True,False,False,0
1.643338357912382,-0.5607134610736721,0.3456796638494558,-1.2184705569895626,0.8084361535388619,1,1,-0.3906023240369653,0,0.7043421730336995,-0.3857365212616727,True,False,False,False,False,False,0
-1.3558259137739646,0.009721156609687,-0.6953934861551795,1.1256772777477926,-0.9166876736979732,0,0,-0.4770488487950081,0,-0.0078339372127105,0.9390699528123232,False,False,True,False,False,False,0
-0.4633410439987888,-1.321292951318151,-0.348369102820301,0.7215312436916491,-0.9166876736979732,0,1,0.2583128955002005,0,-1.4321861577055308,-0.2479210826835053,False,False,True,False,False,False,0
0.5432988672592584,0.2949384654513666,1.0397284305192127,0.8587199660313486,0.8084361535388619,1,1,1.3758816403163492,0,-1.4321861577055308,-1.092596351388402,True,False,False,False,True,False,0
2.058447599668278,-1.226220515037591,-0.348369102820301,-0.2160071353206618,0.8084361535388619,0,1,1.372396134520242,0,-0.0078339372127105,-0.0123011393079289,False,False,False,False,False,False,0
0.8857639917078723,-0.3705685885125524,-1.736466636159815,0.9170399951992284,-0.9166876736979732,0,1,-0.6325461869372166,0,-1.4321861577055308,0.2633297378484058,True,True,False,False,False,False,0
0.3149887842935157,0.3900109017319265,0.6927040471843343,0.5602551084539309,0.8084361535388619,1,1,-0.6216080587814379,0,-0.7200100474591208,-0.1590078965040425,False,True,False,True,False,False,0
-1.366203644817862,-0.6557858973542321,-0.0013447194854226,0.5432149325739607,-0.9166876736979732,1,0,-0.7682230686647685,0,0.7043421730336995,-0.5502259156936788,True,True,False,False,False,False,0
0.5432988672592584,-0.1804237159514327,-0.348369102820301,-1.2184705569895626,0.8084361535388619,0,0,-1.2995903137350346,0,1.4165182832801098,-0.745834925288497,True,False,True,False,False,True,0
1.2801177713759733,1.1505903919764056,-1.042417869490058,0.7634217561181899,-0.9166876736979732,1,1,0.5993233977996102,0,-0.7200100474591208,-0.52355195983984,True,True,False,False,True,False,0
0.927274915883462,-0.3705685885125524,-1.3894422528249364,-1.2184705569895626,0.8084361535388619,1,0,-1.1105516544400242,0,-1.4321861577055308,-0.4746497074411355,False,False,False,False,False,True,0
0.3046110532496183,2.671749372465364,0.6927040471843343,-1.2184705569895626,0.8084361535388619,0,1,1.1002916146413548,0,-1.4321861577055308,-0.7236066287436314,True,False,True,False,False,True,0
1.61220516478069,-0.5607134610736721,1.7337771971889695,0.4138973727707667,0.8084361535388619,1,0,1.3513330527788638,0,-0.7200100474591208,0.1210686399612653,True,False,False,True,False,False,0
-1.3350704516861698,-0.4656410247931123,-1.042417869490058,1.3687274603077226,-0.9166876736979732,1,1,-0.8532096347172737,0,-0.0078339372127105,1.4814403885070462,True,False,False,False,True,False,0
-0.9718498651497612,0.770300646854166,1.3867528138540912,-1.2184705569895626,0.8084361535388619,1,0,0.0583494957855462,0,-0.7200100474591208,-1.5816188753754474,False,False,False,False,True,False,0
-1.6360246519591943,-0.1804237159514327,-0.0013447194854226,0.4964077654989992,0.8084361535388619,1,0,1.245438494084104,0,-0.0078339372127105,-0.0923230068694454,True,True,False,False,True,False,0
0.6055652535226427,-0.0853512796708728,-0.348369102820301,-1.2184705569895626,0.8084361535388619,1,1,0.6252175397520239,0,0.7043421730336995,-0.8703133859397449,False,False,True,False,False,False,0
1.1036963436297176,-0.3705685885125524,-0.0013447194854226,-1.2184705569895626,0.8084361535388619,0,0,-0.001143691065083,0,-1.4321861577055308,1.0057548424469205,False,False,True,False,False,False,0
0.7819866812688984,-0.1804237159514327,1.3867528138540912,0.4017107682406802,-0.9166876736979732,1,1,-1.1454327924065542,1,-0.7200100474591208,0.0277097944728293,True,True,False,False,True,False,0
-0.1312536505940722,-0.3705685885125524,-1.3894422528249364,0.4309034452431521,0.8084361535388619,1,1,0.6722178823881725,0,-1.4321861577055308,-0.6213564646372491,False,False,False,False,True,False,0
-0.0793649953745852,0.9604455194152858,1.7337771971889695,-1.2184705569895626,0.8084361535388619,1,1,0.7764600119371151,0,0.7043421730336995,-0.4257474550424309,True,False,True,False,False,True,0
1.4980501232978185,0.009721156609687,-0.0013447194854226,0.1640923138606277,0.8084361535388619,0,0,0.0808348071578991,0,-1.4321861577055308,-0.1634535558130156,True,True,False,True,False,False,0
-0.3803191956476097,2.386532063623684,-1.736466636159815,0.0874513897645583,0.8084361535388619,0,1,-1.1220522413801803,0,-0.0078339372127105,-0.0923230068694454,True,False,False,False,False,True,0
-0.4010746577354044,1.1505903919764056,0.6927040471843343,1.1393415364966584,-0.9166876736979732,1,1,-0.8137029469827172,1,-1.4321861577055308,0.2766667157753252,False,True,False,False,False,True,0
2.058447599668278,0.3900109017319265,0.6927040471843343,-1.2184705569895626,0.8084361535388619,1,1,1.2765262083234192,0,-0.0078339372127105,-1.06147673622559,True,False,False,False,False,False,0
-0.8473170926229924,-0.2754961522319926,-0.6953934861551795,-1.2184705569895626,0.8084361535388619,1,0,-0.1445273882721701,0,-0.7200100474591208,1.6192558270852135,False,False,False,False,False,False,0
0.6782093708299244,-0.2754961522319926,-1.042417869490058,0.3741867565614413,0.8084361535388619,1,0,-0.1070422486940129,1,0.7043421730336995,-0.5991281680923835,False,False,False,False,False,False,0
1.4150282749466394,2.956966681307043,-1.3894422528249364,-1.2184705569895626,0.8084361535388619,1,1,-1.0226955923203294,0,-0.0078339372127105,1.0546570948456246,False,False,True,False,False,False,0
0.5017879430836688,-0.1804237159514327,0.6927040471843343,-1.2184705569895626,0.8084361535388619,1,0,-1.4498826043879405,0,-0.0078339372127105,-1.1815095375678648,False,False,False,False,False,False,0
0.6470761776982322,-0.9410032061959116,1.3867528138540912,-1.2184705569895626,0.8084361535388619,1,0,0.5000625492931415,0,-0.0078339372127105,-1.2615314051293811,True,False,True,False,False,False,0
-2.3832212871198064,1.4358077008180852,-0.348369102820301,-1.2184705569895626,0.8084361535388619,1,1,-1.6215604995163873,0,1.4165182832801098,0.5611889115496062,False,False,True,False,True,False,0
0.8961417227517697,-0.7508583336347919,1.3867528138540912,0.1052243886328643,-0.9166876736979732,1,0,-1.0164346523433845,0,0.7043421730336995,-1.6571950836279907,True,False,False,False,False,False,0
1.2386068472003835,2.671749372465364,1.0397284305192127,-1.2184705569895626,0.8084361535388619,1,1,-0.8556239477558703,0,-1.4321861577055308,-1.1326072851691602,False,False,True,True,False,False,0
-0.2350309610330461,0.1998660291708067,1.7337771971889695,1.1855556565214134,-0.9166876736979732,0,0,-1.6255670838215448,0,-0.7200100474591208,0.8546024259418334,True,False,True,False,False,False,0
1.0414299573663333,0.5801557742930463,-0.6953934861551795,0.4695120250468152,0.8084361535388619,0,1,-0.1853043461392333,0,-0.7200100474591208,-1.6127384905382594,False,True,False,False,False,True,0
0.667831639786027,-0.7508583336347919,1.0397284305192127,0.5359822882977748,0.8084361535388619,1,1,-0.8506911755235484,0,-1.4321861577055308,-0.9503352535012616,True,False,False,False,False,False,0
0.958408109015154,-0.8459307699153518,-1.3894422528249364,0.7674890277748863,-0.9166876736979732,1,1,0.726409004129195,0,1.4165182832801098,-1.2126291527306767,False,False,True,False,False,False,0
-0.1727645747696618,-0.7508583336347919,-1.3894422528249364,-1.2184705569895626,0.8084361535388619,1,0,0.6076804747485646,0,1.4165182832801098,-0.430193114351404,True,False,True,False,True,False,0
0.9687858400590514,-1.7015826964403906,-0.348369102820301,0.989612206649549,-0.9166876736979732,1,1,1.3353647870370535,0,-0.0078339372127105,1.4058641802545029,True,False,False,False,True,False,0
-0.2350309610330461,-0.1804237159514327,1.7337771971889695,0.3753634041780639,2.533559980775697,0,1,-1.3091178613289431,1,-1.4321861577055308,1.2058095113507117,False,False,False,False,True,False,0
-0.152009112681867,-0.8459307699153518,-1.3894422528249364,0.7378406780119152,-0.9166876736979732,1,0,0.0371235009434075,1,-0.7200100474591208,0.77902621768929,True,True,False,True,False,False,0
0.429143825776387,0.3900109017319265,-0.348369102820301,1.2206683968827934,-0.9166876736979732,1,0,-1.5854819415659305,0,1.4165182832801098,-1.3682272285447366,False,False,False,False,False,True,0
-1.438847762125144,-0.9410032061959116,1.7337771971889695,-1.2184705569895626,0.8084361535388619,0,1,-1.3025488295541876,0,1.4165182832801098,-0.3146059723181024,True,False,False,True,False,False,0
2.058447599668278,0.3900109017319265,-0.0013447194854226,0.8518318782486954,0.8084361535388619,0,1,-1.411566555835892,0,0.7043421730336995,0.0366011130907756,True,True,False,False,True,False,0
-1.1690267549838116,-1.7966551327209506,-1.736466636159815,0.1178043831743867,-0.9166876736979732,1,1,0.8053745662549686,0,0.7043421730336995,0.9212873155764304,True,False,False,False,False,False,0
-2.393599018163704,-0.4656410247931123,0.3456796638494558,0.2341002052364037,-0.9166876736979732,1,1,-1.5346958253375016,0,1.4165182832801098,-0.8436394300859061,True,False,True,True,False,False,0
-1.708668769266476,0.4850833380124864,0.3456796638494558,-0.2307294002541299,-0.9166876736979732,1,1,-0.8231425180248806,0,-1.4321861577055308,1.4636577512711535,True,False,True,False,False,True,0
0.3772551705569,1.2456628282569653,-1.3894422528249364,-1.2184705569895626,0.8084361535388619,1,1,1.2449252395766914,0,-1.4321861577055308,0.1255142992702384,True,False,False,False,False,False,0
-0.733162051140121,-1.226220515037591,-0.6953934861551795,0.4642756309385502,-0.9166876736979732,1,1,1.4620226812771275,1,1.4165182832801098,1.2013638520417382,False,True,False,False,False,False,0
-0.0170986091112009,-1.321292951318151,-1.042417869490058,0.6120810802901726,-0.9166876736979732,1,1,-1.305847080911107,0,-1.4321861577055308,1.1969181927327652,False,True,False,False,False,False,0
-0.4114523887793018,-0.0853512796708728,-1.3894422528249364,-1.2184705569895626,0.8084361535388619,1,1,-1.5860482254177743,0,-0.7200100474591208,0.2944493530112178,False,False,False,False,False,True,0
-0.3076750783403279,0.009721156609687,1.3867528138540912,0.117755229436694,0.8084361535388619,0,0,-1.0701312971809234,0,-0.0078339372127105,-1.1770638782588916,False,False,False,True,False,False,0
-0.0793649953745852,0.4850833380124864,1.0397284305192127,0.4790582573023443,0.8084361535388619,0,0,0.8397088934403961,0,-1.4321861577055308,1.4547664326532073,False,True,False,False,False,False,0
0.9895413021468462,-0.9410032061959116,0.6927040471843343,0.6664444737386385,-0.9166876736979732,1,1,1.3034273862199173,0,1.4165182832801098,1.4903317071249924,True,True,False,True,False,False,0
-1.6256469209152968,0.770300646854166,1.7337771971889695,0.9859653835765032,-0.9166876736979732,1,0,-0.5104695064558911,0,1.4165182832801098,1.3391792906199056,True,False,False,False,False,True,0
1.3216286955515628,-0.6557858973542321,1.7337771971889695,0.0740670031117402,-0.9166876736979732,1,0,-0.2455787160866804,0,1.4165182832801098,-1.0125744838268855,True,False,False,True,False,False,0
-0.8265616305351976,0.8653730831347259,-0.6953934861551795,1.2284567826037058,-0.9166876736979732,1,0,-1.0783125948930907,1,1.4165182832801098,-1.1326072851691602,False,True,False,True,False,False,0
0.1593228186350548,0.009721156609687,-0.348369102820301,0.12269558034954,0.8084361535388619,1,0,0.3116951893386192,0,-0.0078339372127105,0.0099271572369367,False,True,False,False,True,False,0
0.2838555911618235,-0.3705685885125524,1.0397284305192127,0.6897628788121045,-0.9166876736979732,0,0,0.3612741490477498,0,-0.0078339372127105,-1.057031076916617,False,False,True,False,False,True,0
0.719720295005514,-0.0853512796708728,0.6927040471843343,-1.2184705569895626,-0.9166876736979732,0,1,-0.8153738059990583,0,-0.0078339372127105,1.445875114035261,True,False,True,True,False,False,0
-0.2142754989452513,-0.5607134610736721,1.0397284305192127,-1.2184705569895626,0.8084361535388619,0,0,0.2945811420236884,0,1.4165182832801098,1.6148101677762403,False,False,False,False,True,False,0
-0.6605179338328393,0.1998660291708067,-1.042417869490058,0.884436176888804,0.8084361535388619,0,1,-1.623851541062519,0,-0.7200100474591208,-1.3371076133819246,True,True,False,False,True,False,0
-0.1312536505940722,-1.0360756424764714,1.0397284305192127,0.3480561812963358,-0.9166876736979732,1,1,1.3525348194303677,0,-0.7200100474591208,-1.541607941594689,False,False,True,False,False,False,0
0.5744320603909505,0.8653730831347259,0.6927040471843343,0.4640721312623049,-0.9166876736979732,1,1,1.3894279428846288,1,1.4165182832801098,0.6100911639483108,False,True,False,False,True,False,0
1.4980501232978185,1.6259525733792048,0.3456796638494558,0.290263073792125,-0.9166876736979732,0,0,0.3604832294155611,1,-0.7200100474591208,0.2677753971573789,True,False,True,True,False,False,0
1.425406005990537,-1.1311480787570314,1.0397284305192127,-0.1585116721108175,-0.9166876736979732,1,1,-0.3646535879397929,0,-1.4321861577055308,-1.221520471348623,False,False,False,False,False,False,0
-1.6879133071786812,-0.0853512796708728,-0.0013447194854226,0.6594571178212315,-0.9166876736979732,0,0,-0.2642671263977579,0,-0.7200100474591208,0.2144274854497012,False,False,False,True,False,False,0
-0.4010746577354044,-0.9410032061959116,0.3456796638494558,1.7549187707650025,0.8084361535388619,1,1,-0.4031812322694569,0,-0.7200100474591208,0.7879175363072363,False,False,False,False,False,True,0
-0.8161838994913002,-0.2754961522319926,-1.3894422528249364,-1.2184705569895626,-0.9166876736979732,1,1,-0.7567706428013584,0,-1.4321861577055308,-0.8436394300859061,False,False,False,False,False,True,0
0.3668774395130026,-1.0360756424764714,0.6927040471843343,0.5125841484967162,-0.9166876736979732,1,1,-1.269576400253776,0,-0.0078339372127105,-0.9770092093551004,True,False,False,False,True,False,0
-0.1831423058135592,-1.321292951318151,1.3867528138540912,-1.2184705569895626,0.8084361535388619,1,1,-1.6031097649883834,0,-0.7200100474591208,0.5478519336226867,True,False,True,True,False,False,0
-0.6501402027889419,-0.2754961522319926,1.0397284305192127,0.6137545489102487,-0.9166876736979732,1,0,-1.2774955069777392,0,1.4165182832801098,0.3611342426458148,True,False,False,False,False,True,0
-0.1623868437257644,-0.8459307699153518,1.0397284305192127,1.0516845713111238,0.8084361535388619,1,1,0.1609018148475146,0,-0.0078339372127105,-0.8969873417935837,True,True,False,False,False,True,0
-0.2661641541647383,0.9604455194152858,1.3867528138540912,1.5320227414283127,0.8084361535388619,1,0,1.5084838632671085,0,1.4165182832801098,-0.9281069569563958,True,True,False,False,False,True,0
0.5744320603909505,0.2949384654513666,1.7337771971889695,-1.2184705569895626,0.8084361535388619,1,1,0.9130279605178144,0,0.7043421730336995,1.059102754154598,False,False,False,False,False,True,0
0.6263207156104375,0.8653730831347259,1.0397284305192127,-1.2184705569895626,0.8084361535388619,1,0,1.439686547535994,0,-0.7200100474591208,1.4058641802545029,False,False,True,False,False,True,0
-1.2105376791594011,0.5801557742930463,-1.042417869490058,-1.2184705569895626,0.8084361535388619,1,0,0.4386133620331639,0,1.4165182832801098,-0.7858458590692553,True,False,False,False,False,False,0
-0.1623868437257644,-0.5607134610736721,-1.736466636159815,-1.2184705569895626,-0.9166876736979732,1,0,-0.14176777596131,1,-0.7200100474591208,0.049938091017695,False,False,True,False,False,True,0
-0.1831423058135592,-0.9410032061959116,1.0397284305192127,0.8635378328746999,0.8084361535388619,0,1,-0.5317146266353656,0,-0.0078339372127105,0.4722757253701433,False,True,False,True,False,False,0
0.6263207156104375,-0.5607134610736721,-0.6953934861551795,1.2443331196586345,-0.9166876736979732,1,0,-0.3695571505660019,1,-0.0078339372127105,1.4903317071249924,True,False,False,True,False,False,0
0.3357442463813104,-0.4656410247931123,1.3867528138540912,0.3926832920441872,0.8084361535388619,1,1,1.561887890443409,0,-0.7200100474591208,-0.6924870135808193,True,False,True,False,True,False,0
-0.2246532299891487,0.009721156609687,0.6927040471843343,0.9507490521132108,-0.9166876736979732,1,0,0.7032892531574011,1,-1.4321861577055308,-1.3237706354550052,False,False,True,False,False,True,0
-0.9718498651497612,-1.321292951318151,1.7337771971889695,0.5645628651725632,0.8084361535388619,1,0,1.6836044929827116,0,0.7043421730336995,1.0235374796828127,True,True,False,False,True,False,0
1.7574933993952533,-0.7508583336347919,-1.042417869490058,-0.1148719590839773,-0.9166876736979732,1,1,-1.3037618975413898,0,0.7043421730336995,-1.057031076916617,False,True,False,True,False,False,0
0.2008337428106443,-0.4656410247931123,0.3456796638494558,-0.621794295798139,0.8084361535388619,0,0,0.9821005072398616,0,-0.0078339372127105,-0.1856818523578813,False,True,False,False,False,True,0
0.2942333222057209,0.3900109017319265,-0.348369102820301,-1.2184705569895626,0.8084361535388619,1,1,-0.7245018520482027,0,-1.4321861577055308,-0.3501712467898875,False,False,False,False,False,True,0
0.0140345840204912,-1.1311480787570314,0.3456796638494558,0.5067404575576102,0.8084361535388619,1,1,-1.1656348862344126,0,-0.0078339372127105,-0.1945731709758276,False,False,True,True,False,False,0
1.2697400403320758,0.2949384654513666,-1.042417869490058,0.8980852251976674,0.8084361535388619,1,1,1.0855233768840171,0,-1.4321861577055308,1.0857767100084368,True,True,False,False,False,True,0
0.6055652535226427,-1.7015826964403906,-0.348369102820301,0.5288240951226547,0.8084361535388619,1,1,-0.7691741195304694,0,1.4165182832801098,0.0899490247984533,True,False,False,False,False,True,0
0.2838555911618235,-0.5607134610736721,-1.3894422528249364,-1.2184705569895626,0.8084361535388619,0,0,-0.5359060312458689,0,1.4165182832801098,1.7437342877364614,False,False,False,False,False,False,0
2.058447599668278,-0.7508583336347919,1.0397284305192127,-1.2184705569895626,0.8084361535388619,1,0,1.360270670649313,0,0.7043421730336995,-0.2923776757732367,True,False,False,True,False,False,0
-0.1416313816379696,0.4850833380124864,1.3867528138540912,0.0245802368380043,0.8084361535388619,1,1,0.1897742934232293,0,0.7043421730336995,-1.1726182189499186,True,False,True,False,False,True,0
-0.9510944030619662,-1.1311480787570314,-0.0013447194854226,-1.2184705569895626,0.8084361535388619,1,0,0.5474747821488234,0,-0.7200100474591208,-0.1945731709758276,False,False,False,False,False,False,0
0.9168971848395644,1.1505903919764056,-0.348369102820301,-1.2184705569895626,0.8084361535388619,1,1,1.364828412403149,0,0.7043421730336995,1.0813310506994636,False,False,False,False,False,True,0
-0.8680725547107871,-1.226220515037591,0.3456796638494558,-1.2184705569895626,0.8084361535388619,0,0,1.1486314263578254,0,1.4165182832801098,0.1210686399612653,False,False,True,False,False,True,0
-0.442585581910994,1.3407352645375252,0.3456796638494558,-1.2184705569895626,0.8084361535388619,1,1,0.4135763829268025,0,-0.0078339372127105,0.1699708923599698,False,False,False,True,False,False,0
1.4669169301661262,-1.321292951318151,-0.6953934861551795,0.3972555503089702,-0.9166876736979732,0,0,-1.5622196198976326,0,1.4165182832801098,0.8279284700879945,True,False,True,False,False,True,0
-1.1690267549838116,-0.1804237159514327,-1.3894422528249364,0.8777331761444985,0.8084361535388619,0,0,-1.708144031236436,0,-1.4321861577055308,-1.2793140423652738,False,False,True,False,True,False,0
0.1593228186350548,-1.511437823879271,0.3456796638494558,0.960636158334693,0.8084361535388619,0,0,1.2038189781740452,1,-1.4321861577055308,-0.0034098206899826,False,False,True,False,False,False,0
-0.4218301198231992,-0.7508583336347919,-1.736466636159815,0.5088720005866069,0.8084361535388619,1,1,1.444079289788633,0,-0.7200100474591208,-0.9725635500461272,True,True,False,False,False,False,0
-1.553002803608015,-0.3705685885125524,0.3456796638494558,-1.2184705569895626,0.8084361535388619,1,1,-0.3444789650510167,0,1.4165182832801098,0.8946133597225917,False,False,False,False,True,False,0
0.481032480995874,0.770300646854166,0.3456796638494558,-1.2184705569895626,-0.9166876736979732,1,0,-0.8731147642163175,1,0.7043421730336995,0.081057706180507,False,False,True,False,True,False,0
0.3668774395130026,0.009721156609687,0.6927040471843343,-1.2184705569895626,0.8084361535388619,1,0,-1.279364052435452,0,-1.4321861577055308,1.2813857196032548,True,False,False,False,True,False,0
1.0206744952785385,-0.1804237159514327,0.3456796638494558,-1.2184705569895626,-0.9166876736979732,1,1,0.3045572657114739,1,-0.7200100474591208,-1.3726728878537098,False,False,False,True,False,False,0
0.5744320603909505,-0.3705685885125524,1.3867528138540912,-1.2184705569895626,0.8084361535388619,1,1,-0.5220806726191889,0,-0.7200100474591208,1.125787643789195,False,False,False,False,False,True,0
0.1904560117667469,0.3900109017319265,-1.3894422528249364,0.3472794881968345,-0.9166876736979732,0,0,0.344157493732273,0,0.7043421730336995,0.4189278136624657,True,False,True,False,False,True,0
-1.1067603687204273,1.3407352645375252,-0.0013447194854226,0.6135316759367369,-0.9166876736979732,1,0,1.3938370286073545,1,-0.0078339372127105,-0.5191063005308669,True,True,False,False,True,False,0
-0.2454086920769435,0.5801557742930463,1.3867528138540912,-1.2184705569895626,0.8084361535388619,1,1,-0.0620483278110979,0,-1.4321861577055308,-0.7902915183782284,True,False,False,True,False,False,0
-0.1623868437257644,0.4850833380124864,-1.042417869490058,-1.2184705569895626,0.8084361535388619,0,0,-0.2437068671616098,0,-1.4321861577055308,0.2499927599214863,True,False,False,False,False,True,0
-0.6708956648767367,2.196387191062564,0.6927040471843343,0.7234426356153448,-0.9166876736979732,0,1,-1.6283376497346973,0,1.4165182832801098,-0.4746497074411355,True,False,True,False,False,False,0
-0.4322078508670966,-1.1311480787570314,1.3867528138540912,1.3362738250785868,-0.9166876736979732,0,1,0.051293811108945,0,-0.0078339372127105,-0.4168561364244846,False,False,False,False,False,False,0
0.875386260663975,-0.8459307699153518,1.3867528138540912,-1.2184705569895626,0.8084361535388619,1,0,-1.151883594823233,0,-0.0078339372127105,-1.1815095375678648,False,False,False,True,False,False,0
0.771608950225001,-0.4656410247931123,1.3867528138540912,-1.2184705569895626,0.8084361535388619,0,0,-1.5006379462099286,0,-0.0078339372127105,0.0410467723997487,True,False,False,False,False,True,0
0.2319669359423365,0.770300646854166,0.3456796638494558,0.4931352793599125,-0.9166876736979732,1,1,-1.7100153585613975,1,0.7043421730336995,-1.0837050327704556,True,True,False,True,False,False,0
-0.0170986091112009,2.006242318501444,1.0397284305192127,-1.2184705569895626,0.8084361535388619,1,1,0.0433705315841082,0,-0.0078339372127105,-1.5593905788305815,True,False,False,True,False,False,0
1.5291833164295108,-0.7508583336347919,1.3867528138540912,1.2566189923234754,-0.9166876736979732,0,1,-0.2056217135912161,1,0.7043421730336995,0.2588840785394326,True,True,False,False,False,True,0
-0.6190070096572498,0.009721156609687,0.6927040471843343,-1.2184705569895626,0.8084361535388619,1,0,-0.3016058702119444,0,1.4165182832801098,-0.1945731709758276,True,False,False,False,False,True,0
-1.0444939824570427,-0.6557858973542321,-0.348369102820301,-1.2184705569895626,0.8084361535388619,1,0,-0.8173605808148471,0,-0.0078339372127105,1.3969728616365564,True,False,True,False,False,False,0
0.0036568529765938,-0.2754961522319926,1.3867528138540912,1.1984957382162602,-0.9166876736979732,0,0,-0.4882371711364805,0,-0.7200100474591208,-0.4435300922783235,True,True,False,True,False,False,0
1.2593623092881785,0.1047935928902469,1.7337771971889695,-1.2184705569895626,0.8084361535388619,0,1,-0.5412147032901917,0,-0.0078339372127105,0.9746352272841082,False,False,False,False,True,False,0
-2.0615116247589875,-0.0853512796708728,1.0397284305192127,0.7128263889331061,-0.9166876736979732,1,0,0.5088504679322616,0,1.4165182832801098,-1.0792593734614826,False,True,False,True,False,False,0
0.0451677771521834,-0.8459307699153518,-0.6953934861551795,-1.2184705569895626,0.8084361535388619,0,1,-1.4487841145580502,0,-1.4321861577055308,-1.2748683830563008,True,False,False,False,True,False,0
-0.6397624717450445,-0.1804237159514327,0.3456796638494558,1.501843307144409,-0.9166876736979732,1,1,0.4837821928193504,0,-0.0078339372127105,1.6903863760287838,True,False,True,True,False,False,0
-1.0029830582814532,-0.9410032061959116,-0.348369102820301,0.8428489126029468,-0.9166876736979732,1,1,-0.9210825011882542,0,-0.0078339372127105,1.2991683568391474,True,False,False,True,False,False,0
-1.2728040654227857,2.1013147547820044,-1.3894422528249364,-1.2184705569895626,0.8084361535388619,1,1,1.5811382379387544,0,1.4165182832801098,-0.078986028942526,True,False,False,False,False,True,0
-0.6086292786133524,0.1998660291708067,-0.348369102820301,0.6980945174059522,0.8084361535388619,1,1,0.162600144802938,0,-0.0078339372127105,0.9212873155764304,False,True,False,True,False,False,0
0.0659232392399782,0.009721156609687,0.6927040471843343,-1.2184705569895626,0.8084361535388619,1,0,-0.9050264327614018,0,0.7043421730336995,1.0813310506994636,True,False,False,False,False,False,0
0.2008337428106443,-0.6557858973542321,0.3456796638494558,0.7654956595850713,0.8084361535388619,1,1,0.8033537135653813,0,-1.4321861577055308,0.6278738011842032,True,False,True,False,True,False,0
0.4602770189080792,-0.2754961522319926,0.6927040471843343,-1.2184705569895626,0.8084361535388619,1,1,-0.3152672725376453,0,-0.0078339372127105,-1.4037925030165217,False,False,True,False,True,False,0
-0.6501402027889419,-0.4656410247931123,0.3456796638494558,-1.2184705569895626,0.8084361535388619,1,1,1.34686937291138,0,-1.4321861577055308,-1.537162282285716,True,False,False,False,False,True,0
-0.4737187750426862,2.1013147547820044,-0.0013447194854226,0.5133755717065358,0.8084361535388619,0,1,-1.5958890808105846,0,-0.0078339372127105,-0.9814548686640736,True,False,False,False,False,False,0
-0.5256074302621732,0.8653730831347259,1.3867528138540912,1.4014198193899516,-0.9166876736979732,0,1,-1.0191161985045736,1,-1.4321861577055308,-0.5191063005308669,True,True,False,False,False,False,0
0.1697005496789521,-0.6557858973542321,0.6927040471843343,-1.2184705569895626,0.8084361535388619,1,1,-1.73264984756497,0,-0.7200100474591208,1.2280378078955771,True,False,False,True,False,False,0
1.6640938200001767,-0.5607134610736721,-1.042417869490058,0.8173930404343779,0.8084361535388619,0,1,0.0861022727935985,0,-1.4321861577055308,-1.1681725596409454,True,True,False,False,False,True,0
-2.445487673383191,0.1998660291708067,1.7337771971889695,0.7379068033984529,0.8084361535388619,1,0,-0.0370280399082295,0,-0.0078339372127105,-1.448249096106253,False,True,False,False,False,True,0
-1.0548717135009402,1.1505903919764056,-0.0013447194854226,-1.2184705569895626,0.8084361535388619,1,0,0.9299455384582952,0,-0.7200100474591208,1.6459297829390525,True,False,True,False,False,True,0
0.6263207156104375,-1.1311480787570314,-1.042417869490058,0.911143307884956,-0.9166876736979732,1,0,0.4586231592874456,0,1.4165182832801098,-0.1012143254873917,False,False,False,False,True,False,0
0.1800782807228495,0.2949384654513666,-1.3894422528249364,0.4446451971810839,-0.9166876736979732,1,0,0.8376937783520093,0,-0.7200100474591208,1.5881362119224016,False,True,False,False,False,True,0
-0.7746729753157106,-0.9410032061959116,-1.042417869490058,-1.2184705569895626,-0.9166876736979732,1,1,1.1908672997302077,0,-0.7200100474591208,0.2588840785394326,True,False,True,True,False,False,0
-0.5671183544377627,-0.8459307699153518,-1.042417869490058,0.6927630180201972,-0.9166876736979732,1,1,1.4308348198168537,1,0.7043421730336995,1.0857767100084368,False,False,True,False,False,True,0
-0.4529633129548914,1.0555179556958456,0.3456796638494558,-1.2184705569895626,-0.9166876736979732,1,0,-0.1193163685960523,1,0.7043421730336995,-1.1726182189499186,True,False,False,False,False,True,0
-1.8747124659688343,-0.2754961522319926,-0.0013447194854226,0.2235390363579639,0.8084361535388619,1,1,-0.0706696821486931,0,-1.4321861577055308,-1.06147673622559,False,True,False,False,False,True,0
0.8027421433566931,0.009721156609687,0.3456796638494558,0.8215832764902534,-0.9166876736979732,1,1,1.4699718669407194,1,-0.0078339372127105,1.312505334766067,True,True,False,False,False,True,0
0.3980106326446948,-0.3705685885125524,0.3456796638494558,0.5858070465593583,-0.9166876736979732,1,0,1.330619616977326,0,-0.0078339372127105,0.9835265459020543,True,False,False,False,False,True,0
0.3461219774252078,0.3900109017319265,-0.348369102820301,0.3408746120765798,0.8084361535388619,1,0,-0.9819028125832884,0,-1.4321861577055308,0.365579901954788,True,False,True,False,True,False,0
0.0763009702838756,1.6259525733792048,1.3867528138540912,0.763453617987248,-0.9166876736979732,1,0,-0.0161219597997086,1,0.7043421730336995,1.4280924767993686,False,False,False,True,False,False,0
0.9999190331907436,-1.226220515037591,-1.3894422528249364,0.0268688476737644,-0.9166876736979732,0,1,1.436454017792829,0,-0.0078339372127105,-1.1859551968768378,False,False,False,True,False,False,0
-0.3906969266915071,0.3900109017319265,1.0397284305192127,1.034815873128446,-0.9166876736979732,1,1,1.150258123231591,0,-0.7200100474591208,1.3569619278557985,True,True,False,False,False,False,0
-2.476620866514883,-0.3705685885125524,-1.042417869490058,-1.2184705569895626,0.8084361535388619,1,1,-0.6860510568012882,0,-1.4321861577055308,-0.2923776757732367,True,False,True,True,False,False,0
-1.0963826376765298,-0.2754961522319926,0.6927040471843343,0.1530461721109471,-0.9166876736979732,0,0,0.5971751008166851,0,0.7043421730336995,-0.3546169060988607,False,False,True,False,True,False,0
0.4395215568202844,-0.7508583336347919,-0.0013447194854226,-1.2184705569895626,-0.9166876736979732,1,0,-1.1273188376823642,0,-0.7200100474591208,0.1299599585792115,True,False,True,False,True,False,0
0.1489450875911573,1.3407352645375252,-0.0013447194854226,-0.1834129236039233,-0.9166876736979732,1,0,0.4796667679580816,1,-0.0078339372127105,-0.1189969627232842,True,False,False,True,False,False,0
1.456539199122229,1.0555179556958456,1.3867528138540912,-1.2184705569895626,4.258683808012532,1,1,1.6390330681882157,1,0.7043421730336995,-1.057031076916617,True,False,False,False,False,False,0
0.2008337428106443,-0.9410032061959116,0.3456796638494558,-1.2184705569895626,0.8084361535388619,0,0,-1.5366794705526352,0,-0.7200100474591208,-1.2393031085845156,False,False,True,True,False,False,0
0.0970564323716704,-0.3705685885125524,-0.0013447194854226,1.1947943176691005,0.8084361535388619,0,1,0.2299484554308072,1,-1.4321861577055308,0.7256783059816123,False,True,False,True,False,False,0
-0.4633410439987888,-1.1311480787570314,-1.042417869490058,-1.2184705569895626,0.8084361535388619,1,0,-0.6421841398875638,0,-0.0078339372127105,-1.0214658024448318,False,False,False,False,False,False,0
-1.0548717135009402,-0.0853512796708728,-1.042417869490058,0.4369277401435521,-0.9166876736979732,0,1,-0.1660976391863541,0,-0.0078339372127105,1.570353574686509,True,True,False,False,False,False,0
-0.5359851613060705,1.0555179556958456,0.3456796638494558,0.2975182935634725,-0.9166876736979732,1,1,-0.8683316912153244,0,-0.0078339372127105,1.663712420174945,False,False,True,False,False,False,0
-1.5633805346519123,-1.1311480787570314,-0.348369102820301,0.3078863699088265,0.8084361535388619,1,0,0.5506961844229928,0,-1.4321861577055308,-1.3593359099267903,True,True,False,False,False,False,0
1.010296764234641,2.006242318501444,0.3456796638494558,-1.2184705569895626,-0.9166876736979732,1,0,-1.4335763417753942,1,1.4165182832801098,0.4945040219150091,False,False,False,False,False,True,0
2.058447599668278,0.1047935928902469,-0.348369102820301,1.4406689988825665,0.8084361535388619,0,1,-0.9740902861482966,0,-1.4321861577055308,-0.1945731709758276,True,True,False,False,False,True,0
-1.0652494445448375,1.530880137098645,-1.3894422528249364,0.9845184704575188,0.8084361535388619,0,1,0.2802162750174344,1,0.7043421730336995,-1.2793140423652738,False,True,False,False,True,False,0
-0.8888280167985819,0.2949384654513666,0.3456796638494558,-1.2184705569895626,-0.9166876736979732,1,0,1.3956424604518585,1,-0.0078339372127105,-0.8303024521589867,False,False,False,True,False,False,0
1.456539199122229,-0.2754961522319926,-0.0013447194854226,0.6344050428072581,0.8084361535388619,0,0,-1.7136309166513883,0,1.4165182832801098,-0.4079648178065383,True,True,False,False,False,False,0
-0.2869196162525331,-0.3705685885125524,-1.736466636159815,1.6683627212158667,0.8084361535388619,1,0,1.0980831597791731,0,1.4165182832801098,-0.4702040481321623,False,True,False,False,False,False,0
0.958408109015154,-0.4656410247931123,-0.6953934861551795,-1.2184705569895626,0.8084361535388619,1,0,-1.272477192327515,0,-0.7200100474591208,0.6990043501277735,True,False,True,False,True,False,0
0.0555455081960808,-0.4656410247931123,-0.0013447194854226,1.262976315804985,-0.9166876736979732,1,0,-1.263894088664592,0,-0.7200100474591208,0.6901130315098273,True,False,True,False,True,False,0
0.8650085296200775,-0.9410032061959116,1.7337771971889695,-1.2184705569895626,0.8084361535388619,1,1,-0.0939926832963561,0,-0.7200100474591208,-0.745834925288497,True,False,True,False,False,False,0
-1.366203644817862,-0.7508583336347919,-0.348369102820301,0.2745446050934336,-0.9166876736979732,1,0,-0.4015545353956914,0,-1.4321861577055308,0.6767760535829078,True,False,False,False,False,False,0
0.2215892048984391,3.1471115538681627,-1.3894422528249364,-1.2184705569895626,0.8084361535388619,0,1,0.2008143074669973,0,-0.0078339372127105,1.1480159403340606,True,False,False,False,False,True,0
0.3668774395130026,0.770300646854166,0.6927040471843343,-1.2184705569895626,0.8084361535388619,1,1,1.3421243767183553,0,-1.4321861577055308,-0.3990734991885921,False,False,False,False,False,False,0
-1.9369788522322189,1.1505903919764056,1.0397284305192127,0.7432330191576807,-0.9166876736979732,0,0,1.4059967442187848,1,1.4165182832801098,0.9835265459020543,False,False,False,False,False,True,0
0.4187660947324896,-1.0360756424764714,1.3867528138540912,0.6859580272729268,-0.9166876736979732,0,0,-1.466861905008005,1,-0.0078339372127105,0.5700802301675525,True,False,True,False,False,True,0
-1.978489776407808,-0.3705685885125524,-0.0013447194854226,-1.2184705569895626,-0.9166876736979732,1,1,-0.8036513651458066,0,-0.7200100474591208,0.4589387474432239,False,False,False,True,False,False,0
-0.6812733959206341,0.770300646854166,-0.0013447194854226,1.2968474039324682,0.8084361535388619,1,1,-0.6076542126612016,0,-1.4321861577055308,-0.1367795999591768,False,True,False,False,False,False,0
-0.152009112681867,-0.5607134610736721,-1.736466636159815,0.8990787070946795,0.8084361535388619,0,1,-0.4493216301923047,0,-1.4321861577055308,-1.4349121181793338,True,False,False,True,False,False,0
-0.3284305404281227,2.956966681307043,-0.6953934861551795,0.1893155463521043,0.8084361535388619,1,0,-1.1663157482435689,1,-0.0078339372127105,1.3436249499288788,False,False,False,False,False,True,0
0.5121656741275662,0.009721156609687,-1.042417869490058,-1.2184705569895626,0.8084361535388619,1,1,-0.3112973741068319,0,0.7043421730336995,0.9123959969584844,True,False,False,False,False,False,0
0.0555455081960808,-0.2754961522319926,1.0397284305192127,-1.2184705569895626,0.8084361535388619,0,1,0.4074590568465791,0,0.7043421730336995,1.445875114035261,True,False,True,False,False,False,0
-0.5982515475694549,0.1047935928902469,-1.736466636159815,1.216679899294321,0.8084361535388619,1,1,-0.2942234900003063,0,1.4165182832801098,-1.0392484396807242,True,True,False,False,False,False,0
-1.7709351555298602,-0.1804237159514327,1.0397284305192127,1.2200617404915317,0.8084361535388619,1,1,1.297930764269594,0,-1.4321861577055308,-0.3990734991885921,True,False,False,False,True,False,0
0.1800782807228495,0.2949384654513666,1.3867528138540912,-1.2184705569895626,0.8084361535388619,0,0,0.611993933784611,0,-0.7200100474591208,-0.3590625654078338,False,False,False,False,True,False,0
-1.5322473415202202,0.3900109017319265,0.6927040471843343,0.4205022261495819,-0.9166876736979732,1,0,1.63885850601835,1,0.7043421730336995,1.4814403885070462,False,True,False,False,False,True,0
0.3046110532496183,-0.5607134610736721,1.7337771971889695,-1.2184705569895626,-0.9166876736979732,0,0,1.0067763652039814,0,-1.4321861577055308,0.9390699528123232,True,False,True,False,True,False,0
0.8442530675322827,-1.0360756424764714,-0.0013447194854226,-1.2184705569895626,0.8084361535388619,0,0,-1.5242916418267989,0,1.4165182832801098,0.7567979211444243,False,False,False,False,False,True,0
0.3668774395130026,-1.1311480787570314,1.3867528138540912,1.2204655376461273,0.8084361535388619,0,0,0.4531580072103751,0,1.4165182832801098,0.7212326466726392,False,True,False,False,False,False,0
0.5432988672592584,0.009721156609687,1.7337771971889695,0.4235553617328413,0.8084361535388619,1,0,1.2438417022832635,1,-0.0078339372127105,1.3302879720019594,False,True,False,False,False,True,0
-1.6152691898713996,-0.9410032061959116,-0.348369102820301,-1.2184705569895626,0.8084361535388619,1,0,1.1192773370146534,0,-0.0078339372127105,0.5033953405329553,False,False,False,False,False,False,0
-1.3869591069056568,0.5801557742930463,1.0397284305192127,-1.2184705569895626,0.8084361535388619,1,1,-1.1168887480329068,0,-1.4321861577055308,1.3747445650916907,False,False,False,False,False,True,0
1.0310522263224358,1.2456628282569653,1.0397284305192127,-1.2184705569895626,0.8084361535388619,0,1,1.3711225609203774,0,1.4165182832801098,0.0988403434163995,True,False,True,False,False,True,0
0.1178118944594652,0.4850833380124864,-1.042417869490058,0.6552731260512521,0.8084361535388619,0,1,0.769340865913899,0,0.7043421730336995,1.3880815430186102,True,True,False,False,False,False,0
-2.3728435560759094,-0.2754961522319926,-0.0013447194854226,0.3452524969291189,-0.9166876736979732,1,0,0.3119387765895969,1,-0.7200100474591208,1.4636577512711535,False,False,False,False,False,True,0
0.034790046108286,2.671749372465364,0.3456796638494558,1.1569739588773618,-0.9166876736979732,1,1,1.5050576460167426,0,1.4165182832801098,-1.6260754684651788,True,True,False,False,True,False,0
0.325366515337413,-0.9410032061959116,-1.736466636159815,0.92224500776812,-0.9166876736979732,1,0,-0.7797704257480457,1,-1.4321861577055308,-0.9725635500461272,True,False,True,False,True,False,0
0.1800782807228495,-0.9410032061959116,0.6927040471843343,-1.2184705569895626,0.8084361535388619,1,1,0.655726625603578,0,-0.7200100474591208,1.3614075871647713,True,False,False,True,False,False,0
-0.0274763401550982,-0.0853512796708728,-1.3894422528249364,0.7382965108823091,-0.9166876736979732,0,1,-0.1993526018792273,0,-0.0078339372127105,-0.0700947103245797,True,False,False,False,False,False,0
-0.2765418852086357,1.530880137098645,1.0397284305192127,0.6831980529069807,4.258683808012532,0,0,0.6158763772637883,1,-1.4321861577055308,-0.332388609553995,False,True,False,False,True,False,0
1.425406005990537,-1.1311480787570314,0.3456796638494558,-1.2184705569895626,0.8084361535388619,1,0,0.0551567815173805,0,1.4165182832801098,1.121341984480222,True,False,False,True,False,False,0
0.6470761776982322,-1.321292951318151,-0.348369102820301,-1.2184705569895626,0.8084361535388619,0,0,-0.3117508184683947,0,0.7043421730336995,-1.2437487678934886,False,False,False,True,False,False,0
-0.6501402027889419,-1.7966551327209506,-1.042417869490058,0.7203528348661841,0.8084361535388619,1,0,-1.6847956455501272,0,-1.4321861577055308,0.3389059461009491,False,True,False,True,False,False,0
-1.6879133071786812,-1.0360756424764714,-1.3894422528249364,0.0537783575768981,0.8084361535388619,1,1,1.1743364013373172,0,-0.0078339372127105,-1.666086402245937,True,True,False,False,True,False,0
0.4083883636885922,-0.8459307699153518,0.6927040471843343,0.4023502471603687,0.8084361535388619,0,0,0.9753600428958958,0,-0.7200100474591208,-1.06147673622559,True,True,False,True,False,False,0
0.2942333222057209,-0.7508583336347919,1.3867528138540912,0.7000582652652357,0.8084361535388619,1,1,0.0123099405504693,0,1.4165182832801098,-1.3326619540729516,False,False,True,False,False,False,0
0.5432988672592584,0.009721156609687,-1.3894422528249364,0.7771473369567503,-0.9166876736979732,1,0,0.279574706883168,1,1.4165182832801098,-0.1856818523578813,False,True,False,False,False,False,0
1.695227013131869,-0.1804237159514327,-1.042417869490058,0.5551829870976939,0.8084361535388619,1,0,-1.7047230299871616,0,-0.0078339372127105,0.0721663875625607,True,True,False,True,False,False,0
0.2008337428106443,-1.511437823879271,1.3867528138540912,0.7659823936651544,-0.9166876736979732,1,1,1.0279343781652264,0,-0.7200100474591208,1.1835812148058458,False,True,False,False,True,False,0
-0.2661641541647383,-0.3705685885125524,-0.348369102820301,0.1922546836902916,-0.9166876736979732,1,1,-1.1754395773529878,0,1.4165182832801098,-1.4571404147241995,True,True,False,False,False,True,0
-0.2454086920769435,0.3900109017319265,-0.6953934861551795,1.7423874496314882,-0.9166876736979732,1,0,0.3913092742667813,0,0.7043421730336995,0.1566339144330504,True,False,True,True,False,False,0
-0.8058061684474028,0.009721156609687,-0.0013447194854226,0.6870591030192206,-0.9166876736979732,1,0,0.0519969280560921,0,0.7043421730336995,1.3213966533840131,False,False,False,False,False,False,0
-1.3558259137739646,0.009721156609687,0.6927040471843343,-1.2184705569895626,0.8084361535388619,0,1,-1.7348021434820653,0,0.7043421730336995,1.3569619278557985,True,False,False,False,True,False,0
-0.9614721341058636,2.196387191062564,0.3456796638494558,0.6829404360863048,-0.9166876736979732,1,1,-1.392039586415989,0,1.4165182832801098,1.4414294547262878,True,False,False,False,True,False,0
-0.2972973472964305,-0.9410032061959116,-1.3894422528249364,-1.2184705569895626,0.8084361535388619,0,0,-1.0614428302959495,0,-0.7200100474591208,-1.5771732160664742,False,False,False,False,False,True,0
1.217851385112589,-0.4656410247931123,0.6927040471843343,0.6244183482312323,-0.9166876736979732,0,0,-0.7404878521937247,1,-0.7200100474591208,0.8768307224866991,True,True,False,False,False,True,0
0.7404757570933088,-0.1804237159514327,-0.6953934861551795,0.2971542036627784,0.8084361535388619,1,0,0.361788099021975,0,-0.7200100474591208,-1.4571404147241995,True,True,False,False,False,True,0
0.5017879430836688,0.6752282105736062,-0.0013447194854226,-0.3125535619734026,0.8084361535388619,0,1,-0.9563913512442948,0,-0.7200100474591208,1.16135291826098,False,False,True,False,False,True,0
0.8027421433566931,0.5801557742930463,0.6927040471843343,0.2399874460668853,0.8084361535388619,1,0,-0.5093976182315683,0,-1.4321861577055308,0.112177321343319,False,False,True,False,True,False,0
-0.5463628923499679,-0.2754961522319926,-0.6953934861551795,0.8463100081980659,0.8084361535388619,1,1,-1.0451642124891891,0,0.7043421730336995,0.2455471006125132,True,True,False,False,False,False,0
1.311250964507665,-0.5607134610736721,1.3867528138540912,1.2115594247498656,0.8084361535388619,0,0,1.3877805558732,1,1.4165182832801098,0.4500474288252776,False,False,False,False,False,False,0
-0.2038977679013539,2.481604499904244,0.3456796638494558,0.8545095561287329,-0.9166876736979732,1,1,-0.2651781879217567,0,-1.4321861577055308,-1.4126838216344682,True,True,False,False,False,True,0
-0.4322078508670966,-0.7508583336347919,0.3456796638494558,0.507268339880648,-0.9166876736979732,1,1,0.7077459783567631,0,0.7043421730336995,1.7392886284274882,False,False,False,False,True,False,0
-1.1482712928960168,-0.2754961522319926,-0.0013447194854226,-1.2184705569895626,0.8084361535388619,1,0,0.4236184020950451,0,-0.7200100474591208,1.3925272023275834,True,False,False,False,True,False,0
-2.1445334731101666,-0.5607134610736721,0.6927040471843343,-1.2184705569895626,0.8084361535388619,1,0,0.3858865456652554,0,-1.4321861577055308,1.2769400602942818,False,False,False,False,False,False,0
0.8234976054444879,-0.8459307699153518,-0.0013447194854226,-1.2184705569895626,0.8084361535388619,1,0,1.5491076445687817,0,0.7043421730336995,-0.839193770776933,False,False,False,False,False,True,0
-0.6501402027889419,0.8653730831347259,-0.0013447194854226,0.80070110357552,-0.9166876736979732,0,1,0.5829733207778949,0,-0.7200100474591208,-1.5905101939933937,True,True,False,True,False,False,0
0.429143825776387,0.009721156609687,-1.736466636159815,-1.2184705569895626,0.8084361535388619,0,0,-0.3221696067821535,0,-1.4321861577055308,-0.6969326728897925,False,False,True,False,False,True,0
0.6782093708299244,0.009721156609687,0.3456796638494558,-1.2184705569895626,0.8084361535388619,1,0,-0.1244134448627595,0,-0.0078339372127105,1.6948320353377568,False,False,True,False,False,False,0
-0.9614721341058636,-0.4656410247931123,-1.042417869490058,0.9812810483853852,0.8084361535388619,1,0,-1.5779149149156495,0,0.7043421730336995,0.841265448014914,True,False,False,False,True,False,0
0.4187660947324896,2.861894245026483,1.7337771971889695,1.2624953456811128,-0.9166876736979732,1,1,-0.5143293472636717,0,-0.0078339372127105,0.1833078702868892,True,False,False,False,False,True,0
0.8234976054444879,-0.9410032061959116,-0.0013447194854226,1.656129684816299,-0.9166876736979732,0,0,0.2013155651718997,0,1.4165182832801098,0.9746352272841082,True,False,False,False,False,False,0
-1.075627175588735,-0.5607134610736721,-1.736466636159815,0.3999900672016488,-0.9166876736979732,1,0,-1.0028881759084016,0,1.4165182832801098,1.125787643789195,False,True,False,False,False,False,0
-1.2728040654227857,3.1471115538681627,-0.0013447194854226,0.2900216280708205,-0.9166876736979732,1,1,-0.3779098808473799,0,-0.7200100474591208,0.4678300660611702,True,True,False,False,False,False,0
-0.4529633129548914,1.6259525733792048,1.7337771971889695,0.8510330899837165,0.8084361535388619,1,0,0.73129639715202,1,-0.7200100474591208,-1.448249096106253,False,False,False,False,True,False,0
-0.4010746577354044,-0.5607134610736721,-0.6953934861551795,1.2750236247266264,0.8084361535388619,1,1,-0.7420644754570109,0,0.7043421730336995,0.1166229806522921,True,True,False,False,True,False,0
0.6885871018738219,-0.5607134610736721,-0.348369102820301,-0.0890383876736596,-0.9166876736979732,0,0,-0.2058319184352073,0,-0.7200100474591208,0.907950337649511,False,True,False,False,False,False,0
-1.553002803608015,0.5801557742930463,-1.736466636159815,-1.2184705569895626,-0.9166876736979732,0,0,-0.2741544042002832,0,1.4165182832801098,-0.239029764065559,True,False,False,False,False,True,0
-2.995507418709753,-1.0360756424764714,0.3456796638494558,1.1207098682627314,2.533559980775697,1,0,0.0031965434432336,1,-0.7200100474591208,-1.257085745820408,False,False,True,False,False,True,0
-1.0548717135009402,0.009721156609687,-1.042417869490058,0.6407285831009724,0.8084361535388619,1,1,1.6553299419987968,0,-1.4321861577055308,0.8812763817956722,True,False,True,True,False,False,0
-1.252048603334991,-0.7508583336347919,-1.042417869490058,0.6852272857132227,0.8084361535388619,0,0,-1.0261948335859776,0,-0.7200100474591208,-1.1459442630960797,True,False,True,False,False,False,0
1.5188055853856133,-0.6557858973542321,0.6927040471843343,-1.2184705569895626,0.8084361535388619,0,1,-1.0901327488334585,0,0.7043421730336995,1.1080050065533025,True,False,False,True,False,False,0
-0.0274763401550982,-0.9410032061959116,-1.042417869490058,-0.497620106254352,-0.9166876736979732,1,1,1.2703480288971276,0,0.7043421730336995,-0.0523120730886871,True,False,True,False,True,False,0
-2.123778011022372,0.3900109017319265,-1.042417869490058,-1.2184705569895626,0.8084361535388619,1,0,-1.1571181996520556,1,1.4165182832801098,-1.150389922405053,True,False,False,True,False,False,0
0.1593228186350548,-1.511437823879271,-1.3894422528249364,-1.2184705569895626,0.8084361535388619,1,0,-0.1540128601239396,0,-0.0078339372127105,-0.5902368494744371,True,False,False,False,False,True,0
-0.6708956648767367,-0.1804237159514327,0.3456796638494558,0.4533013785316186,-0.9166876736979732,1,0,1.592527376322253,0,0.7043421730336995,0.6323194604931764,False,True,False,False,False,False,0
-1.1067603687204273,-0.1804237159514327,1.0397284305192127,0.6188558102673326,-0.9166876736979732,1,0,0.6192984217132812,1,1.4165182832801098,1.5614622560685627,False,True,False,True,False,False,0
0.7923644123127958,1.9111698822208845,-0.348369102820301,-1.2184705569895626,-0.9166876736979732,1,1,1.0942224496378774,1,1.4165182832801098,-1.381564206471656,False,False,False,True,False,False,0
0.3046110532496183,0.8653730831347259,-0.0013447194854226,1.0184952311155466,0.8084361535388619,0,0,-0.4757787525292046,0,-0.0078339372127105,-0.2923776757732367,True,True,False,True,False,False,0
1.2593623092881785,0.3900109017319265,0.6927040471843343,0.9934567654426282,-0.9166876736979732,1,1,1.3374847437473811,0,-0.7200100474591208,1.4636577512711535,True,False,True,False,False,True,0
0.1904560117667469,2.481604499904244,-1.3894422528249364,-1.2184705569895626,-0.9166876736979732,1,1,1.3426750125669245,1,-0.7200100474591208,1.3702989057827175,False,False,True,True,False,False,0
-1.2935595275105802,-1.321292951318151,0.3456796638494558,-1.2184705569895626,0.8084361535388619,0,1,-0.0638561937894448,0,-0.0078339372127105,-0.7858458590692553,False,False,False,False,False,True,0
-0.733162051140121,-0.7508583336347919,0.3456796638494558,0.653081541811719,-0.9166876736979732,1,0,0.1165951890417688,0,-0.7200100474591208,-1.5504992602126355,True,True,False,False,False,True,0
2.058447599668278,-0.1804237159514327,-0.6953934861551795,2.188318964023208,-0.9166876736979732,0,1,-0.5400023307698018,0,-0.7200100474591208,0.24110144130354,False,False,False,False,False,True,0
0.2527223980301313,0.8653730831347259,-0.6953934861551795,0.0735753056249193,-0.9166876736979732,0,0,0.0168054380246124,0,-0.0078339372127105,1.1080050065533025,True,True,False,False,False,True,0
2.058447599668278,-1.226220515037591,1.0397284305192127,0.7529031764717572,-0.9166876736979732,1,0,-0.4521556574520716,0,1.4165182832801098,-1.6305211277741518,False,True,False,False,False,False,0
-0.4840965060865836,-0.2754961522319926,0.6927040471843343,0.8442132090162331,-0.9166876736979732,1,0,1.5675352548252794,0,-0.7200100474591208,1.210255170659685,True,False,False,False,False,True,0
-0.9614721341058636,0.3900109017319265,-1.3894422528249364,-1.2184705569895626,-0.9166876736979732,0,1,-0.2398837122281733,0,1.4165182832801098,0.9924178645200008,False,False,False,False,True,False,0
-0.992605327237556,0.3900109017319265,0.3456796638494558,-1.2184705569895626,2.533559980775697,0,0,0.4298555223336722,1,0.7043421730336995,1.2013638520417382,False,False,False,True,False,False,0
-0.8265616305351976,-1.226220515037591,-0.348369102820301,0.6754215153182807,0.8084361535388619,0,0,-0.6955361809196515,0,0.7043421730336995,1.5614622560685627,True,True,False,False,False,False,0
1.9442925581854065,0.770300646854166,-1.042417869490058,0.9736111439865988,-0.9166876736979732,1,1,1.1780048149050362,1,-0.0078339372127105,0.2988950123201909,True,True,False,False,False,False,0
0.2527223980301313,0.8653730831347259,-1.042417869490058,0.7739750796117862,-0.9166876736979732,1,0,-1.4841741603644163,1,0.7043421730336995,1.210255170659685,False,True,False,True,False,False,0
0.8650085296200775,1.0555179556958456,-1.042417869490058,-1.2184705569895626,0.8084361535388619,0,1,0.8109908084969925,0,-0.0078339372127105,1.1391246217161144,True,False,False,True,False,False,0
-0.2350309610330461,0.1047935928902469,1.3867528138540912,-1.2184705569895626,-0.9166876736979732,1,0,-1.744311087338747,0,-0.0078339372127105,-0.2168014675206933,True,False,False,False,True,False,0
-1.2105376791594011,0.4850833380124864,-1.042417869490058,0.6136327052803331,-0.9166876736979732,1,1,0.6241635597981156,0,-1.4321861577055308,1.517005662978831,False,False,False,False,True,False,0
-0.9822275961936584,-0.6557858973542321,-0.6953934861551795,0.7589271511523676,-0.9166876736979732,1,1,-0.5321101733848116,0,0.7043421730336995,0.5167323184598748,False,False,False,False,False,False,0
1.61220516478069,0.2949384654513666,-0.0013447194854226,-1.2184705569895626,0.8084361535388619,1,1,-0.4438884695885959,0,-0.7200100474591208,0.8190371514700483,True,False,True,False,False,False,0
-1.469980955256836,2.481604499904244,-1.042417869490058,-1.2184705569895626,0.8084361535388619,1,1,-0.9103604893443704,0,-1.4321861577055308,-1.4526947554152263,True,False,False,False,False,True,0
-0.9095834788863768,-1.226220515037591,0.6927040471843343,0.1265627146377811,0.8084361535388619,0,0,1.4441316236662516,0,1.4165182832801098,1.6770493981018644,True,False,False,False,False,True,0
0.5951875224787453,-1.511437823879271,1.0397284305192127,-0.0446402340753211,0.8084361535388619,1,0,-0.6430428675339435,0,-0.0078339372127105,0.4411561102073313,True,True,False,False,False,False,0
1.1036963436297176,1.1505903919764056,1.0397284305192127,0.089794758184328,-0.9166876736979732,1,1,0.2797303175824008,0,0.7043421730336995,0.3611342426458148,True,False,False,False,True,False,0
0.8338753364883853,-1.321292951318151,-1.736466636159815,0.557835047394569,-0.9166876736979732,0,0,1.254366027685776,0,-0.0078339372127105,1.059102754154598,True,False,False,False,False,True,0
1.2386068472003835,0.770300646854166,-0.6953934861551795,-0.0550480176745767,0.8084361535388619,1,1,0.1294107298571159,0,0.7043421730336995,1.1346789624071412,False,False,True,True,False,False,0
0.8650085296200775,-1.321292951318151,-0.6953934861551795,0.2500381846008168,-0.9166876736979732,0,0,-1.2521890344816455,0,-0.0078339372127105,1.3302879720019594,False,False,False,False,True,False,0
1.311250964507665,-0.1804237159514327,-1.736466636159815,0.472573806564392,0.8084361535388619,1,1,0.5784289667601938,1,-1.4321861577055308,0.0010358386189905,False,True,False,True,False,False,0
-1.283181796466683,-0.6557858973542321,-1.736466636159815,-0.1275078319787725,-0.9166876736979732,1,1,1.2149440130356064,0,-0.7200100474591208,1.1746898961878995,False,False,True,False,False,True,0
2.0480698686243803,-0.3705685885125524,-0.348369102820301,0.5561511716313333,-0.9166876736979732,0,0,0.45185365920407,0,-0.0078339372127105,-0.0345294358527946,True,False,False,False,True,False,0
-0.6501402027889419,-1.7015826964403906,-0.6953934861551795,-1.2184705569895626,0.8084361535388619,0,1,-0.7794418176792751,0,-1.4321861577055308,-0.7991828369961748,False,False,False,False,False,True,0
0.8961417227517697,1.8160974459403243,-1.042417869490058,0.9229262753703416,4.258683808012532,1,0,-1.252838774350955,1,0.7043421730336995,0.525623637077821,True,True,False,True,False,False,0
-1.5322473415202202,0.9604455194152858,0.6927040471843343,-1.2184705569895626,2.533559980775697,0,1,-0.219231129772704,1,1.4165182832801098,-0.8836503638666644,False,False,False,False,False,True,0
-0.2246532299891487,0.1047935928902469,0.6927040471843343,-1.2184705569895626,0.8084361535388619,1,1,-1.1471398156971302,0,0.7043421730336995,0.7567979211444243,False,False,False,True,False,False,0
-1.2935595275105802,-0.2754961522319926,0.3456796638494558,-1.2184705569895626,0.8084361535388619,1,1,0.0321479575021344,0,1.4165182832801098,0.9612982493571888,False,False,True,False,False,False,0
0.481032480995874,1.2456628282569653,1.7337771971889695,0.4995789020746999,2.533559980775697,1,0,-1.2453197349107172,1,0.7043421730336995,-1.1326072851691602,True,True,False,False,True,False,0
0.532921136215361,1.8160974459403243,-0.348369102820301,0.2694454251649816,-0.9166876736979732,0,1,-0.26571195870013,0,0.7043421730336995,-1.6171841498472326,True,False,True,False,False,False,0
-0.6397624717450445,-0.2754961522319926,-1.3894422528249364,-1.2184705569895626,0.8084361535388619,1,0,-0.896360220814419,0,-1.4321861577055308,0.0321554537818024,True,False,False,False,False,True,0
-0.7539175132279158,-0.1804237159514327,-0.348369102820301,-1.2184705569895626,0.8084361535388619,1,1,-1.1855041991926272,0,-0.0078339372127105,-0.6346934425641685,True,False,True,False,False,True,0
0.325366515337413,0.3900109017319265,-1.042417869490058,0.582756472734415,0.8084361535388619,1,0,-1.2180424833355152,0,-1.4321861577055308,-0.6124651460193028,True,False,False,False,False,True,0
0.8338753364883853,0.2949384654513666,-1.042417869490058,0.6850705381262486,0.8084361535388619,0,0,-0.2261856240281284,0,-0.0078339372127105,-1.692760358099776,False,True,False,True,False,False,0
-0.0378540711989956,0.3900109017319265,0.6927040471843343,1.0226225439827796,-0.9166876736979732,1,0,0.7517525102330389,0,1.4165182832801098,-0.0923230068694454,False,False,False,False,True,False,0
1.3942728128588446,0.1047935928902469,0.3456796638494558,-1.2184705569895626,0.8084361535388619,0,0,-1.0289864373701996,0,1.4165182832801098,-1.248194427202462,True,False,True,False,True,False,0
0.0036568529765938,0.2949384654513666,-0.348369102820301,-1.2184705569895626,0.8084361535388619,1,1,-1.0828293041050063,0,1.4165182832801098,-1.6749777208638834,False,False,True,True,False,False,0
0.8131198744005905,0.009721156609687,0.3456796638494558,1.0245824492045887,-0.9166876736979732,1,0,1.2521662661587474,1,0.7043421730336995,-0.8836503638666644,False,False,True,True,False,False,0
-0.3699414646037122,-0.6557858973542321,0.3456796638494558,-1.2184705569895626,0.8084361535388619,1,1,-0.9985135157928804,0,1.4165182832801098,-0.4213017957334578,False,False,True,True,False,False,0
-1.677535576134784,0.1998660291708067,-1.736466636159815,1.017608862738132,-0.9166876736979732,1,1,1.3183065509338026,0,1.4165182832801098,-1.310433657528086,False,True,False,False,False,True,0
-1.4284700310812464,2.5766769361848034,1.3867528138540912,-1.2184705569895626,0.8084361535388619,1,1,-1.4986784684665193,0,1.4165182832801098,-0.9947918465909928,True,False,True,False,True,False,0
0.5225434051714636,0.4850833380124864,1.3867528138540912,-1.2184705569895626,-0.9166876736979732,0,0,-0.7167460061584063,1,0.7043421730336995,1.6459297829390525,True,False,True,False,False,False,0
0.2942333222057209,0.4850833380124864,0.6927040471843343,0.5223239536150153,-0.9166876736979732,0,1,-0.4885798624081982,0,0.7043421730336995,1.6281471457031598,True,False,False,True,False,False,0
1.300873233463768,-1.511437823879271,0.3456796638494558,-1.2184705569895626,0.8084361535388619,1,1,1.09178188272712,0,0.7043421730336995,-0.0078554799989557,True,False,False,False,True,False,0
1.3942728128588446,-0.9410032061959116,0.6927040471843343,0.0767454815412515,0.8084361535388619,1,0,-0.6169785100792408,0,-1.4321861577055308,1.0413201169187054,True,False,True,False,False,False,0
0.5432988672592584,0.4850833380124864,-0.6953934861551795,-1.2184705569895626,0.8084361535388619,0,1,0.9119927581678356,0,1.4165182832801098,-1.2615314051293811,True,False,False,False,False,False,0
0.8857639917078723,-1.0360756424764714,1.0397284305192127,-1.2184705569895626,0.8084361535388619,1,0,0.1036023041893073,0,-0.7200100474591208,1.4547664326532073,True,False,False,False,False,True,0
1.0829408815419228,-1.226220515037591,-0.0013447194854226,1.2655307090660537,-0.9166876736979732,0,1,0.6016358249502175,1,-1.4321861577055308,-0.3946278398796189,False,True,False,False,False,False,0
0.5951875224787453,-0.3705685885125524,-1.042417869490058,-1.2184705569895626,0.8084361535388619,1,0,0.0791284793341352,0,-0.7200100474591208,-0.8214111335410405,True,False,True,True,False,False,0
1.695227013131869,1.7210250096597648,-0.0013447194854226,-1.2184705569895626,2.533559980775697,0,0,-1.069103744965879,1,0.7043421730336995,0.3833625391906806,False,False,True,False,False,True,0
-0.0378540711989956,0.1998660291708067,-0.0013447194854226,0.7516690494029146,-0.9166876736979732,0,1,-1.6580716378240403,0,-0.0078339372127105,1.508114344360885,True,True,False,False,False,False,0
1.4150282749466394,0.009721156609687,-0.6953934861551795,0.9452438334916362,-0.9166876736979732,0,1,0.2200246656206405,0,-1.4321861577055308,-0.7236066287436314,False,False,False,False,False,True,0
-0.4218301198231992,-0.8459307699153518,1.3867528138540912,-1.2184705569895626,0.8084361535388619,1,1,0.8424954550902293,0,0.7043421730336995,1.6281471457031598,True,False,False,True,False,False,0
0.0244123150643886,-1.416365387598711,1.0397284305192127,1.10443149526205,-0.9166876736979732,1,1,0.5154066335709911,0,-0.0078339372127105,0.9212873155764304,False,False,False,False,True,False,0
1.8924039029659196,-0.0853512796708728,1.0397284305192127,-1.2184705569895626,0.8084361535388619,1,1,-0.5902084276768452,0,-0.0078339372127105,-0.301268994391183,True,False,True,True,False,False,0
0.1178118944594652,1.3407352645375252,0.3456796638494558,1.1863837448971342,-0.9166876736979732,0,1,0.8847377615306244,1,-0.0078339372127105,0.2099818261407281,False,False,True,True,False,False,0
-1.4077145689934516,-0.7508583336347919,0.6927040471843343,-1.2184705569895626,-0.9166876736979732,1,0,-0.928666219042028,0,-0.7200100474591208,-1.248194427202462,False,False,True,True,False,False,0
0.3046110532496183,-0.0853512796708728,0.3456796638494558,1.242778292470579,-0.9166876736979732,1,0,0.0154475390737669,0,-0.7200100474591208,-0.1189969627232842,True,False,False,False,True,False,0
0.0451677771521834,-1.1311480787570314,-0.6953934861551795,1.1976682902801186,0.8084361535388619,1,0,-1.450614583207794,0,0.7043421730336995,1.032428798300759,False,True,False,True,False,False,0
0.034790046108286,-1.7966551327209506,0.6927040471843343,0.933368162377182,-0.9166876736979732,0,0,-1.2588253526704825,0,0.7043421730336995,-0.4035191584975652,False,False,False,True,False,False,0
-0.7539175132279158,0.1998660291708067,-1.736466636159815,1.051082077777126,-0.9166876736979732,0,1,-1.5861817550457191,0,-0.7200100474591208,-0.0211924579258751,True,True,False,False,True,False,0
-0.0689872643306878,0.1047935928902469,-0.6953934861551795,0.8565019636591793,-0.9166876736979732,1,1,0.0487054575005923,0,0.7043421730336995,1.2902770382212012,False,False,False,False,False,True,0
-1.5945137277836046,-0.9410032061959116,1.3867528138540912,-1.2184705569895626,-0.9166876736979732,1,0,1.5579245989473114,0,0.7043421730336995,-0.4524214108962698,False,False,False,True,False,False,0
1.61220516478069,0.3900109017319265,-1.3894422528249364,0.4754812421434163,0.8084361535388619,1,0,-1.1395788743814566,1,0.7043421730336995,1.410309839563476,True,False,False,False,False,False,0
-0.1623868437257644,-0.9410032061959116,-0.6953934861551795,0.339801395451975,-0.9166876736979732,0,1,0.5475599768333194,0,-0.0078339372127105,1.503668685051912,False,True,False,False,False,True,0
-1.3246927206422725,0.4850833380124864,1.7337771971889695,0.6799369345704223,0.8084361535388619,0,0,-0.318421040664327,0,1.4165182832801098,1.0502114355366516,True,False,False,True,False,False,0
0.4083883636885922,-1.0360756424764714,-1.3894422528249364,-1.2184705569895626,0.8084361535388619,0,0,-0.1315454570220011,0,1.4165182832801098,-0.1678992151219888,True,False,False,True,False,False,0
2.058447599668278,-1.416365387598711,-1.3894422528249364,-1.2184705569895626,0.8084361535388619,0,1,-0.5455662391342068,0,-0.0078339372127105,1.2502661044404428,False,False,True,False,False,True,0
0.5744320603909505,1.530880137098645,-1.3894422528249364,-1.2184705569895626,0.8084361535388619,0,1,-0.8001660332164025,0,1.4165182832801098,0.4544930881342508,False,False,False,True,False,False,0
-0.6708956648767367,-0.0853512796708728,-1.736466636159815,0.8969401192303137,0.8084361535388619,0,0,-1.1944811109379665,0,1.4165182832801098,1.3747445650916907,False,True,False,False,False,False,0
1.0829408815419228,2.006242318501444,-0.6953934861551795,0.6376016368562264,-0.9166876736979732,1,0,-0.1200914663582635,1,-0.0078339372127105,-0.3723995433347533,False,True,False,False,False,False,0
-0.6605179338328393,-0.4656410247931123,-0.6953934861551795,0.7153028086754248,-0.9166876736979732,1,1,0.5441720102576248,0,1.4165182832801098,-0.4213017957334578,False,False,False,True,False,False,0
0.5744320603909505,0.770300646854166,-0.6953934861551795,-1.2184705569895626,0.8084361535388619,1,0,1.2843881129020784,0,1.4165182832801098,0.8190371514700483,True,False,False,True,False,False,0
1.0518076884102303,0.6752282105736062,1.3867528138540912,0.6053362908633336,2.533559980775697,1,0,-0.1410218878052119,1,-0.0078339372127105,-1.3015423389101397,False,True,False,False,True,False,0
-0.2454086920769435,0.5801557742930463,1.0397284305192127,-1.2184705569895626,0.8084361535388619,1,0,1.625162851952148,0,-0.7200100474591208,0.3433516054099223,False,False,False,False,False,False,0
0.2838555911618235,-0.3705685885125524,-1.3894422528249364,0.8703799691175554,0.8084361535388619,1,1,-1.0969271118553707,0,-0.7200100474591208,-0.0034098206899826,True,True,False,False,True,False,0
-0.4218301198231992,0.3900109017319265,1.3867528138540912,0.8183884436501273,0.8084361535388619,0,1,-1.4347139516134713,0,-0.0078339372127105,-0.1901275116668545,False,True,False,False,False,False,0
-0.3076750783403279,-1.0360756424764714,-1.3894422528249364,1.0730963877577375,0.8084361535388619,1,0,-0.3252609567624391,0,0.7043421730336995,-1.3860098657806292,False,True,False,True,False,False,0
0.4602770189080792,-1.0360756424764714,1.0397284305192127,-1.2184705569895626,-0.9166876736979732,0,0,1.3262931179385506,0,-0.0078339372127105,0.2855580343932715,True,False,True,False,False,True,0
-0.2661641541647383,-1.226220515037591,1.0397284305192127,-1.2184705569895626,0.8084361535388619,0,0,1.5820030509197407,0,0.7043421730336995,0.4189278136624657,True,False,True,False,True,False,0
-1.376581375861759,-0.0853512796708728,0.6927040471843343,0.788163698266005,-0.9166876736979732,1,0,1.5264519438274369,0,0.7043421730336995,-0.2745950385373442,False,False,False,False,True,False,0
0.2838555911618235,-1.226220515037591,-0.6953934861551795,0.0072356920480871,-0.9166876736979732,1,1,1.466895643363599,0,1.4165182832801098,0.8368197887059409,False,False,True,True,False,False,0
1.4461614680783317,0.4850833380124864,-0.0013447194854226,-1.2184705569895626,0.8084361535388619,1,1,0.4093964535187009,1,-0.7200100474591208,-0.7858458590692553,False,False,False,False,True,False,0
0.1281896255033626,1.8160974459403243,-0.0013447194854226,0.3613046346484987,-0.9166876736979732,1,1,-0.6875334443115196,0,-1.4321861577055308,0.7390152839085318,True,False,False,False,False,False,0
0.667831639786027,-0.3705685885125524,1.0397284305192127,0.587700025845156,-0.9166876736979732,0,1,-1.4358432158498018,0,-1.4321861577055308,-0.1856818523578813,False,False,False,False,False,True,0
0.8027421433566931,-0.7508583336347919,1.0397284305192127,1.421274246890193,0.8084361535388619,1,1,-1.5798206678478155,0,0.7043421730336995,-1.5905101939933937,True,False,True,False,True,False,0
-2.621909101129446,0.6752282105736062,-1.042417869490058,0.8254158270412253,-0.9166876736979732,1,0,0.6878756221983299,1,1.4165182832801098,-0.585791190165464,True,True,False,False,True,False,0
1.695227013131869,-1.321292951318151,1.0397284305192127,0.94560151899654,-0.9166876736979732,1,1,0.6196567609882736,0,-0.0078339372127105,0.7879175363072363,False,True,False,False,False,False,0
0.3564997084691052,-1.606510260159831,1.0397284305192127,-1.2184705569895626,0.8084361535388619,0,0,0.728511226435811,0,-0.7200100474591208,-0.6213564646372491,True,False,True,True,False,False,0
-0.5671183544377627,0.5801557742930463,0.6927040471843343,-1.2184705569895626,0.8084361535388619,0,0,1.170560364280408,0,-0.7200100474591208,1.6237014863941868,True,False,False,False,True,False,0
-1.4803586863007334,-0.6557858973542321,1.3867528138540912,1.5139884432117514,-0.9166876736979732,1,1,-1.3698103806972333,0,0.7043421730336995,1.7215059911915958,True,True,False,False,False,True,0
1.6640938200001767,0.4850833380124864,-0.348369102820301,0.6235801729321414,0.8084361535388619,1,0,1.1233026989237405,0,-0.7200100474591208,-1.706097336026695,True,False,False,False,False,False,0
-0.7954284374035054,1.3407352645375252,-1.3894422528249364,0.1409157661539227,0.8084361535388619,0,1,-1.293837586131114,0,-0.0078339372127105,1.2991683568391474,True,False,True,True,False,False,0
1.695227013131869,0.5801557742930463,0.6927040471843343,-1.2184705569895626,-0.9166876736979732,0,1,-0.8266676654292839,1,1.4165182832801098,0.2633297378484058,True,False,False,False,False,True,0
0.2008337428106443,-0.3705685885125524,-1.3894422528249364,1.1007010948239373,-0.9166876736979732,1,1,1.3662621172365257,0,1.4165182832801098,0.5522975929316599,True,True,False,False,True,False,0
-0.2972973472964305,1.7210250096597648,0.6927040471843343,-0.0739763695435018,0.8084361535388619,1,1,-0.2783597181470308,0,-0.0078339372127105,1.067994072772544,False,False,False,False,False,False,0
-0.7435397821840184,-0.3705685885125524,1.7337771971889695,0.9635296643528726,0.8084361535388619,1,1,-1.314985514823582,0,-0.0078339372127105,0.5122866591509017,True,True,False,True,False,False,0
1.404650543902742,1.1505903919764056,-1.736466636159815,-0.2876383809194525,-0.9166876736979732,0,1,0.732100878387047,0,1.4165182832801098,-0.6702587170359536,True,False,False,False,False,False,0
-0.6605179338328393,-0.3705685885125524,-1.3894422528249364,0.4316321053742243,-0.9166876736979732,1,0,1.381105291542879,1,1.4165182832801098,0.4011451764265731,False,True,False,False,False,False,0
-0.3803191956476097,1.8160974459403243,-0.6953934861551795,-0.0607271156418648,-0.9166876736979732,1,1,-0.2563525402080741,1,-0.0078339372127105,0.1833078702868892,True,True,False,True,False,False,0
-0.6293847407011471,-0.4656410247931123,-0.6953934861551795,0.3206221513779545,-0.9166876736979732,0,0,-1.207664727563677,0,0.7043421730336995,-0.7991828369961748,False,False,False,False,False,False,0
0.1178118944594652,-0.3705685885125524,-0.0013447194854226,-1.2184705569895626,0.8084361535388619,1,1,-0.6571526720868185,0,1.4165182832801098,-1.5771732160664742,True,False,True,False,False,True,0
-0.0067208780673035,-0.7508583336347919,0.6927040471843343,0.9911750393323426,0.8084361535388619,1,0,0.5125842553803288,0,-0.0078339372127105,-0.8169654742320672,True,True,False,False,False,False,0
-0.2661641541647383,-0.0853512796708728,0.6927040471843343,1.0402732188914858,-0.9166876736979732,1,0,-0.8282267281555619,1,-0.7200100474591208,-1.2615314051293811,True,False,False,False,False,False,0
1.4357837370344342,0.6752282105736062,1.0397284305192127,1.701366013713728,-0.9166876736979732,0,0,0.6752146488819973,1,-0.7200100474591208,0.24110144130354,True,False,True,True,False,False,0
0.8961417227517697,0.9604455194152858,0.3456796638494558,0.4910359184197637,-0.9166876736979732,1,0,0.4010753669772786,0,-1.4321861577055308,-1.2970966796011665,True,False,False,False,True,False,0
0.5225434051714636,-0.8459307699153518,-1.042417869490058,-1.2184705569895626,0.8084361535388619,1,1,0.7842436764993999,0,-0.0078339372127105,0.7968088549251826,True,False,True,True,False,False,0
-1.2728040654227857,-0.0853512796708728,-1.042417869490058,-1.2184705569895626,-0.9166876736979732,1,0,0.7990489478644875,1,1.4165182832801098,-1.190400856185811,False,False,False,False,False,False,0
-0.2972973472964305,-0.5607134610736721,-1.042417869490058,0.0624459067299611,-0.9166876736979732,1,1,0.0634323149826029,0,-0.7200100474591208,-1.1726182189499186,True,True,False,False,False,False,0
-0.992605327237556,1.1505903919764056,1.0397284305192127,-0.2361300671144229,-0.9166876736979732,1,0,1.7104895012758252,1,0.7043421730336995,0.1788622109779161,False,False,False,True,False,False,0
-0.4633410439987888,0.009721156609687,1.7337771971889695,-1.2184705569895626,2.533559980775697,1,0,0.5617605398051881,1,1.4165182832801098,-0.5635628936205983,False,False,False,False,False,True,0
-1.013360789325351,-1.606510260159831,1.0397284305192127,-1.2184705569895626,0.8084361535388619,0,1,0.7344011348684404,0,0.7043421730336995,-0.2968233350822098,False,False,False,False,False,True,0
-1.137893561852119,-0.6557858973542321,-1.042417869490058,0.8941144998075139,-0.9166876736979732,0,1,1.0311385676357936,0,-0.0078339372127105,-0.8925416824846106,True,False,True,False,False,True,0
0.9895413021468462,-1.7015826964403906,-0.348369102820301,0.0788294719315031,0.8084361535388619,1,0,1.1692758370782512,0,-1.4321861577055308,-0.6391391018731417,False,False,False,False,False,True,0
-0.3076750783403279,-0.3705685885125524,1.0397284305192127,-1.2184705569895626,0.8084361535388619,1,1,0.5449194632140508,0,1.4165182832801098,-0.1456709185771231,True,False,False,False,False,True,0
0.0244123150643886,-0.6557858973542321,0.3456796638494558,-1.2184705569895626,0.8084361535388619,1,1,0.6514312487046493,0,1.4165182832801098,-1.314879316837059,True,False,False,False,False,True,0
-1.0029830582814532,0.1998660291708067,1.7337771971889695,0.5950974232030543,0.8084361535388619,1,1,1.4770993585656815,0,-1.4321861577055308,-0.9281069569563958,True,True,False,False,False,True,0
0.1904560117667469,-0.7508583336347919,1.3867528138540912,-1.2184705569895626,-0.9166876736979732,0,1,-0.4203481350621161,0,-0.0078339372127105,0.685667372200854,False,False,False,False,False,False,0
0.1074341634155678,-1.606510260159831,1.3867528138540912,-1.2184705569895626,0.8084361535388619,1,1,-0.9745861539854044,0,-1.4321861577055308,1.348070609237852,False,False,False,False,False,True,0
-0.5774960854816601,-0.2754961522319926,-1.042417869490058,-1.2184705569895626,0.8084361535388619,1,1,-1.5363539920845195,0,0.7043421730336995,1.4503207733442345,True,False,False,False,False,True,0
0.0451677771521834,0.5801557742930463,-0.0013447194854226,0.8287650058199039,-0.9166876736979732,1,0,-0.2316551227727752,0,-0.7200100474591208,-1.7149886546446416,True,False,False,False,True,False,0
0.5640543293470531,0.6752282105736062,-0.348369102820301,0.4661189761569711,-0.9166876736979732,1,0,0.1437582101930645,1,-0.0078339372127105,0.1255142992702384,False,True,False,False,True,False,0
-0.2038977679013539,1.0555179556958456,-1.042417869490058,-1.2184705569895626,0.8084361535388619,0,0,-0.7387319723595906,0,-1.4321861577055308,-0.8347481114679598,True,False,False,False,True,False,0
-1.1690267549838116,0.009721156609687,-1.042417869490058,-1.2184705569895626,0.8084361535388619,1,1,-0.908303124647142,0,0.7043421730336995,-0.6658130577269805,True,False,True,True,False,False,0
0.1593228186350548,0.8653730831347259,-1.042417869490058,-1.2184705569895626,0.8084361535388619,1,1,0.8376393580739541,0,-1.4321861577055308,0.8457111073238871,False,False,False,False,False,True,0
-1.2935595275105802,-1.0360756424764714,-1.042417869490058,0.7637376529405596,0.8084361535388619,1,1,0.9634892937449396,0,-0.7200100474591208,0.8812763817956722,False,True,False,False,True,False,0
-0.1935200368574565,-1.226220515037591,1.0397284305192127,0.7714046753612408,-0.9166876736979732,1,1,-0.7009387409836231,0,-0.0078339372127105,0.2499927599214863,False,False,False,False,False,False,0
-2.1445334731101666,-0.1804237159514327,-0.6953934861551795,-1.2184705569895626,0.8084361535388619,1,1,1.3836503523421717,0,0.7043421730336995,-1.4171294809434412,True,False,False,True,False,False,0
0.4395215568202844,-0.1804237159514327,1.0397284305192127,0.3540974478455806,0.8084361535388619,1,0,1.424371151264148,1,-0.0078339372127105,1.5881362119224016,False,True,False,True,False,False,0
-1.8228238107493475,0.1047935928902469,0.3456796638494558,-1.2184705569895626,-0.9166876736979732,1,1,-1.350871950067165,0,0.7043421730336995,-0.4435300922783235,True,False,False,False,True,False,0
1.1970959230247942,0.5801557742930463,0.6927040471843343,0.9069274542459184,0.8084361535388619,1,0,-1.2831781663003294,1,-1.4321861577055308,-1.3059879982191127,False,True,False,False,False,True,0
-1.438847762125144,0.2949384654513666,1.7337771971889695,-1.2184705569895626,0.8084361535388619,0,1,-0.4743090572882961,0,1.4165182832801098,0.8990590190315648,False,False,True,False,False,False,0
1.5810719716489976,3.052039117587603,1.0397284305192127,-1.2184705569895626,0.8084361535388619,0,1,0.8269912395788676,0,1.4165182832801098,-0.6747043763449267,False,False,False,False,False,True,0
-1.0860049066326325,-0.3705685885125524,-0.348369102820301,-1.2184705569895626,-0.9166876736979732,1,1,0.5712640937940753,0,-1.4321861577055308,-1.341553272690898,False,False,False,True,False,False,0
-0.3491860025159174,-1.416365387598711,0.6927040471843343,0.8427264285334523,-0.9166876736979732,0,1,-1.1002924757596682,0,-0.7200100474591208,-0.3990734991885921,False,False,False,False,False,False,0
0.1074341634155678,-0.8459307699153518,-0.0013447194854226,0.6273832632624767,0.8084361535388619,1,1,0.8546701232381225,0,-0.0078339372127105,-1.5238253043587966,True,True,False,True,False,False,0
-1.314314989598375,-1.321292951318151,1.7337771971889695,-1.2184705569895626,0.8084361535388619,1,0,-0.540192367076239,0,1.4165182832801098,-0.7947371776872015,False,False,True,True,False,False,0
0.0970564323716704,0.8653730831347259,-0.6953934861551795,0.7079803427482763,-0.9166876736979732,0,0,-0.0689909991307145,0,1.4165182832801098,0.5345149556957673,True,False,False,False,True,False,0
1.8093820546147403,-1.226220515037591,-0.0013447194854226,1.0657001111691025,-0.9166876736979732,0,0,-0.6980050881030067,0,-0.0078339372127105,-1.2126291527306767,True,False,False,False,False,False,0
-0.6708956648767367,-0.6557858973542321,-0.6953934861551795,0.790028658320219,0.8084361535388619,1,1,0.5230517263709425,0,-0.0078339372127105,0.6990043501277735,False,True,False,False,False,True,0
-0.1623868437257644,-0.2754961522319926,-1.3894422528249364,-1.2184705569895626,-0.9166876736979732,1,0,-0.9961990022418364,0,-0.0078339372127105,0.7834718769982632,False,False,True,False,False,False,0
-0.2246532299891487,0.1998660291708067,0.6927040471843343,0.5028952583249521,-0.9166876736979732,0,1,-0.9436514424447756,0,1.4165182832801098,-0.8347481114679598,True,False,True,False,False,True,0
-0.048231802242893,-1.0360756424764714,0.3456796638494558,1.17667772296663,0.8084361535388619,1,0,0.0329286189988433,0,1.4165182832801098,0.0010358386189905,True,False,True,False,False,True,0
1.1452072678053071,1.1505903919764056,-0.6953934861551795,0.3712122349365109,-0.9166876736979732,0,1,-0.2582382984693888,0,1.4165182832801098,1.2458204451314698,False,False,False,False,False,True,0
1.311250964507665,-0.9410032061959116,0.6927040471843343,0.7545550302560402,-0.9166876736979732,1,0,1.4046656207402095,0,-0.0078339372127105,1.6459297829390525,False,True,False,False,True,False,0
-0.3906969266915071,1.0555179556958456,-0.348369102820301,0.9767076693513392,-0.9166876736979732,1,0,0.4648361120543482,1,-1.4321861577055308,1.5614622560685627,True,False,False,False,False,False,0
-0.733162051140121,-0.0853512796708728,-1.3894422528249364,-1.2184705569895626,0.8084361535388619,1,0,-0.9433150103743678,0,-0.7200100474591208,1.5258969815967776,True,False,False,False,True,False,0
-0.2350309610330461,-0.3705685885125524,-1.3894422528249364,1.538147265122835,-0.9166876736979732,1,1,1.0318307309806485,0,-0.7200100474591208,-1.6749777208638834,True,False,False,True,False,False,0
0.1904560117667469,0.2949384654513666,0.3456796638494558,0.5801020107891185,-0.9166876736979732,1,1,-0.603742211842505,0,0.7043421730336995,-0.1678992151219888,False,False,False,False,True,False,0
0.034790046108286,0.1998660291708067,-0.0013447194854226,-1.2184705569895626,-0.9166876736979732,0,0,-1.11071769714144,1,-0.7200100474591208,1.503668685051912,False,False,False,False,False,False,0
-0.6086292786133524,-0.0853512796708728,-0.348369102820301,0.8549432938336492,-0.9166876736979732,1,1,0.9326206515514712,0,1.4165182832801098,-1.1992921748037573,False,True,False,False,False,True,0
1.2697400403320758,3.5274012989904024,-0.348369102820301,0.5829401187837095,-0.9166876736979732,1,1,0.7424436869515716,0,-0.0078339372127105,1.3658532464737445,True,False,False,False,False,False,0
0.2838555911618235,0.3900109017319265,-0.348369102820301,-1.2184705569895626,2.533559980775697,1,0,0.2556748160147744,1,-0.7200100474591208,1.5747992339954822,False,False,False,False,False,False,0
0.13856735654726,0.009721156609687,1.7337771971889695,-0.4767843652091005,-0.9166876736979732,1,0,0.6325397620844053,0,-0.7200100474591208,-0.6124651460193028,True,False,False,True,False,False,0
0.6574539087421296,-0.6557858973542321,1.0397284305192127,1.5883730986708031,-0.9166876736979732,1,0,1.5060323427540587,0,-0.0078339372127105,0.2900036937022446,True,False,False,True,False,False,0
-2.3832212871198064,-0.5607134610736721,-1.042417869490058,-1.2184705569895626,0.8084361535388619,1,0,0.0386683066000349,0,0.7043421730336995,-1.221520471348623,False,False,False,False,False,True,0
0.5121656741275662,-1.226220515037591,-0.0013447194854226,0.1200520058770874,-0.9166876736979732,0,1,-0.7169609054033801,0,-0.7200100474591208,1.3747445650916907,True,False,True,False,False,False,0
0.0451677771521834,-0.5607134610736721,-0.348369102820301,-1.2184705569895626,0.8084361535388619,1,0,0.2829630211922685,0,0.7043421730336995,1.7215059911915958,True,False,True,False,False,True,0
-0.733162051140121,-0.7508583336347919,-0.6953934861551795,-1.2184705569895626,0.8084361535388619,0,0,-0.1980459936057828,0,-0.0078339372127105,-0.2212471268296665,True,False,False,False,True,False,0
-0.3284305404281227,-0.0853512796708728,-1.736466636159815,-1.2184705569895626,0.8084361535388619,1,1,-1.0852055403356344,0,0.7043421730336995,0.1032860027253727,True,False,True,False,True,False,0
0.958408109015154,-1.226220515037591,-0.0013447194854226,1.4441232097522103,-0.9166876736979732,1,1,1.4128956011292322,0,-1.4321861577055308,-0.3590625654078338,False,False,True,False,True,False,0
-0.442585581910994,0.009721156609687,-1.042417869490058,1.014161856813752,0.8084361535388619,1,0,-1.5856161666606874,0,1.4165182832801098,-0.8169654742320672,True,False,True,False,False,True,0
0.0244123150643886,1.530880137098645,-0.6953934861551795,0.1822615847184754,-0.9166876736979732,1,1,-1.688806924256267,0,-0.0078339372127105,0.272221056466352,True,False,False,False,False,False,0
-1.4180923000373489,-1.0360756424764714,1.3867528138540912,-1.2184705569895626,0.8084361535388619,0,0,-0.1093541542445111,0,-0.0078339372127105,0.7345696245995587,False,False,False,False,True,False,0
0.6574539087421296,-0.6557858973542321,1.7337771971889695,-1.2184705569895626,0.8084361535388619,1,0,-0.6871872757057408,0,-0.0078339372127105,1.0902223693174098,False,False,False,False,False,False,0
-0.4840965060865836,-0.7508583336347919,-1.3894422528249364,0.6707075597966314,-0.9166876736979732,1,1,1.4460055589917589,0,-0.7200100474591208,-0.492432344677028,False,True,False,False,False,True,0
0.2734778601179261,0.009721156609687,0.3456796638494558,-1.2184705569895626,-0.9166876736979732,0,1,1.4767415408907978,0,0.7043421730336995,1.5925818712313746,False,False,True,True,False,False,0
0.6470761776982322,0.1047935928902469,1.3867528138540912,-0.4736282789635074,-0.9166876736979732,1,1,-0.0650963849823232,0,0.7043421730336995,1.125787643789195,True,False,False,False,True,False,0
0.1178118944594652,0.2949384654513666,-1.3894422528249364,0.0980918130409063,0.8084361535388619,1,0,-0.5054567555401648,0,1.4165182832801098,-1.0703680548435364,False,False,False,False,False,True,0
-0.2972973472964305,0.2949384654513666,-1.3894422528249364,1.172490208778966,0.8084361535388619,1,0,0.0070056151737228,0,0.7043421730336995,-1.2748683830563008,True,True,False,False,False,False,0
1.0310522263224358,-1.0360756424764714,1.7337771971889695,0.909904537629165,0.8084361535388619,1,1,-0.935417115388177,0,1.4165182832801098,-0.8703133859397449,False,True,False,False,False,False,0
-1.314314989598375,-0.2754961522319926,-1.042417869490058,0.6168435491099353,-0.9166876736979732,0,1,1.1798380654220288,0,-1.4321861577055308,1.6103645084672673,True,False,False,False,False,True,0
0.3149887842935157,-1.1311480787570314,-1.3894422528249364,0.3488964380240585,-0.9166876736979732,1,0,1.1425422666834968,0,1.4165182832801098,0.1255142992702384,False,False,False,False,False,False,0
0.8546307985761801,-0.5607134610736721,-0.0013447194854226,0.733246324581655,-0.9166876736979732,1,0,-0.671149811016115,0,0.7043421730336995,0.2322101226855938,True,True,False,False,True,False,0
-1.314314989598375,-0.8459307699153518,-0.0013447194854226,-1.2184705569895626,0.8084361535388619,0,1,0.847846202876691,0,0.7043421730336995,0.8679394038687528,False,False,True,False,False,True,0
-0.9407166720180687,-0.1804237159514327,-1.3894422528249364,0.38972702294726,0.8084361535388619,0,1,0.0219496321678469,0,-0.7200100474591208,0.5122866591509017,True,False,False,True,False,False,0
-0.4322078508670966,0.6752282105736062,-0.0013447194854226,0.2529041517170969,-0.9166876736979732,1,0,-0.8004303106050433,0,-1.4321861577055308,1.3658532464737445,True,False,True,False,False,True,0
0.1593228186350548,-1.1311480787570314,-1.042417869490058,0.9915607440688295,-0.9166876736979732,1,0,1.1455454662453342,0,-0.7200100474591208,1.3213966533840131,True,True,False,True,False,False,0
-2.154911204154064,-0.4656410247931123,-1.042417869490058,1.0922189529290114,-0.9166876736979732,1,0,0.2127566896996113,0,0.7043421730336995,-1.3193249761460322,True,False,False,False,False,True,0
0.719720295005514,0.1047935928902469,-0.6953934861551795,-1.2184705569895626,-0.9166876736979732,1,1,0.7727223994215808,0,-1.4321861577055308,-0.9592265721192078,True,False,False,False,False,True,0
0.5848097914348479,0.770300646854166,-1.736466636159815,0.8083465111604079,0.8084361535388619,0,1,0.5615682432316114,1,1.4165182832801098,1.1080050065533025,False,False,False,True,False,False,0
0.532921136215361,0.5801557742930463,-0.0013447194854226,-1.2184705569895626,0.8084361535388619,1,0,0.5472480599680419,0,-0.0078339372127105,-0.0345294358527946,False,False,False,False,True,False,0
0.3357442463813104,-0.6557858973542321,1.3867528138540912,0.3866216915383073,0.8084361535388619,0,1,-0.5708322006884892,0,-0.7200100474591208,0.4233734729714388,True,False,False,False,False,True,0
0.5640543293470531,1.4358077008180852,1.3867528138540912,0.661932256684392,-0.9166876736979732,1,1,1.491907759531424,0,-0.7200100474591208,-1.1681725596409454,True,False,False,False,True,False,0
-0.7020288580084288,0.4850833380124864,-0.0013447194854226,0.3133288254516531,0.8084361535388619,1,1,0.1066427112255985,0,-0.7200100474591208,0.2455471006125132,False,False,False,False,False,True,0
-1.1482712928960168,1.1505903919764056,0.6927040471843343,0.2284950780404966,0.8084361535388619,1,0,1.3810319197941907,0,0.7043421730336995,1.4592120919621805,True,True,False,False,True,False,0
-0.3388082714720201,0.6752282105736062,1.0397284305192127,-0.2193771283856598,-0.9166876736979732,1,1,0.5575400994552754,1,1.4165182832801098,1.1346789624071412,True,False,True,True,False,False,0
-2.891730108270779,0.2949384654513666,0.6927040471843343,-1.2184705569895626,-0.9166876736979732,1,0,-0.3937197540227089,1,-0.0078339372127105,1.6859407167198106,True,False,False,True,False,False,0
0.1904560117667469,-0.2754961522319926,0.6927040471843343,-1.2184705569895626,0.8084361535388619,0,0,-0.710415693366943,0,-0.7200100474591208,1.1746898961878995,True,False,False,False,False,False,0
-0.7124065890523262,0.009721156609687,-1.3894422528249364,0.8517388543998374,0.8084361535388619,1,0,-0.4750679854471231,0,-1.4321861577055308,-1.0170201431358583,True,False,False,False,False,False,0
-0.4840965060865836,1.2456628282569653,0.6927040471843343,-1.2184705569895626,0.8084361535388619,1,1,1.2782890428256757,0,-0.0078339372127105,-0.7636175625243896,True,False,False,False,True,False,0
0.6989648329177193,0.4850833380124864,-0.348369102820301,-1.2184705569895626,-0.9166876736979732,0,0,-0.2687699262734294,1,1.4165182832801098,-0.1101056441053379,True,False,True,False,False,False,0
1.6225828958245871,-1.321292951318151,0.6927040471843343,-1.2184705569895626,0.8084361535388619,0,1,-1.343136272714923,0,0.7043421730336995,-0.9770092093551004,True,False,True,True,False,False,0
-3.037018342885342,0.4850833380124864,0.3456796638494558,0.8429073527145359,-0.9166876736979732,1,0,0.8089047557937601,1,-1.4321861577055308,1.663712420174945,False,False,False,False,True,False,0
0.4602770189080792,-1.321292951318151,1.0397284305192127,0.8060004208724273,-0.9166876736979732,1,0,0.3733465835742477,0,0.7043421730336995,-1.5104883264318771,False,False,False,False,False,True,0
0.2423446669862339,-1.7015826964403906,1.0397284305192127,0.3565826736321114,-0.9166876736979732,1,0,-1.4296761638925053,0,1.4165182832801098,1.6814950574108374,False,False,False,False,False,True,0
-0.048231802242893,-0.3705685885125524,0.3456796638494558,0.5854668130329842,-0.9166876736979732,0,1,0.3851669113813183,0,-0.0078339372127105,-0.363508224716807,False,False,False,False,True,False,0
0.5951875224787453,-0.1804237159514327,0.6927040471843343,-1.2184705569895626,-0.9166876736979732,1,0,1.02677799072322,0,1.4165182832801098,1.663712420174945,True,False,False,False,False,True,0
0.5432988672592584,-0.2754961522319926,-1.042417869490058,1.5916150038199894,0.8084361535388619,1,0,0.8972978921591868,0,-0.0078339372127105,-0.9325526162653688,False,False,True,False,True,False,0
0.8650085296200775,-0.5607134610736721,-0.348369102820301,-1.2184705569895626,0.8084361535388619,1,0,0.8527014305594511,0,-0.7200100474591208,1.7437342877364614,False,False,False,False,False,False,0
-0.6605179338328393,-0.6557858973542321,-0.6953934861551795,0.5284777774202796,-0.9166876736979732,0,1,-1.6593377351556735,0,-0.0078339372127105,-0.7102696508167119,True,False,True,True,False,False,0
0.8234976054444879,0.009721156609687,-1.042417869490058,0.811981966430925,-0.9166876736979732,1,1,-0.4447572815037527,0,-1.4321861577055308,-0.90587866041153,False,False,True,False,False,True,0
-1.2105376791594011,-0.7508583336347919,0.6927040471843343,0.5724393113355958,0.8084361535388619,1,1,-1.1153966239873043,0,-1.4321861577055308,-0.6213564646372491,False,False,False,False,False,False,0
-0.442585581910994,-0.6557858973542321,0.6927040471843343,-0.0677256792519052,-0.9166876736979732,1,1,0.8953024240082451,0,-0.7200100474591208,-0.5457802563847057,True,False,False,False,False,True,0
-0.7435397821840184,-0.7508583336347919,-1.042417869490058,-1.2184705569895626,0.8084361535388619,0,1,-0.633171237734693,0,-1.4321861577055308,-1.2926510202921933,True,False,False,False,True,False,0
-1.231293141247196,-1.606510260159831,1.7337771971889695,0.6346990045740453,-0.9166876736979732,0,0,-0.9837245878978796,0,-0.0078339372127105,0.4411561102073313,False,True,False,True,False,False,0
-0.3388082714720201,-0.6557858973542321,-0.348369102820301,1.5899551445409688,0.8084361535388619,1,1,1.258119288204585,1,-1.4321861577055308,0.4456017695163045,False,False,True,False,False,False,0
-0.0897427264184826,-0.4656410247931123,0.6927040471843343,1.3501095615247454,-0.9166876736979732,0,1,1.5317973017461033,0,-0.0078339372127105,0.8857220411046454,False,True,False,True,False,False,0
-0.9407166720180687,-0.5607134610736721,0.3456796638494558,-1.2184705569895626,0.8084361535388619,0,0,1.273557955968896,0,-0.0078339372127105,-1.7194343139536148,True,False,False,False,False,False,0
-0.3491860025159174,0.1998660291708067,1.0397284305192127,-0.6148115830676802,-0.9166876736979732,1,1,1.6577180011652324,0,1.4165182832801098,0.0366011130907756,True,True,False,True,False,False,0
0.6470761776982322,-0.1804237159514327,1.3867528138540912,1.1586318968376454,0.8084361535388619,0,1,0.8841064515318383,0,-0.0078339372127105,1.4636577512711535,True,False,False,False,False,True,0
1.1244518057175124,0.1998660291708067,0.3456796638494558,-1.2184705569895626,0.8084361535388619,0,0,0.0184288314310199,0,0.7043421730336995,1.1835812148058458,False,False,True,False,False,True,0
1.2282291161564862,-0.1804237159514327,-0.0013447194854226,1.047841133287308,0.8084361535388619,0,1,1.3891174169529754,0,-0.7200100474591208,1.259157423058389,True,True,False,False,False,False,0
-1.1897822170716064,0.1998660291708067,-0.6953934861551795,0.9959507972733708,-0.9166876736979732,1,0,0.110060756740921,0,1.4165182832801098,0.712341328054693,False,True,False,False,False,False,0
-0.5671183544377627,-1.226220515037591,0.6927040471843343,-1.2184705569895626,0.8084361535388619,1,0,0.1707703150461102,0,0.7043421730336995,-1.6527494243190175,False,False,True,False,False,True,0
0.6055652535226427,-0.2754961522319926,-0.348369102820301,0.6401661170406654,-0.9166876736979732,1,0,-0.7272788510293682,0,-1.4321861577055308,-1.3371076133819246,False,False,False,False,False,False,0
0.5432988672592584,0.4850833380124864,1.3867528138540912,1.2417276513411362,-0.9166876736979732,1,0,1.0138431773495782,0,1.4165182832801098,1.259157423058389,False,False,True,False,True,False,0
1.7678711304391508,-0.0853512796708728,0.3456796638494558,0.8355744796442277,2.533559980775697,1,0,-1.5870783856333646,1,-0.0078339372127105,0.8546024259418334,True,False,False,False,False,False,0
-1.127515830808222,-0.7508583336347919,-1.042417869490058,1.1459404658093677,-0.9166876736979732,1,1,-1.4565253556447904,0,-0.0078339372127105,1.6814950574108374,False,False,False,False,False,False,0
1.8405152477464324,-0.1804237159514327,-0.6953934861551795,0.4379905496249971,-0.9166876736979732,0,0,-1.7267948863396545,0,-0.0078339372127105,-1.4215751402524144,False,True,False,False,True,False,0
-0.4218301198231992,0.1047935928902469,1.0397284305192127,0.3956345977343767,0.8084361535388619,1,0,0.815903933791869,0,-0.7200100474591208,1.4236468174903951,False,False,False,False,False,False,0
0.9480303779712568,0.1047935928902469,0.3456796638494558,-1.2184705569895626,-0.9166876736979732,1,0,-1.254456777889568,1,-0.7200100474591208,0.6100911639483108,False,False,False,False,True,False,0
1.217851385112589,-0.0853512796708728,-1.042417869490058,-1.2184705569895626,0.8084361535388619,0,0,-0.4321043060557602,0,1.4165182832801098,0.9879722052110276,False,False,False,False,False,True,0
0.5432988672592584,-0.0853512796708728,0.3456796638494558,0.4897060456338516,-0.9166876736979732,1,0,1.2752289888519397,0,0.7043421730336995,-0.270149379228371,True,False,True,True,False,False,0
0.6574539087421296,-0.4656410247931123,-0.348369102820301,0.771926793728067,-0.9166876736979732,0,0,-0.0460463319288951,0,-0.7200100474591208,1.188026874114819,True,False,False,False,False,True,0
-0.10012045746238,0.1998660291708067,-0.348369102820301,1.3077046160063268,-0.9166876736979732,1,0,-0.5728332325739283,0,1.4165182832801098,0.5033953405329553,True,True,False,False,False,False,0
1.1036963436297176,0.770300646854166,1.3867528138540912,0.3109497525253511,-0.9166876736979732,1,0,-0.4718187645004654,0,-1.4321861577055308,0.903504678340538,False,True,False,False,False,False,0
-0.9303389409741716,-0.0853512796708728,-0.0013447194854226,-1.2184705569895626,-0.9166876736979732,1,0,0.2654755081991793,0,0.7043421730336995,0.9212873155764304,True,False,False,False,True,False,0
-0.1208759195501748,-0.9410032061959116,-0.348369102820301,-1.2184705569895626,0.8084361535388619,1,0,-0.9654301595359206,0,-0.0078339372127105,0.6723303942739347,False,False,False,True,False,False,0
-1.438847762125144,0.9604455194152858,-0.0013447194854226,1.529035571121696,-0.9166876736979732,1,0,0.4484465672910397,0,-0.0078339372127105,1.0546570948456246,False,True,False,False,True,False,0
-1.708668769266476,-0.5607134610736721,1.0397284305192127,1.114806296222984,-0.9166876736979732,1,0,-1.026951327610962,0,-0.7200100474591208,0.303340671629164,True,False,True,False,False,False,0
0.4914102120397713,-0.4656410247931123,-1.042417869490058,0.6623190821901426,-0.9166876736979732,1,0,1.474322359584516,0,1.4165182832801098,0.970189567975135,True,False,False,True,False,False,0
-0.9718498651497612,1.8160974459403243,-1.042417869490058,1.063690731989811,-0.9166876736979732,1,1,-0.2023714494443398,0,-0.0078339372127105,-0.5324432784577863,True,True,False,False,False,False,0
1.311250964507665,-1.416365387598711,-0.348369102820301,-1.2184705569895626,0.8084361535388619,1,1,1.084544159612422,0,-0.0078339372127105,1.503668685051912,True,False,False,False,False,False,0
-1.4077145689934516,-0.3705685885125524,1.7337771971889695,-0.2999263350129248,-0.9166876736979732,1,1,0.0220546476564911,0,1.4165182832801098,0.7301239652905855,True,False,False,False,True,False,0
1.2697400403320758,-0.3705685885125524,-0.6953934861551795,0.7255616900725497,-0.9166876736979732,1,1,-1.321924534942435,0,0.7043421730336995,1.663712420174945,False,False,False,False,False,False,0
-1.2001599481155036,-0.3705685885125524,1.0397284305192127,-1.2184705569895626,0.8084361535388619,1,0,-0.618930859287825,0,-0.7200100474591208,-1.163726900331972,True,False,False,True,False,False,0
-0.5152296992182758,0.2949384654513666,0.3456796638494558,1.3179079392699689,-0.9166876736979732,1,1,0.5469006742953415,0,1.4165182832801098,0.8901677004136185,False,True,False,True,False,False,0
0.927274915883462,-0.9410032061959116,1.0397284305192127,-1.2184705569895626,0.8084361535388619,1,1,0.2705927530034407,0,1.4165182832801098,1.099113687935356,True,False,False,False,True,False,0
2.058447599668278,-1.511437823879271,1.3867528138540912,1.0719791409120725,-0.9166876736979732,0,1,-0.6511365364277723,0,-0.0078339372127105,1.4369837954173148,False,False,True,False,True,False,0
0.8857639917078723,0.3900109017319265,1.0397284305192127,0.3242491208240492,-0.9166876736979732,0,0,-1.568651296976976,0,-1.4321861577055308,-1.0392484396807242,True,True,False,False,False,False,0
-0.8473170926229924,0.009721156609687,1.7337771971889695,0.8577527421570776,0.8084361535388619,1,0,-0.3456283978249013,0,-0.0078339372127105,0.5167323184598748,True,False,False,False,False,False,0
-0.7227843200962236,-0.6557858973542321,-0.348369102820301,-1.2184705569895626,0.8084361535388619,1,0,-0.7087237964795325,0,0.7043421730336995,0.5345149556957673,False,False,False,False,False,True,0
-1.2001599481155036,-1.0360756424764714,-0.348369102820301,-1.2184705569895626,-0.9166876736979732,1,1,0.6218579134489269,0,-1.4321861577055308,1.4681034105801267,False,False,True,False,True,False,0
0.4706547499519766,2.291459627343124,0.6927040471843343,1.1570482498685322,-0.9166876736979732,0,0,0.3204500733041593,1,1.4165182832801098,-0.4524214108962698,True,False,False,False,False,False,0
-1.1794044860277089,2.196387191062564,-0.6953934861551795,-0.0168219404095054,-0.9166876736979732,0,0,-1.43873427138817,1,0.7043421730336995,-0.8125198149230941,False,False,False,True,False,False,0
0.8234976054444879,-0.3705685885125524,-1.042417869490058,0.8287414696653735,0.8084361535388619,1,0,0.6720367132835913,0,-1.4321861577055308,-0.2034644895937739,True,True,False,False,True,False,0
-0.10012045746238,-0.5607134610736721,-0.348369102820301,0.1361766733787955,0.8084361535388619,0,1,-0.7019315198580568,0,1.4165182832801098,1.2147008299686577,False,False,False,True,False,False,0
0.1593228186350548,3.622473735270962,-1.042417869490058,-1.2184705569895626,-0.9166876736979732,1,1,-1.142797494788377,0,0.7043421730336995,1.5925818712313746,True,False,True,False,False,False,0
1.1970959230247942,-0.2754961522319926,-0.6953934861551795,1.0099421605372405,-0.9166876736979732,0,0,0.4076982974299805,0,-0.7200100474591208,-1.4660317333421458,True,False,False,False,False,False,0
-0.2765418852086357,0.3900109017319265,-0.348369102820301,0.7404946596275274,-0.9166876736979732,1,0,-0.5079461789944801,0,0.7043421730336995,1.4636577512711535,True,False,False,True,False,False,0
-0.6086292786133524,-0.0853512796708728,-0.0013447194854226,1.065625820177932,0.8084361535388619,0,1,0.6068959881843882,0,-1.4321861577055308,0.4055908357355463,False,True,False,True,False,False,0
0.034790046108286,3.1471115538681627,-0.0013447194854226,0.9924864994803568,0.8084361535388619,1,1,-0.0088824980179801,0,-0.0078339372127105,0.7078956687457197,False,True,False,True,False,False,0
0.5640543293470531,-0.9410032061959116,-0.0013447194854226,0.5838003892482778,-0.9166876736979732,1,0,-1.010111815820152,0,1.4165182832801098,0.9435156121212962,False,False,False,False,True,False,0
0.5536765983031557,-0.6557858973542321,-0.6953934861551795,-1.2184705569895626,0.8084361535388619,0,0,0.5067466808253182,0,-0.7200100474591208,0.8101458328521021,True,False,False,False,False,False,0
-0.0170986091112009,-0.5607134610736721,-1.736466636159815,0.3516466456864243,-0.9166876736979732,1,0,-0.8348957332845729,0,-1.4321861577055308,-1.5327166229767428,True,False,False,True,False,False,0
2.058447599668278,1.530880137098645,0.3456796638494558,-1.2184705569895626,-0.9166876736979732,1,0,-1.7297455781571696,1,-1.4321861577055308,-0.1056599847963648,True,False,False,False,False,False,0
0.4395215568202844,-0.0853512796708728,-0.0013447194854226,1.918504811454485,-0.9166876736979732,1,1,-0.2592083008057226,0,-1.4321861577055308,-1.4971513485049577,False,False,False,False,False,False,0
0.2838555911618235,-0.0853512796708728,0.6927040471843343,0.5516303086427699,0.8084361535388619,1,0,-0.9372912245803872,0,0.7043421730336995,-1.2748683830563008,True,True,False,True,False,False,0
2.0480698686243803,2.861894245026483,0.6927040471843343,-0.0657419176557761,-0.9166876736979732,1,1,0.6717279260189687,0,-0.7200100474591208,-1.28820536098322,True,False,False,True,False,False,0
-0.6293847407011471,0.6752282105736062,-0.348369102820301,0.85125836460565,-0.9166876736979732,1,0,1.0966301557417577,0,-1.4321861577055308,-1.408238162325495,True,True,False,True,False,False,0
0.7508534881372062,0.5801557742930463,-0.0013447194854226,0.1246679741431407,-0.9166876736979732,0,1,-1.1529010627695004,0,-0.0078339372127105,-0.2123558082117202,True,False,True,False,False,True,0
1.6018274337367924,-0.4656410247931123,-0.0013447194854226,0.6061185878091518,-0.9166876736979732,0,1,-1.187601900964964,0,-0.0078339372127105,1.1835812148058458,True,False,False,False,False,False,0
-0.6605179338328393,2.386532063623684,-0.6953934861551795,-1.2184705569895626,-0.9166876736979732,1,1,1.552149094805291,0,0.7043421730336995,-1.4260207995613874,False,False,False,False,False,True,0
-1.3246927206422725,-0.6557858973542321,0.3456796638494558,-1.2184705569895626,-0.9166876736979732,1,1,0.5638603279779613,1,0.7043421730336995,-1.0392484396807242,False,False,True,False,True,False,0
-0.6293847407011471,0.009721156609687,1.0397284305192127,-1.2184705569895626,0.8084361535388619,0,0,-1.0091058230762864,0,-1.4321861577055308,-1.354890250617817,True,False,True,True,False,False,0
1.2593623092881785,-0.4656410247931123,1.7337771971889695,0.8146008839795841,-0.9166876736979732,0,0,-1.1059314945397922,0,-1.4321861577055308,1.6459297829390525,True,True,False,False,True,False,0
1.539561047473408,2.006242318501444,0.3456796638494558,0.1991675885066333,0.8084361535388619,1,1,0.5439738022161442,0,-1.4321861577055308,-0.1323339406502037,True,False,False,False,False,True,0
-1.2416708722910934,-1.416365387598711,1.0397284305192127,1.0671822484649354,-0.9166876736979732,0,0,-1.1509942666371162,0,-1.4321861577055308,0.4100364950445194,True,True,False,False,False,False,0
0.5536765983031557,0.009721156609687,0.3456796638494558,0.915171993057014,-0.9166876736979732,1,1,-0.3888596580722633,0,0.7043421730336995,-1.1681725596409454,True,False,True,True,False,False,0
1.6225828958245871,2.671749372465364,1.7337771971889695,0.776132880663524,-0.9166876736979732,0,1,1.2077321960596632,0,1.4165182832801098,-1.5460536009036625,False,False,True,True,False,False,0
-1.158649023939914,0.4850833380124864,-0.6953934861551795,1.409141599394642,0.8084361535388619,1,1,-1.5354255438902158,0,1.4165182832801098,0.7612435804533975,True,True,False,False,False,True,0
-0.1104981885062774,0.1047935928902469,-1.042417869490058,0.5441262780949588,-0.9166876736979732,1,0,1.0317571853652572,0,0.7043421730336995,-0.8614220673217987,False,True,False,False,False,False,0
0.1489450875911573,-0.2754961522319926,-0.348369102820301,0.7054963978409036,0.8084361535388619,1,0,-1.1602088541655289,0,0.7043421730336995,0.0454924317087219,True,False,False,True,False,False,0
0.1593228186350548,0.1047935928902469,1.3867528138540912,-1.2184705569895626,-0.9166876736979732,1,1,-0.0653928277110289,0,-0.0078339372127105,1.210255170659685,True,False,False,True,False,False,0
-0.1727645747696618,-1.1311480787570314,-0.6953934861551795,0.815082494543035,-0.9166876736979732,1,0,1.0689091963403643,0,-1.4321861577055308,0.3522429240278685,True,False,False,True,False,False,0
0.8027421433566931,0.009721156609687,-1.3894422528249364,0.8871868648808542,-0.9166876736979732,1,1,1.6218931147345297,0,-1.4321861577055308,0.6412107791111227,False,True,False,False,True,False,0
-0.5359851613060705,0.1047935928902469,-1.3894422528249364,1.0412691024369198,-0.9166876736979732,1,1,-0.5672828858123615,0,1.4165182832801098,1.0857767100084368,True,False,False,False,False,True,0
-0.152009112681867,2.006242318501444,-0.6953934861551795,-1.2184705569895626,0.8084361535388619,1,1,-0.526072999854696,0,-0.0078339372127105,-1.6749777208638834,True,False,False,False,True,False,0
-0.4529633129548914,-0.5607134610736721,-1.3894422528249364,0.4270215808445927,0.8084361535388619,1,0,-0.516831115253904,0,0.7043421730336995,-1.3593359099267903,True,True,False,False,False,False,0
-2.134155742066269,0.5801557742930463,1.7337771971889695,0.7859722741363667,-0.9166876736979732,1,1,0.4838635624363794,1,1.4165182832801098,-0.1012143254873917,False,False,True,False,False,True,0
0.0244123150643886,-0.6557858973542321,1.3867528138540912,0.7261545770128617,-0.9166876736979732,1,0,1.5584931430662956,1,-0.7200100474591208,-1.3860098657806292,True,False,False,True,False,False,0
0.429143825776387,-0.4656410247931123,1.7337771971889695,0.503608387796232,0.8084361535388619,0,0,0.942358577856074,0,1.4165182832801098,0.4633844067521971,False,False,True,False,False,False,0
2.058447599668278,1.8160974459403243,1.0397284305192127,1.289685047900084,-0.9166876736979732,0,0,-1.295864698022011,1,-0.0078339372127105,-0.6924870135808193,True,False,False,False,True,False,0
-1.2728040654227857,-0.9410032061959116,-0.348369102820301,0.9551717677362837,-0.9166876736979732,0,0,0.2152904491632053,1,-1.4321861577055308,0.2988950123201909,True,True,False,True,False,False,0
-0.1312536505940722,-0.1804237159514327,-0.0013447194854226,1.2030711986789386,-0.9166876736979732,0,1,-0.8831322681794297,0,-0.0078339372127105,0.7523522618354512,False,True,False,True,False,False,0
-0.048231802242893,0.3900109017319265,-0.6953934861551795,0.7463585244133736,0.8084361535388619,1,1,-0.2335186260960994,0,-0.7200100474591208,-1.2615314051293811,False,True,False,False,True,False,0
-1.2416708722910934,-0.1804237159514327,-0.0013447194854226,-1.2184705569895626,0.8084361535388619,0,1,-1.6285998407229016,0,1.4165182832801098,-0.3546169060988607,False,False,True,False,False,False,0
2.058447599668278,0.1047935928902469,0.3456796638494558,-1.2184705569895626,-0.9166876736979732,1,0,0.6355486992474437,1,-1.4321861577055308,-1.506042667122904,True,False,False,False,False,False,0
1.0414299573663333,-0.3705685885125524,-1.042417869490058,-1.2184705569895626,-0.9166876736979732,1,0,-0.9753183066719612,1,0.7043421730336995,-1.3237706354550052,False,False,True,False,True,False,0
-0.0689872643306878,-0.2754961522319926,-0.348369102820301,-0.2595107549369524,0.8084361535388619,1,0,-0.9811584892275176,0,1.4165182832801098,-0.8303024521589867,True,False,True,False,False,False,0
0.4498992878641817,-1.0360756424764714,-1.736466636159815,0.318918421987768,-0.9166876736979732,1,1,-0.7378694196457438,0,-0.7200100474591208,1.1480159403340606,True,False,True,False,False,True,0
0.0763009702838756,0.009721156609687,1.0397284305192127,0.4828512607093096,0.8084361535388619,1,1,1.6981913877687644,0,-0.0078339372127105,-1.381564206471656,True,True,False,False,True,False,0
-0.3491860025159174,-0.9410032061959116,1.7337771971889695,0.3876734534370137,0.8084361535388619,1,1,-1.1806357576404352,0,-1.4321861577055308,0.9123959969584844,False,True,False,False,False,True,0
-1.075627175588735,-0.0853512796708728,-1.736466636159815,1.6323908311591817,0.8084361535388619,1,0,-1.0779137446762868,0,1.4165182832801098,-0.7991828369961748,True,False,True,False,False,True,0
-1.314314989598375,-1.226220515037591,0.6927040471843343,1.24152815441226,-0.9166876736979732,1,1,-0.6473650199051426,0,-1.4321861577055308,1.6948320353377568,True,False,False,False,False,True,0
0.5848097914348479,-0.6557858973542321,-0.6953934861551795,1.2102594925142744,0.8084361535388619,1,1,1.2584336392037054,0,1.4165182832801098,-0.6391391018731417,True,True,False,False,False,True,0
-0.1831423058135592,0.8653730831347259,-1.042417869490058,0.4986710789713867,-0.9166876736979732,1,1,0.0570414965784771,1,1.4165182832801098,0.2988950123201909,True,True,False,True,False,False,0
-0.3388082714720201,1.2456628282569653,1.0397284305192127,0.7684793074740032,-0.9166876736979732,0,0,-1.330545715413327,0,-1.4321861577055308,0.0632750689446144,False,True,False,False,False,True,0
-1.3350704516861698,3.242183990148723,0.6927040471843343,-1.2184705569895626,0.8084361535388619,0,0,0.5294694941140415,1,1.4165182832801098,-0.1812361930489082,False,False,False,False,False,False,0
-0.836939361579095,0.1047935928902469,-0.0013447194854226,-1.2184705569895626,0.8084361535388619,0,0,-0.4795591362536901,0,-0.7200100474591208,-0.2212471268296665,True,False,False,False,False,True,0
0.1489450875911573,-0.1804237159514327,-1.042417869490058,1.318771091712643,-0.9166876736979732,0,1,-0.1245803568976907,0,-0.0078339372127105,0.1032860027253727,False,True,False,False,False,False,0
-0.8161838994913002,1.6259525733792048,-0.6953934861551795,1.257945502801597,-0.9166876736979732,0,1,0.261338697733435,1,1.4165182832801098,-0.6791500356539,True,False,True,False,False,True,0
-0.3491860025159174,0.2949384654513666,-1.042417869490058,-1.2184705569895626,4.258683808012532,0,0,0.1854479682511569,1,1.4165182832801098,-0.9281069569563958,False,False,False,False,True,False,0
-0.1104981885062774,-0.3705685885125524,-0.0013447194854226,-1.2184705569895626,0.8084361535388619,1,0,-0.1266159882570374,0,0.7043421730336995,0.6234281418752301,True,False,False,True,False,False,0
0.9687858400590514,-1.321292951318151,-0.0013447194854226,1.31115610500776,0.8084361535388619,1,0,0.79300881860042,0,-1.4321861577055308,-0.9414439348833152,True,False,False,False,False,True,0
-0.2142754989452513,-0.1804237159514327,1.0397284305192127,0.995731446717544,0.8084361535388619,0,0,0.9039611596869968,1,-0.0078339372127105,0.1788622109779161,True,True,False,False,False,False,0
0.7404757570933088,0.1047935928902469,0.6927040471843343,1.068810566094688,0.8084361535388619,0,0,-1.0851290389862909,0,1.4165182832801098,-0.3768452026437264,False,False,False,False,True,False,0
-1.366203644817862,0.6752282105736062,1.7337771971889695,0.1459316889370973,-0.9166876736979732,1,0,0.2944994246732534,1,-1.4321861577055308,0.2766667157753252,False,False,False,True,False,False,0
-0.3906969266915071,-0.0853512796708728,-1.042417869490058,0.6427890373366936,-0.9166876736979732,1,0,0.0818847881776373,0,-0.0078339372127105,0.6901130315098273,True,False,False,False,False,False,0
-0.048231802242893,0.4850833380124864,-0.348369102820301,0.2859276180616985,-0.9166876736979732,1,0,-1.1101694954267134,1,-0.7200100474591208,-0.8436394300859061,True,True,False,False,False,True,0
0.8546307985761801,0.3900109017319265,-0.6953934861551795,-0.3242034781362393,0.8084361535388619,0,1,-0.0977033464729172,1,-1.4321861577055308,-1.5282709636677696,False,False,True,False,True,False,0
-0.5567406233938653,1.9111698822208845,1.0397284305192127,0.6741952336342812,0.8084361535388619,0,0,-0.6996248303086502,1,0.7043421730336995,0.0677207282535876,True,True,False,False,False,False,0
-0.0170986091112009,-1.511437823879271,-0.348369102820301,0.2851422790278798,0.8084361535388619,1,0,-0.545521381524819,0,1.4165182832801098,0.7434609432175049,True,True,False,False,True,False,0
-0.9303389409741716,-0.5607134610736721,1.0397284305192127,0.2650949191044472,0.8084361535388619,1,0,-1.722619825199238,0,-0.7200100474591208,-1.0348027803717512,True,True,False,True,False,False,0
-1.075627175588735,-0.5607134610736721,0.3456796638494558,-1.2184705569895626,-0.9166876736979732,1,1,-1.194515362678468,0,0.7043421730336995,1.1035593472443292,True,False,True,True,False,False,0
0.0451677771521834,0.009721156609687,0.3456796638494558,-1.2184705569895626,0.8084361535388619,1,0,0.7065697701106084,0,0.7043421730336995,0.1388512771971578,False,False,False,False,False,False,0
1.062185419454128,1.530880137098645,-0.6953934861551795,1.3690463992180928,-0.9166876736979732,1,0,-1.6056666487234834,1,0.7043421730336995,0.903504678340538,False,True,False,True,False,False,0
0.6366984466543348,0.2949384654513666,-1.736466636159815,0.5286759934699977,-0.9166876736979732,0,1,1.1725953001729423,0,1.4165182832801098,1.1791355554968723,True,False,True,True,False,False,0
2.058447599668278,-0.2754961522319926,0.3456796638494558,1.0814145771204249,-0.9166876736979732,1,0,-1.361881189704493,1,-0.0078339372127105,0.5389606150047405,False,True,False,False,True,False,0
0.6366984466543348,-0.0853512796708728,0.3456796638494558,0.6545074805344894,0.8084361535388619,0,1,-0.4241114798497022,0,-0.0078339372127105,-0.4613127295142161,True,False,True,True,False,False,0
0.6055652535226427,-1.606510260159831,1.0397284305192127,-1.2184705569895626,2.533559980775697,1,0,0.1193007288079794,0,0.7043421730336995,-0.1856818523578813,True,False,True,False,False,False,0
1.4772946612100235,2.196387191062564,1.3867528138540912,0.7617897559608579,2.533559980775697,1,0,1.271927781761069,1,1.4165182832801098,-1.59940151261134,False,False,False,False,False,True,0
0.5017879430836688,1.4358077008180852,-1.3894422528249364,0.0530528996437212,-0.9166876736979732,0,1,0.6833700404554099,0,1.4165182832801098,-0.270149379228371,True,False,True,False,True,False,0
0.2527223980301313,-0.5607134610736721,0.3456796638494558,1.527266516894446,-0.9166876736979732,0,0,-0.3708863615108434,0,-0.0078339372127105,-1.5949558533023669,True,False,False,True,False,False,0
0.0970564323716704,-0.6557858973542321,-1.3894422528249364,1.1188173693066183,-0.9166876736979732,0,1,-0.7614493957805195,0,-0.0078339372127105,1.2280378078955771,False,True,False,False,False,False,0
-0.4529633129548914,0.1047935928902469,1.0397284305192127,0.7305379056018227,-0.9166876736979732,0,0,-0.6827195969040861,0,0.7043421730336995,0.8679394038687528,False,True,False,False,False,False,0
1.186718191980897,-1.0360756424764714,-0.6953934861551795,-0.2142958807654215,0.8084361535388619,1,1,-1.516967159227277,0,-1.4321861577055308,0.8946133597225917,False,True,False,True,False,False,0
0.3772551705569,-0.9410032061959116,1.3867528138540912,1.0959740102909177,0.8084361535388619,1,0,0.7480381958557142,0,0.7043421730336995,-1.4971513485049577,True,True,False,False,False,True,0
1.165962729893102,-0.5607134610736721,1.3867528138540912,1.4868225973671,-0.9166876736979732,0,1,0.3225439500090287,0,-0.7200100474591208,1.3702989057827175,False,False,True,True,False,False,0
1.539561047473408,0.1047935928902469,-0.6953934861551795,-0.0033467714463562,0.8084361535388619,1,0,0.5586500644875668,0,1.4165182832801098,-0.4168561364244846,False,False,False,False,True,False,0
-1.9369788522322189,-0.5607134610736721,1.0397284305192127,-1.2184705569895626,0.8084361535388619,1,0,1.342898779013754,0,0.7043421730336995,-0.4435300922783235,True,False,False,False,False,False,0
-0.1727645747696618,-0.4656410247931123,-0.0013447194854226,0.3615494426775935,0.8084361535388619,1,0,-1.4726179360792837,0,-0.0078339372127105,-0.2168014675206933,False,False,True,False,False,True,0
1.1140740746736149,-0.5607134610736721,-1.042417869490058,-1.2184705569895626,0.8084361535388619,1,0,-0.7623604573045183,0,-1.4321861577055308,-0.7947371776872015,False,False,False,False,False,True,0
2.058447599668278,0.3900109017319265,1.0397284305192127,0.2584604453951009,0.8084361535388619,1,0,-0.7907728845839541,0,-0.7200100474591208,-1.3459989319998709,False,True,False,False,True,False,0
0.7923644123127958,0.3900109017319265,-0.0013447194854226,-1.2184705569895626,-0.9166876736979732,1,1,0.3417676958988071,0,1.4165182832801098,1.410309839563476,False,False,True,True,False,False,0
0.1593228186350548,-1.416365387598711,-0.348369102820301,-1.2184705569895626,0.8084361535388619,0,1,-1.1491848358584418,0,1.4165182832801098,-0.2079101489027471,False,False,False,False,False,False,0
0.1281896255033626,-0.6557858973542321,-0.0013447194854226,0.9222906390881274,-0.9166876736979732,0,0,0.5915736372444205,0,-1.4321861577055308,1.6459297829390525,True,False,True,False,False,True,0
-0.0067208780673035,-0.3705685885125524,0.6927040471843343,-0.0236744837955208,2.533559980775697,1,0,0.5045611763679394,1,-0.7200100474591208,-0.4079648178065383,True,False,False,False,False,True,0
-2.0615116247589875,-1.0360756424764714,-0.6953934861551795,1.022854223000503,-0.9166876736979732,1,0,0.6331436011441092,0,-0.7200100474591208,0.9301786341943769,False,True,False,True,False,False,0
0.8650085296200775,0.6752282105736062,-1.042417869490058,0.4842173183314382,-0.9166876736979732,1,0,0.2423708836305509,1,0.7043421730336995,-1.4215751402524144,True,True,False,False,False,False,0
0.6366984466543348,0.4850833380124864,-1.3894422528249364,-0.2027508365836552,-0.9166876736979732,1,0,-0.6268918678872242,0,1.4165182832801098,0.2277644633766206,True,False,False,True,False,False,0
-0.0586095332867904,-0.8459307699153518,-0.0013447194854226,0.3508424136850235,-0.9166876736979732,1,1,-1.5243615362414265,0,0.7043421730336995,-1.2348574492755424,True,False,False,False,True,False,0
-0.2557864231208409,-1.511437823879271,-0.0013447194854226,1.7314719575559352,-0.9166876736979732,1,0,0.0463864234152688,0,-0.7200100474591208,1.6192558270852135,True,True,False,False,False,True,0
0.0244123150643886,-0.9410032061959116,-1.042417869490058,0.253829747018729,-0.9166876736979732,1,0,-1.101717313391189,0,-0.7200100474591208,-1.030357121062778,True,False,False,False,False,False,0
1.7056047441757665,0.1047935928902469,1.3867528138540912,0.526779491766515,-0.9166876736979732,1,1,-0.3625247640276097,0,-1.4321861577055308,-0.0656490510156066,False,True,False,False,False,False,0
0.4187660947324896,0.3900109017319265,1.7337771971889695,0.6802539521620555,-0.9166876736979732,1,1,1.05728968457532,1,1.4165182832801098,-0.7280522880526045,False,True,False,False,False,False,0
1.0829408815419228,-0.4656410247931123,-1.3894422528249364,0.432794983539897,-0.9166876736979732,1,1,-0.1803388869667375,0,0.7043421730336995,-0.3546169060988607,True,False,False,False,False,True,0
-1.5633805346519123,0.2949384654513666,1.3867528138540912,0.6168888602101537,-0.9166876736979732,0,1,-0.1565069779792374,0,0.7043421730336995,-0.6969326728897925,True,False,False,False,False,True,0
1.2801177713759733,0.5801557742930463,1.0397284305192127,-1.2184705569895626,-0.9166876736979732,1,0,0.520650627201778,0,0.7043421730336995,0.8812763817956722,True,False,False,False,False,False,0
-0.0378540711989956,0.1047935928902469,-0.0013447194854226,1.0226460801373098,-0.9166876736979732,1,1,-1.7345573391641664,1,-0.7200100474591208,-0.1234426220322574,False,True,False,True,False,False,0
0.086678701327773,-1.0360756424764714,-1.3894422528249364,0.677266621745544,0.8084361535388619,1,0,-1.497728808534443,0,-1.4321861577055308,1.5925818712313746,True,True,False,False,True,False,0
-1.656780114046989,-0.0853512796708728,1.0397284305192127,-0.3047485248234347,0.8084361535388619,1,0,1.5394769940199626,0,-0.0078339372127105,1.3658532464737445,False,True,False,False,True,False,0
0.325366515337413,0.9604455194152858,0.6927040471843343,0.5234871520004777,0.8084361535388619,0,0,0.7012372783279671,0,-0.0078339372127105,0.9479612714302692,False,True,False,False,False,True,0
1.2593623092881785,0.1998660291708067,-0.348369102820301,-1.2184705569895626,0.8084361535388619,1,1,-1.31280435703378,0,-0.7200100474591208,0.2677753971573789,True,False,False,False,True,False,0
-0.2869196162525331,-1.1311480787570314,1.3867528138540912,0.2972464269621626,0.8084361535388619,0,1,-1.6684382661268835,0,-1.4321861577055308,1.5614622560685627,True,True,False,False,True,False,0
-0.6397624717450445,1.1505903919764056,-0.6953934861551795,1.2626402451358745,2.533559980775697,0,1,1.5908973759811291,1,-1.4321861577055308,0.6767760535829078,False,False,True,False,False,True,0
0.1593228186350548,1.6259525733792048,1.0397284305192127,0.9824647408373778,-0.9166876736979732,1,0,0.5288242747790112,1,-0.0078339372127105,-1.6527494243190175,False,True,False,False,True,False,0
0.9895413021468462,-0.6557858973542321,-0.0013447194854226,-0.1378081818386414,0.8084361535388619,0,1,-0.4009526088697214,0,0.7043421730336995,1.2369291265135234,False,True,False,False,True,False,0
0.2008337428106443,0.2949384654513666,-0.6953934861551795,-1.2184705569895626,0.8084361535388619,1,1,0.4871404281888228,0,-0.7200100474591208,1.4414294547262878,False,False,True,False,False,False,0
0.7819866812688984,-0.7508583336347919,1.7337771971889695,0.3345488302443389,0.8084361535388619,0,0,-0.4141026692217428,0,-0.7200100474591208,-0.2523667419924785,False,False,True,False,False,False,0
1.5706942406051003,0.1047935928902469,0.3456796638494558,1.4317758548877804,-0.9166876736979732,1,0,-1.5318214610026262,0,-0.0078339372127105,1.2147008299686577,False,False,False,False,False,True,0
2.058447599668278,-0.3705685885125524,0.3456796638494558,0.0893866380625738,-0.9166876736979732,1,0,-1.731839107128633,0,1.4165182832801098,-0.1367795999591768,False,False,False,False,False,True,0
0.6470761776982322,-1.226220515037591,1.3867528138540912,0.2213815555260156,-0.9166876736979732,1,0,-0.9428440054757968,0,1.4165182832801098,0.303340671629164,False,False,False,False,False,False,0
1.186718191980897,0.4850833380124864,-0.6953934861551795,0.6519764633180559,-0.9166876736979732,0,0,1.6901921284946937,0,-1.4321861577055308,-0.2790406978463173,True,True,False,False,True,False,0
1.591449702692895,-1.416365387598711,0.3456796638494558,1.0746449706598973,0.8084361535388619,1,0,1.4883760051923047,0,1.4165182832801098,-0.2745950385373442,True,True,False,False,False,False,0
0.13856735654726,2.291459627343124,0.6927040471843343,0.4541907889970341,-0.9166876736979732,1,1,-1.308623906025569,1,-0.7200100474591208,1.4858860478160194,True,True,False,False,True,False,0
-0.5256074302621732,0.8653730831347259,1.0397284305192127,0.7153799816447011,-0.9166876736979732,1,0,-0.6344502012023522,1,-0.7200100474591208,-0.0878773475604723,False,True,False,False,False,False,0
0.4187660947324896,0.9604455194152858,0.3456796638494558,0.551391104459992,0.8084361535388619,0,1,0.1224317203965612,0,-1.4321861577055308,1.2636030823673623,True,True,False,False,True,False,0
0.4395215568202844,-0.7508583336347919,1.7337771971889695,-1.2184705569895626,0.8084361535388619,1,0,1.052919023393969,0,-0.0078339372127105,0.2944493530112178,False,False,False,False,False,True,0
-1.0548717135009402,-0.8459307699153518,-0.348369102820301,-1.2184705569895626,0.8084361535388619,1,0,-0.1949915033665445,0,-0.0078339372127105,-0.5457802563847057,False,False,False,True,False,False,0
0.6574539087421296,-0.7508583336347919,0.6927040471843343,-1.2184705569895626,-0.9166876736979732,1,1,0.8613234803638584,0,-1.4321861577055308,0.4456017695163045,True,False,True,False,True,False,0
-1.6152691898713996,-0.6557858973542321,-0.348369102820301,0.8284676817453268,-0.9166876736979732,1,0,-0.5904876576019487,0,0.7043421730336995,-0.4213017957334578,True,False,False,False,False,True,0
0.1800782807228495,-0.8459307699153518,0.6927040471843343,1.0210315319585073,-0.9166876736979732,1,0,1.536365475502123,0,-0.0078339372127105,-1.354890250617817,False,True,False,False,False,True,0
0.5848097914348479,2.386532063623684,-0.0013447194854226,-1.2184705569895626,2.533559980775697,0,1,0.2101836363611274,1,-0.7200100474591208,-0.6302477832551954,False,False,True,False,True,False,0
-0.4633410439987888,-1.321292951318151,-0.6953934861551795,-1.2184705569895626,0.8084361535388619,0,0,1.505988702211592,0,-0.0078339372127105,0.0766120468715338,True,False,False,False,False,False,0
0.086678701327773,-0.7508583336347919,0.3456796638494558,1.540633931898419,-0.9166876736979732,0,1,-0.956143591192444,0,0.7043421730336995,-1.706097336026695,False,False,False,False,True,False,0
0.4706547499519766,3.5274012989904024,0.6927040471843343,-1.2184705569895626,0.8084361535388619,0,1,1.5359586274169788,0,-0.0078339372127105,0.5611889115496062,False,False,False,False,False,False,0
-2.28982170772473,-0.1804237159514327,-1.736466636159815,0.7150818570206502,-0.9166876736979732,1,1,0.2884759866126789,0,-0.7200100474591208,-0.968117890737154,True,False,False,False,False,True,0
2.058447599668278,0.009721156609687,0.3456796638494558,2.080032479336878,0.8084361535388619,0,1,-1.0024536830174715,1,1.4165182832801098,0.6278738011842032,True,False,True,False,True,False,0
-1.231293141247196,-0.3705685885125524,1.0397284305192127,-1.2184705569895626,0.8084361535388619,1,1,1.52079171330954,0,-0.0078339372127105,-0.2168014675206933,False,False,False,False,True,False,0
-1.521869610476323,-0.1804237159514327,0.3456796638494558,1.3411086635707832,0.8084361535388619,0,1,0.4325208988914772,0,-1.4321861577055308,-0.8258567928500136,False,True,False,True,False,False,0
-0.1104981885062774,-0.1804237159514327,0.6927040471843343,-1.2184705569895626,0.8084361535388619,1,0,-0.4378483403245282,0,-0.7200100474591208,-0.4035191584975652,True,False,False,False,True,False,0
-0.0378540711989956,0.2949384654513666,-0.348369102820301,-1.2184705569895626,0.8084361535388619,1,0,-1.4108961258289188,0,-0.7200100474591208,0.6767760535829078,True,False,False,True,False,False,0
1.3216286955515628,-0.9410032061959116,-0.6953934861551795,-0.4757502153988181,2.533559980775697,1,0,0.4782720092661889,1,-0.0078339372127105,1.4014185209455297,False,False,False,False,False,False,0
-0.7124065890523262,-1.1311480787570314,-0.348369102820301,-1.2184705569895626,2.533559980775697,1,0,1.0898333585860027,0,-1.4321861577055308,-0.5457802563847057,False,False,False,False,False,False,0
-0.1208759195501748,0.3900109017319265,1.3867528138540912,0.2986105632655542,-0.9166876736979732,1,0,1.4530921919415036,1,0.7043421730336995,-0.3723995433347533,False,True,False,False,False,False,0
0.5744320603909505,3.242183990148723,0.3456796638494558,-0.1525682327072737,-0.9166876736979732,1,1,-0.6548252923997486,0,-0.0078339372127105,1.2324834672045504,True,False,False,True,False,False,0
0.0036568529765938,0.5801557742930463,-1.042417869490058,1.2059365253556396,-0.9166876736979732,0,1,0.2590985991312976,0,-0.7200100474591208,-0.9725635500461272,True,True,False,True,False,False,0
0.7508534881372062,0.1047935928902469,0.3456796638494558,0.5436100837942388,-0.9166876736979732,1,1,-0.2343822220101645,0,-0.7200100474591208,0.3255689681740297,False,False,False,False,False,True,0
1.1036963436297176,-0.3705685885125524,0.6927040471843343,-1.2184705569895626,0.8084361535388619,1,0,-0.3908427816872878,0,-0.0078339372127105,-0.2079101489027471,True,False,False,False,False,False,0
-0.7435397821840184,0.4850833380124864,1.3867528138540912,1.0773623557938363,-0.9166876736979732,0,0,0.8077808814252246,1,0.7043421730336995,-0.176790533739935,True,True,False,True,False,False,0
-0.6812733959206341,2.006242318501444,-0.6953934861551795,-0.4656234246648737,0.8084361535388619,0,1,-0.6466116554808132,1,-0.0078339372127105,1.0813310506994636,False,False,False,False,True,False,0
-0.1312536505940722,-0.6557858973542321,1.3867528138540912,-1.2184705569895626,0.8084361535388619,1,0,0.1896724075352402,0,0.7043421730336995,1.063548413463571,True,False,False,True,False,False,0
1.010296764234641,-0.0853512796708728,1.3867528138540912,0.8530043630080543,-0.9166876736979732,1,1,-1.5105878160255533,0,0.7043421730336995,0.1166229806522921,True,False,True,False,False,False,0
0.6470761776982322,0.009721156609687,-0.6953934861551795,1.1813764680482766,0.8084361535388619,1,0,-0.6360901119455498,0,0.7043421730336995,-1.6527494243190175,True,True,False,False,False,True,0
-0.0793649953745852,-0.7508583336347919,-0.0013447194854226,0.1585754072167358,-0.9166876736979732,1,1,-0.4608917638136819,0,-0.7200100474591208,-1.4793687112690652,False,False,True,False,False,True,0
-0.4218301198231992,1.3407352645375252,0.6927040471843343,-1.2184705569895626,0.8084361535388619,0,1,0.974768026772,1,-1.4321861577055308,1.0502114355366516,False,False,False,True,False,False,0
0.9480303779712568,0.5801557742930463,1.7337771971889695,1.0979544095792566,2.533559980775697,1,0,-1.3547493514119542,1,-0.0078339372127105,-0.6035738274013566,True,True,False,True,False,False,0
-0.4737187750426862,-0.2754961522319926,1.7337771971889695,-1.2184705569895626,0.8084361535388619,0,1,0.959921027398179,0,-0.7200100474591208,0.9168416562674574,False,False,False,False,False,True,0
0.0970564323716704,-0.5607134610736721,1.3867528138540912,-1.2184705569895626,0.8084361535388619,1,1,-0.2826460539774009,0,-0.7200100474591208,1.1835812148058458,True,False,False,False,False,False,0
-1.4907364173446307,-0.7508583336347919,0.6927040471843343,-1.2184705569895626,0.8084361535388619,1,1,-1.6397045331802054,0,0.7043421730336995,-0.1501165778860962,False,False,False,True,False,False,0
1.352761888683255,0.2949384654513666,0.6927040471843343,0.8057729047119674,-0.9166876736979732,1,0,-1.0536529065323548,0,-1.4321861577055308,-1.0659223955345631,True,True,False,True,False,False,0
-1.81244607970545,-0.7508583336347919,1.3867528138540912,-1.2184705569895626,0.8084361535388619,0,1,1.4540451553409386,0,-1.4321861577055308,-1.3860098657806292,True,False,True,False,False,True,0
-0.7124065890523262,-1.1311480787570314,-1.3894422528249364,0.7894128756649558,-0.9166876736979732,1,1,0.1800064620457014,0,-1.4321861577055308,1.7126146725736495,False,False,False,False,True,False,0
-0.4114523887793018,-0.6557858973542321,1.3867528138540912,0.4870317300616043,0.8084361535388619,1,0,1.3328772761164718,0,-0.0078339372127105,0.9524069307392424,True,True,False,True,False,False,0
-1.469980955256836,-0.8459307699153518,-1.736466636159815,-1.2184705569895626,0.8084361535388619,1,1,0.5237244166450553,0,-0.7200100474591208,-0.7858458590692553,False,False,False,False,False,False,0
-1.158649023939914,0.009721156609687,-1.3894422528249364,-1.2184705569895626,-0.9166876736979732,0,1,0.1388868129069206,0,-0.7200100474591208,0.5345149556957673,True,False,True,False,False,False,0
-0.2869196162525331,1.530880137098645,0.6927040471843343,0.6835325224771432,-0.9166876736979732,1,1,-0.0940491899748484,1,0.7043421730336995,-0.4613127295142161,True,False,False,False,False,False,0
-2.1445334731101666,-0.8459307699153518,-0.6953934861551795,-1.2184705569895626,0.8084361535388619,1,1,0.4782707921992677,0,-0.7200100474591208,1.0457657762276784,False,False,False,False,True,False,0
0.3772551705569,-1.226220515037591,-1.3894422528249364,-1.2184705569895626,0.8084361535388619,1,1,0.069627533345794,0,-0.7200100474591208,-1.003683165208939,True,False,False,False,True,False,0
0.771608950225001,-0.0853512796708728,-0.0013447194854226,0.8129336596454039,-0.9166876736979732,1,0,0.480237224610799,0,-0.7200100474591208,-0.4124104771155115,False,False,False,False,True,False,0
-0.992605327237556,-0.8459307699153518,0.6927040471843343,-1.2184705569895626,0.8084361535388619,1,1,1.499024819154203,0,-0.0078339372127105,-1.1148246479332675,False,False,False,True,False,False,0
1.6848492820879717,-0.7508583336347919,0.3456796638494558,0.1868543370497882,-0.9166876736979732,1,0,1.5315076398188172,0,-0.0078339372127105,1.1702442368789263,False,False,False,False,False,True,0
-0.9095834788863768,-0.5607134610736721,-0.348369102820301,0.9581635812298488,-0.9166876736979732,1,0,-0.6478497602732549,0,-0.0078339372127105,0.3966995171176,False,False,False,False,False,False,0
1.5603165095612028,0.1998660291708067,-0.0013447194854226,-1.2184705569895626,0.8084361535388619,1,1,0.5945373690646649,0,-0.7200100474591208,-1.1459442630960797,True,False,True,False,True,False,0
0.13856735654726,0.1998660291708067,1.0397284305192127,0.3209468542445364,-0.9166876736979732,1,0,0.6364682802398922,0,-0.0078339372127105,-1.4526947554152263,False,False,False,False,True,False,0
1.3423841576393576,-0.9410032061959116,0.3456796638494558,0.3627730024933819,-0.9166876736979732,0,0,0.2046645856061101,0,-0.7200100474591208,-0.5013236632949744,False,False,True,True,False,False,0
1.6225828958245871,0.5801557742930463,0.6927040471843343,0.6808578866851063,0.8084361535388619,1,0,0.8119778497702251,0,-1.4321861577055308,-0.2123558082117202,True,False,False,False,False,True,0
0.8442530675322827,0.009721156609687,-0.0013447194854226,0.2471515633081119,-0.9166876736979732,1,1,-0.1155916222165441,0,-0.0078339372127105,-1.2037378341127305,True,True,False,False,True,False,0
1.5603165095612028,-0.1804237159514327,1.3867528138540912,0.6319068481192515,-0.9166876736979732,0,1,0.3364598931879995,0,-1.4321861577055308,1.4236468174903951,True,True,False,True,False,False,0
-0.9510944030619662,0.4850833380124864,-0.0013447194854226,1.0750231502313303,-0.9166876736979732,1,0,-0.0307747500662186,0,1.4165182832801098,0.7167869873636661,False,False,False,False,False,False,0
-0.0274763401550982,0.009721156609687,-0.6953934861551795,0.5923148733419463,-0.9166876736979732,1,1,-0.6971367977879592,0,1.4165182832801098,1.508114344360885,True,False,False,False,True,False,0
-0.7227843200962236,-1.226220515037591,-0.348369102820301,-0.1641731579896817,0.8084361535388619,1,0,-1.221971349224408,0,-1.4321861577055308,-0.3946278398796189,True,False,True,False,False,True,0
0.2942333222057209,-0.6557858973542321,0.6927040471843343,1.5907215906072052,-0.9166876736979732,0,1,-0.4013081662774651,0,-0.7200100474591208,0.7345696245995587,True,True,False,False,True,False,0
-1.376581375861759,1.7210250096597648,-1.042417869490058,0.687403179183069,0.8084361535388619,1,1,-1.2267947593005095,0,-0.0078339372127105,0.365579901954788,False,False,True,False,False,True,0
0.9168971848395644,-0.1804237159514327,-0.0013447194854226,-1.2184705569895626,0.8084361535388619,1,1,-1.2675385086272897,0,1.4165182832801098,0.8501567666328603,False,False,False,False,True,False,0
1.6537160889562794,0.4850833380124864,-0.6953934861551795,-1.2184705569895626,0.8084361535388619,0,1,-0.3823599991120261,0,1.4165182832801098,1.121341984480222,True,False,True,False,True,False,0
-1.1171380997643243,-1.606510260159831,-0.6953934861551795,-0.1540068201117304,-0.9166876736979732,0,1,0.1718863654130086,0,-0.7200100474591208,-1.0525854176076437,True,False,True,False,False,True,0
-0.0067208780673035,-0.2754961522319926,1.0397284305192127,-1.2184705569895626,0.8084361535388619,1,0,-0.1526351403689463,0,-0.0078339372127105,0.9612982493571888,False,False,True,False,False,True,0
1.591449702692895,-1.226220515037591,-1.042417869490058,-1.2184705569895626,0.8084361535388619,1,1,-1.3107669870074028,0,-1.4321861577055308,-0.9770092093551004,True,False,True,False,False,True,0
-1.1067603687204273,1.530880137098645,-0.0013447194854226,-1.2184705569895626,-0.9166876736979732,0,0,-1.5716944858805155,1,1.4165182832801098,-0.3679538840257801,False,False,False,False,False,False,0
-0.4737187750426862,2.481604499904244,1.7337771971889695,0.8038237268531073,2.533559980775697,0,0,-1.6094772852543,1,1.4165182832801098,-0.0700947103245797,True,True,False,False,False,False,0
0.5017879430836688,-0.1804237159514327,-1.3894422528249364,0.9458868348290096,-0.9166876736979732,1,0,1.0473570275632975,0,-0.0078339372127105,0.4144821543534925,True,False,False,False,False,True,0
1.456539199122229,1.9111698822208845,1.3867528138540912,0.4084024011824576,-0.9166876736979732,0,0,1.061419714239645,1,1.4165182832801098,0.7656892397623706,False,True,False,False,False,False,0
0.5640543293470531,0.4850833380124864,-1.042417869490058,1.7584876203192976,0.8084361535388619,1,0,-0.6088443302436006,0,1.4165182832801098,-0.3146059723181024,False,True,False,True,False,False,0
0.3564997084691052,0.009721156609687,-0.348369102820301,-1.2184705569895626,0.8084361535388619,1,0,0.9491842368845358,0,0.7043421730336995,1.6459297829390525,True,False,False,False,False,False,0
1.165962729893102,-1.416365387598711,-1.736466636159815,-1.2184705569895626,0.8084361535388619,1,0,-0.2035422678226999,0,-0.0078339372127105,-0.6080194867103297,False,False,False,True,False,False,0
0.2631001290740287,-0.1804237159514327,-0.6953934861551795,-1.2184705569895626,0.8084361535388619,1,1,-1.081086464273601,0,-0.0078339372127105,0.2099818261407281,False,False,False,False,True,False,0
0.8546307985761801,1.4358077008180852,-0.6953934861551795,-1.2184705569895626,-0.9166876736979732,1,0,0.5281070746289168,1,0.7043421730336995,-0.4524214108962698,False,False,False,False,False,True,0
-1.3869591069056568,0.6752282105736062,-0.6953934861551795,-1.2184705569895626,0.8084361535388619,1,0,-0.4158109095792404,0,-0.7200100474591208,-0.1056599847963648,True,False,False,False,True,False,0
-1.5011141483885282,-0.2754961522319926,1.3867528138540912,0.6742576764932394,2.533559980775697,1,0,0.324761098206363,1,-0.0078339372127105,-0.7102696508167119,True,True,False,True,False,False,0
0.5640543293470531,-0.6557858973542321,-0.0013447194854226,0.1960752259991562,0.8084361535388619,1,1,0.0652085372209942,0,-0.7200100474591208,0.1521882551240772,True,True,False,False,False,True,0
0.0036568529765938,-0.3705685885125524,0.6927040471843343,0.4469211593351577,0.8084361535388619,1,1,-0.7862845156446363,0,-1.4321861577055308,1.419201158181422,True,True,False,False,True,False,0
1.2593623092881785,1.2456628282569653,-1.042417869490058,-1.2184705569895626,0.8084361535388619,1,0,-0.7492524726946357,0,1.4165182832801098,0.0010358386189905,True,False,True,False,True,False,0
1.1763404609369994,-0.2754961522319926,1.0397284305192127,0.2595125275135967,0.8084361535388619,1,1,-0.4782504415798087,0,-0.0078339372127105,-0.2657037199193979,True,True,False,False,False,False,0
-2.33133263190032,-0.5607134610736721,1.0397284305192127,-1.2184705569895626,-0.9166876736979732,1,1,-1.5052047290323236,0,0.7043421730336995,1.565907915377536,True,False,False,False,False,True,0
-1.1067603687204273,0.5801557742930463,0.3456796638494558,0.283302936556828,0.8084361535388619,1,1,1.076060507703645,0,-0.0078339372127105,-0.1323339406502037,True,True,False,True,False,False,0
0.6159429845665401,0.1998660291708067,-0.6953934861551795,1.11520977315779,-0.9166876736979732,1,1,0.0178001294327798,0,-0.0078339372127105,-1.6127384905382594,False,False,False,False,True,False,0
0.4395215568202844,2.006242318501444,1.3867528138540912,-1.2184705569895626,-0.9166876736979732,1,1,-0.753578624000005,0,0.7043421730336995,0.1788622109779161,True,False,False,True,False,False,0
-1.2105376791594011,0.8653730831347259,1.3867528138540912,-1.2184705569895626,-0.9166876736979732,1,0,0.8599707974141049,1,0.7043421730336995,0.4011451764265731,False,False,False,True,False,False,0
-0.0793649953745852,-1.226220515037591,-0.348369102820301,1.2385073610277426,0.8084361535388619,1,1,-0.3083430310885522,0,1.4165182832801098,1.4992230257429386,False,False,True,False,True,False,0
1.4980501232978185,0.5801557742930463,-1.042417869490058,0.5384188406762974,-0.9166876736979732,1,1,0.4077424595725559,0,-0.7200100474591208,-1.5104883264318771,False,False,False,False,False,False,0
-0.4529633129548914,-1.1311480787570314,-0.348369102820301,1.236416005582332,-0.9166876736979732,1,1,1.7303569017003062,0,-0.0078339372127105,0.7612435804533975,True,False,True,False,False,True,0
-0.8784502857546845,0.009721156609687,-0.0013447194854226,-1.2184705569895626,0.8084361535388619,0,0,1.183865861464959,0,-0.0078339372127105,0.4544930881342508,True,False,False,True,False,False,0
1.4980501232978185,0.1998660291708067,1.0397284305192127,0.5031122072323577,-0.9166876736979732,1,0,-1.424331327573947,0,-0.7200100474591208,-0.0034098206899826,True,False,True,False,False,True,0
0.4602770189080792,0.3900109017319265,-0.348369102820301,-1.2184705569895626,0.8084361535388619,1,1,-0.5915800620972318,0,0.7043421730336995,0.3166776495560834,False,False,True,False,False,False,0
-0.3803191956476097,0.1998660291708067,1.3867528138540912,0.5269391213315949,-0.9166876736979732,1,0,1.670314296068029,0,-1.4321861577055308,-0.2034644895937739,False,False,True,False,True,False,0
-0.0378540711989956,-1.511437823879271,1.3867528138540912,1.477340088849687,-0.9166876736979732,1,0,0.5954140049814592,0,0.7043421730336995,1.2280378078955771,True,False,False,False,False,False,0
-0.9095834788863768,0.8653730831347259,-0.0013447194854226,0.909009363207538,-0.9166876736979732,1,0,-0.3681022339948527,0,-1.4321861577055308,0.5967541860213913,True,False,True,False,False,False,0
0.6574539087421296,-1.7015826964403906,0.3456796638494558,0.0058443370625858,-0.9166876736979732,1,1,1.2706253462884975,0,0.7043421730336995,1.725951650500569,True,False,False,True,False,False,0
0.3876329016007974,0.6752282105736062,0.6927040471843343,-0.3856416475046533,0.8084361535388619,1,1,-0.4770491965284143,0,-0.0078339372127105,-0.9903461872820196,False,False,False,False,False,False,0
0.086678701327773,-0.5607134610736721,-1.736466636159815,-0.053135985311302,-0.9166876736979732,0,0,1.4017255347915802,0,-1.4321861577055308,-0.239029764065559,True,False,False,False,True,False,0
-0.9614721341058636,-0.0853512796708728,1.0397284305192127,0.3048055353137728,-0.9166876736979732,1,1,-0.2409067439089382,0,0.7043421730336995,-1.4260207995613874,False,False,False,False,True,False,0
0.2734778601179261,-1.606510260159831,-0.348369102820301,1.5810972247230313,-0.9166876736979732,1,1,-1.2567472978355907,0,-0.0078339372127105,-1.21707481203965,False,False,False,False,True,False,0
-0.3180528093842253,1.9111698822208845,-1.042417869490058,-1.2184705569895626,0.8084361535388619,1,1,1.233286776341014,0,0.7043421730336995,0.5923085267124182,False,False,True,False,True,False,0
-0.0170986091112009,-0.3705685885125524,-0.6953934861551795,1.4390723830119772,0.8084361535388619,1,1,-1.3205024791781623,0,-0.7200100474591208,-1.3371076133819246,False,True,False,False,True,False,0
-1.2209154102032984,-0.3705685885125524,-0.348369102820301,-1.2184705569895626,0.8084361535388619,0,0,-1.5802768940766272,0,-0.7200100474591208,0.7879175363072363,True,False,True,False,True,False,0
-1.2728040654227857,0.009721156609687,-1.042417869490058,0.1067018827417488,-0.9166876736979732,1,1,0.3910983739559778,0,-0.0078339372127105,-0.1456709185771231,False,False,True,True,False,False,0
0.0140345840204912,0.770300646854166,0.3456796638494558,-1.2184705569895626,-0.9166876736979732,1,0,-0.8647323027287174,1,-0.7200100474591208,0.0677207282535876,True,False,False,False,False,True,0
0.2942333222057209,-1.1311480787570314,-0.6953934861551795,-1.2184705569895626,-0.9166876736979732,1,0,-1.181894204837134,0,-0.0078339372127105,1.192472533423792,True,False,False,False,False,False,0
-1.137893561852119,1.9111698822208845,-1.042417869490058,-0.1154291415177569,0.8084361535388619,1,0,-1.6087230514964554,1,1.4165182832801098,-0.7324979473615776,False,False,False,False,False,False,0
0.5744320603909505,0.8653730831347259,1.0397284305192127,0.1975676103282539,-0.9166876736979732,1,1,0.3385516834924323,1,-0.7200100474591208,-1.6127384905382594,True,False,True,False,False,False,0
-0.2454086920769435,0.1047935928902469,-0.0013447194854226,1.6918201016779886,0.8084361535388619,1,1,0.4985919847187177,0,-0.7200100474591208,-1.3326619540729516,True,True,False,False,False,True,0
1.8405152477464324,-1.0360756424764714,-0.6953934861551795,0.9014728303510894,2.533559980775697,1,0,0.0775082155283825,1,-1.4321861577055308,-0.3146059723181024,True,True,False,False,True,False,0
0.9687858400590514,-1.0360756424764714,0.3456796638494558,-1.2184705569895626,0.8084361535388619,1,0,0.938148047908235,0,0.7043421730336995,0.1877535295958624,False,False,False,False,False,True,0
-1.0029830582814532,1.0555179556958456,0.6927040471843343,0.8319127663509692,0.8084361535388619,1,1,-0.6616704244989525,0,0.7043421730336995,1.6459297829390525,True,False,True,True,False,False,0
-1.4077145689934516,0.5801557742930463,-0.348369102820301,-1.2184705569895626,-0.9166876736979732,1,0,-0.0896727911922969,1,1.4165182832801098,-1.5638362381395547,False,False,False,False,False,True,0
-1.7190465003103734,0.1047935928902469,1.3867528138540912,-0.0762451267523113,-0.9166876736979732,1,0,-0.421436888356635,0,0.7043421730336995,-0.3412799281719413,False,True,False,False,True,False,0
0.4914102120397713,1.4358077008180852,-0.6953934861551795,0.5588984973155934,-0.9166876736979732,1,1,0.964516845959984,1,1.4165182832801098,-1.6260754684651788,False,True,False,False,False,False,0
-1.2935595275105802,-1.0360756424764714,0.3456796638494558,0.837281731452099,0.8084361535388619,1,0,-0.3566235542592816,0,1.4165182832801098,1.223592148586604,True,False,True,False,False,True,0
1.425406005990537,1.3407352645375252,-1.3894422528249364,1.315616606565997,-0.9166876736979732,1,1,-1.6585996710012132,1,-1.4321861577055308,-1.381564206471656,False,False,False,False,False,True,0
-1.656780114046989,0.009721156609687,1.7337771971889695,0.7761248751687858,0.8084361535388619,1,0,0.8372259030540931,0,1.4165182832801098,-0.2079101489027471,True,True,False,True,False,False,0
0.7300980260494114,-0.4656410247931123,1.0397284305192127,-1.2184705569895626,0.8084361535388619,1,1,0.5740417882420525,0,-1.4321861577055308,-0.3723995433347533,True,False,False,False,False,False,0
0.13856735654726,0.1047935928902469,0.3456796638494558,-1.2184705569895626,-0.9166876736979732,1,1,1.0678326137150589,0,-0.7200100474591208,0.1966448482138086,False,False,False,False,False,True,0
-1.0963826376765298,-1.321292951318151,-0.6953934861551795,0.9083924597830112,-0.9166876736979732,1,0,0.5427426520918247,0,-0.0078339372127105,-0.7413892659795239,False,True,False,False,True,False,0
-0.8265616305351976,-0.0853512796708728,0.6927040471843343,-1.2184705569895626,0.8084361535388619,1,1,0.5683933806599639,0,-1.4321861577055308,0.587862867403445,False,False,False,False,True,False,0
0.6989648329177193,-1.0360756424764714,-0.6953934861551795,0.4798197399618431,0.8084361535388619,1,1,1.4511266288634874,0,-0.0078339372127105,0.8679394038687528,True,True,False,True,False,False,0
-0.5982515475694549,1.6259525733792048,0.6927040471843343,-1.2184705569895626,-0.9166876736979732,1,0,-1.2903593827365354,1,1.4165182832801098,0.4544930881342508,False,False,False,False,False,True,0
0.5225434051714636,0.1047935928902469,-1.3894422528249364,0.4394552349423006,-0.9166876736979732,0,0,-1.5772973403864048,1,-0.0078339372127105,0.8768307224866991,False,False,False,False,False,False,0
1.1036963436297176,0.1047935928902469,-0.6953934861551795,-1.2184705569895626,0.8084361535388619,0,0,-0.075347565794339,0,-1.4321861577055308,1.1435702810250876,True,False,True,False,False,False,0
1.1244518057175124,-0.4656410247931123,0.3456796638494558,-0.2897785698827663,-0.9166876736979732,1,0,-0.1753478693888926,0,1.4165182832801098,0.7923631956162095,False,True,False,False,False,True,0
0.2734778601179261,-0.7508583336347919,-1.3894422528249364,-1.2184705569895626,0.8084361535388619,0,1,0.5218671725230412,0,-0.7200100474591208,-1.6038471719203131,False,False,False,True,False,False,0
-1.1067603687204273,-0.8459307699153518,-0.6953934861551795,-1.2184705569895626,0.8084361535388619,1,0,1.214913412495869,0,0.7043421730336995,-0.936998275574342,True,False,False,False,True,False,0
-0.4218301198231992,-0.9410032061959116,-0.348369102820301,0.0445704375290059,0.8084361535388619,1,1,-1.2779828553463974,0,-0.0078339372127105,1.3658532464737445,False,True,False,False,False,True,0
-0.919961209930274,-0.4656410247931123,0.3456796638494558,-1.2184705569895626,0.8084361535388619,0,0,-1.11091016758172,0,-1.4321861577055308,-1.5593905788305815,False,False,False,True,False,False,0
-1.9681120453639107,-1.1311480787570314,-0.348369102820301,1.6140899499678376,-0.9166876736979732,1,0,-0.3450214291645426,0,-0.7200100474591208,-0.4168561364244846,True,False,False,False,False,True,0
1.09331861258582,-1.511437823879271,-1.042417869490058,0.0731993675920129,0.8084361535388619,1,0,-0.1119638934573395,0,1.4165182832801098,-1.4660317333421458,True,False,False,False,False,False,0
1.6018274337367924,-0.6557858973542321,-0.6953934861551795,-0.1975539896193971,-0.9166876736979732,1,0,0.9764667044608292,0,-1.4321861577055308,-0.8703133859397449,False,False,False,True,False,False,0
-0.1208759195501748,-0.1804237159514327,-0.0013447194854226,1.311656128209109,-0.9166876736979732,1,0,-0.3326626361781163,0,-1.4321861577055308,0.6323194604931764,True,False,True,True,False,False,0
0.7093425639616167,-0.0853512796708728,1.7337771971889695,-1.2184705569895626,0.8084361535388619,1,1,-0.7685181204598498,1,-0.7200100474591208,1.597027530540348,False,False,False,True,False,False,0
2.058447599668278,0.009721156609687,0.6927040471843343,0.0505603088020314,-0.9166876736979732,0,1,1.5035896894428642,0,-1.4321861577055308,1.6414841236300792,False,False,False,False,False,False,0
0.2215892048984391,0.1047935928902469,-1.3894422528249364,0.728933604456285,-0.9166876736979732,1,1,-1.689509519603305,0,-0.0078339372127105,-1.3059879982191127,True,False,True,False,False,False,0
-0.6501402027889419,-0.7508583336347919,1.7337771971889695,0.5529103872514102,-0.9166876736979732,1,0,0.8308667283899229,0,1.4165182832801098,0.5389606150047405,False,False,False,False,False,True,0
-2.217177590417448,2.006242318501444,0.6927040471843343,0.0366496409251233,-0.9166876736979732,0,1,-0.8868364982879778,0,0.7043421730336995,-1.5327166229767428,True,False,False,True,False,False,0
0.5536765983031557,0.6752282105736062,-0.348369102820301,0.6310880461174271,-0.9166876736979732,0,0,-0.4153047836066525,1,-0.0078339372127105,-0.1367795999591768,False,True,False,False,True,False,0
1.6744715510440742,-0.9410032061959116,-0.0013447194854226,0.4796453802864448,-0.9166876736979732,0,0,1.5221263141221766,1,1.4165182832801098,-1.2259661306575962,False,True,False,True,False,False,0
0.3046110532496183,-0.1804237159514327,1.0397284305192127,-0.0467969143577956,0.8084361535388619,1,1,-1.3064128431628417,0,0.7043421730336995,-1.6216298091562056,True,True,False,True,False,False,0
-0.10012045746238,0.9604455194152858,-0.348369102820301,0.7138735076448643,-0.9166876736979732,1,0,-1.3154940749300126,1,-1.4321861577055308,0.1521882551240772,True,True,False,True,False,False,0
-0.4114523887793018,-0.7508583336347919,1.0397284305192127,0.6706622486964131,-0.9166876736979732,1,1,-0.8050276939671756,0,0.7043421730336995,-0.8792047045576913,False,False,False,False,False,True,0
-0.6812733959206341,-0.5607134610736721,1.3867528138540912,-1.2184705569895626,-0.9166876736979732,1,0,-1.6248933503472136,0,1.4165182832801098,1.1746898961878995,True,False,False,False,False,False,0
-1.81244607970545,1.7210250096597648,1.3867528138540912,0.6071607431141723,0.8084361535388619,1,1,-0.5088056021076721,1,-0.0078339372127105,-0.3723995433347533,False,False,False,True,False,False,0
0.5121656741275662,-0.5607134610736721,1.3867528138540912,1.1433159444143917,-0.9166876736979732,1,0,1.5679408858435029,0,1.4165182832801098,-1.6838690394818296,True,False,False,False,False,False,0
0.2008337428106443,-0.8459307699153518,-1.042417869490058,-1.2184705569895626,-0.9166876736979732,0,1,0.0282806404261225,0,-0.0078339372127105,0.6056455046393375,True,False,False,False,True,False,0
-0.0897427264184826,0.1998660291708067,-1.042417869490058,0.8283986743806834,-0.9166876736979732,1,0,1.2506600589101975,0,1.4165182832801098,-0.5902368494744371,True,True,False,True,False,False,0
1.0310522263224358,-0.1804237159514327,1.3867528138540912,1.7213658209984155,0.8084361535388619,0,0,-0.8814407190254253,0,-0.0078339372127105,-0.1945731709758276,False,False,False,False,False,True,0
-0.1208759195501748,-0.7508583336347919,1.3867528138540912,1.0047768552222505,-0.9166876736979732,1,0,-0.9004646920733955,0,-1.4321861577055308,0.3522429240278685,False,False,False,False,False,True,0
2.058447599668278,-1.1311480787570314,0.6927040471843343,-0.5194574948012489,0.8084361535388619,1,1,-1.6935625263181775,0,0.7043421730336995,-0.0967686661784185,False,False,False,False,True,False,0
-1.8332015417932448,0.009721156609687,0.3456796638494558,-1.2184705569895626,-0.9166876736979732,1,1,-0.7551272547240997,1,-1.4321861577055308,-0.9725635500461272,True,False,False,True,False,False,0
-0.5671183544377627,-0.3705685885125524,1.0397284305192127,0.880586814798882,-0.9166876736979732,1,1,1.6069000673301448,0,-0.0078339372127105,0.6723303942739347,False,True,False,False,False,True,0
-0.8784502857546845,0.1047935928902469,0.6927040471843343,0.7391169139830812,-0.9166876736979732,1,0,0.6628050868182791,0,-1.4321861577055308,-0.7725088811423358,True,True,False,False,False,True,0
0.9895413021468462,-0.4656410247931123,1.7337771971889695,-1.2184705569895626,0.8084361535388619,1,1,-0.8636218160963167,0,-0.0078339372127105,0.5923085267124182,False,False,False,True,False,False,0
0.2008337428106443,0.770300646854166,0.6927040471843343,0.6164490383292363,0.8084361535388619,1,0,0.9173734110272224,1,0.7043421730336995,-0.4790953667501086,False,True,False,False,False,True,0
-0.5152296992182758,0.3900109017319265,-1.042417869490058,0.6010421434857564,4.258683808012532,1,0,0.2553243007414193,1,-0.7200100474591208,0.3211233088650566,False,True,False,True,False,False,0
-1.947356583276116,-0.5607134610736721,1.7337771971889695,1.143049521549504,0.8084361535388619,1,0,0.0002823636333592,0,0.7043421730336995,0.8634937445597797,False,False,False,False,False,False,0
0.7508534881372062,-0.3705685885125524,-1.736466636159815,1.5351466455850584,0.8084361535388619,0,1,1.162851462400436,0,-0.7200100474591208,0.6145368232572839,False,True,False,True,False,False,0
-0.4633410439987888,-0.7508583336347919,-1.3894422528249364,0.4230382067727529,-0.9166876736979732,1,1,1.1538041346403602,0,-0.7200100474591208,-0.5102149819129206,False,False,False,True,False,False,0
0.4395215568202844,1.8160974459403243,-1.3894422528249364,1.0744987903259775,-0.9166876736979732,0,0,0.0382032131693677,1,0.7043421730336995,-1.2615314051293811,False,True,False,False,False,False,0
-1.9577343143200132,-0.3705685885125524,-1.042417869490058,0.4027567661831752,-0.9166876736979732,1,1,0.3074371937808469,0,0.7043421730336995,1.303614016148121,True,False,False,False,True,False,0
-0.5463628923499679,-0.4656410247931123,-1.042417869490058,0.4067515080575433,-0.9166876736979732,0,0,1.6969207699028517,0,-0.0078339372127105,-0.7102696508167119,True,False,True,False,True,False,0
-2.559642714866062,-0.7508583336347919,-0.0013447194854226,0.9157890565914356,0.8084361535388619,1,1,-0.4778056905533986,0,-0.0078339372127105,0.1210686399612653,True,True,False,False,False,True,0
0.9791635711029488,-0.2754961522319926,1.3867528138540912,0.8174394723038595,-0.9166876736979732,1,1,0.9609414510783982,0,-0.0078339372127105,1.517005662978831,True,False,False,False,False,True,0
0.429143825776387,-0.7508583336347919,-1.3894422528249364,-1.2184705569895626,0.8084361535388619,0,1,1.42291797336003,0,-1.4321861577055308,-1.3459989319998709,True,False,False,False,False,True,0
-0.3388082714720201,0.1047935928902469,1.7337771971889695,-1.2184705569895626,-0.9166876736979732,1,1,0.8113063765630338,1,-0.0078339372127105,-1.3726728878537098,False,False,False,False,False,False,0
-1.1794044860277089,-1.0360756424764714,0.3456796638494558,1.4131827731384918,-0.9166876736979732,0,1,-1.6470796109903152,0,0.7043421730336995,0.2322101226855938,False,True,False,False,False,False,0
-1.1482712928960168,0.6752282105736062,0.3456796638494558,-1.2184705569895626,0.8084361535388619,1,1,-0.2951321173904622,0,-1.4321861577055308,-0.047866413779714,True,False,False,True,False,False,0
-0.0793649953745852,1.4358077008180852,0.3456796638494558,-1.2184705569895626,-0.9166876736979732,0,1,-0.2748644758155527,0,1.4165182832801098,-1.3059879982191127,True,False,True,True,False,False,0
-0.9303389409741716,-0.2754961522319926,-0.0013447194854226,-1.2184705569895626,-0.9166876736979732,0,1,1.4328694079759818,0,1.4165182832801098,0.0366011130907756,True,False,True,False,False,False,0
1.1452072678053071,-0.2754961522319926,-0.0013447194854226,0.6956025670038414,-0.9166876736979732,1,1,-1.0038653067795604,0,1.4165182832801098,1.6237014863941868,True,False,False,True,False,False,0
1.010296764234641,0.6752282105736062,1.7337771971889695,0.0325698806966353,0.8084361535388619,1,1,-0.4687500171915767,0,1.4165182832801098,1.2458204451314698,True,True,False,False,False,True,0
-1.4803586863007334,-1.226220515037591,1.7337771971889695,-1.2184705569895626,0.8084361535388619,1,1,-1.6387538300479103,0,1.4165182832801098,-0.808074155614121,True,False,False,False,True,False,0
-1.013360789325351,-1.226220515037591,-0.348369102820301,0.7247094251027195,-0.9166876736979732,1,1,-1.5941651924498124,0,1.4165182832801098,1.419201158181422,True,True,False,False,False,False,0
0.3876329016007974,0.1047935928902469,-0.0013447194854226,1.2512513081015038,-0.9166876736979732,0,1,0.3110164137298997,0,-0.0078339372127105,-0.2034644895937739,False,False,True,False,True,False,0
-0.6190070096572498,2.006242318501444,1.3867528138540912,-1.2184705569895626,4.258683808012532,1,1,-1.5094634200569084,1,1.4165182832801098,0.872385063177726,True,False,False,True,False,False,0
-1.013360789325351,0.6752282105736062,-0.348369102820301,-1.2184705569895626,0.8084361535388619,0,1,-0.7495457858226864,0,-0.7200100474591208,-1.5327166229767428,True,False,True,True,False,False,0
-0.8680725547107871,-0.9410032061959116,-1.042417869490058,0.8497811907165548,0.8084361535388619,0,1,0.0727927766748773,0,-0.0078339372127105,1.2724944009853083,False,True,False,False,False,False,0
0.4706547499519766,2.196387191062564,0.6927040471843343,-1.2184705569895626,-0.9166876736979732,1,0,0.4999865695439071,1,0.7043421730336995,-0.2657037199193979,True,False,True,False,False,False,0
-0.7954284374035054,0.1047935928902469,-1.3894422528249364,1.0155802703714685,-0.9166876736979732,1,0,1.4059400636735897,0,-0.7200100474591208,-1.2793140423652738,False,False,False,False,False,True,0
-0.7227843200962236,-0.0853512796708728,1.3867528138540912,0.9586879411352016,4.258683808012532,1,1,-0.4146432208015351,1,-0.7200100474591208,1.1969181927327652,False,False,False,False,False,True,0
1.4357837370344342,0.6752282105736062,1.3867528138540912,-1.2184705569895626,-0.9166876736979732,0,0,-1.4909327068455,1,-0.0078339372127105,-1.5504992602126355,False,False,True,False,False,True,0
-0.4322078508670966,0.5801557742930463,-0.6953934861551795,-1.2184705569895626,-0.9166876736979732,1,0,-1.0806589260507935,1,-0.7200100474591208,-0.078986028942526,False,False,True,False,False,False,0
-0.1935200368574565,1.9111698822208845,-0.0013447194854226,-1.2184705569895626,-0.9166876736979732,1,1,0.6405715344319474,0,-0.7200100474591208,-0.332388609553995,True,False,False,False,False,True,0
-0.1935200368574565,0.2949384654513666,-0.6953934861551795,0.7995708878283793,-0.9166876736979732,0,1,-1.5410570864021085,0,1.4165182832801098,1.4014185209455297,True,True,False,True,False,False,0
0.6263207156104375,-0.8459307699153518,-1.3894422528249364,0.215659227887141,-0.9166876736979732,1,1,1.3419362529456518,0,-0.0078339372127105,-0.176790533739935,False,False,False,False,True,False,0
-0.0586095332867904,-0.7508583336347919,-1.042417869490058,-1.2184705569895626,-0.9166876736979732,1,1,1.2238501610328023,1,0.7043421730336995,-1.1414986037871064,True,False,True,False,False,False,0
-0.3491860025159174,0.1047935928902469,-1.736466636159815,1.0279734166658012,-0.9166876736979732,1,0,1.0464570935082942,1,0.7043421730336995,1.2058095113507117,False,True,False,False,True,False,0
0.2112114738545417,-1.511437823879271,1.7337771971889695,0.5546113947733855,-0.9166876736979732,1,0,-0.3416965762020566,0,0.7043421730336995,-0.6747043763449267,False,True,False,False,False,True,0
0.4602770189080792,-0.8459307699153518,-0.348369102820301,0.6072257477314466,-0.9166876736979732,1,1,1.621920237940206,0,-0.7200100474591208,-0.0434207544707409,True,True,False,True,False,False,0
-1.013360789325351,-0.7508583336347919,0.3456796638494558,0.9505525972723348,-0.9166876736979732,1,0,0.1155086960143894,0,-0.0078339372127105,-0.999237505899966,False,True,False,False,False,False,0
-0.3284305404281227,-0.4656410247931123,1.0397284305192127,0.4186782542284276,-0.9166876736979732,1,0,0.3519201204234886,0,0.7043421730336995,0.2499927599214863,False,True,False,False,False,True,0
-1.2728040654227857,0.3900109017319265,-1.736466636159815,0.7639438744850161,-0.9166876736979732,1,1,-0.3819381984904189,1,1.4165182832801098,0.4278191322804119,False,False,False,False,False,False,0
-1.7916906176176552,-0.8459307699153518,0.6927040471843343,1.086541295950776,0.8084361535388619,1,0,-1.0180121449401858,0,0.7043421730336995,-0.4613127295142161,False,True,False,False,False,True,0
-0.0378540711989956,-1.1311480787570314,0.6927040471843343,-1.2184705569895626,0.8084361535388619,1,1,1.0889122127932267,0,-0.0078339372127105,1.6726037387928911,False,False,True,False,False,False,0
0.6055652535226427,-0.7508583336347919,-0.6953934861551795,-1.2184705569895626,0.8084361535388619,1,1,0.2061671416538956,0,-0.7200100474591208,0.3300146274830028,False,False,False,False,False,True,0
0.3772551705569,-0.1804237159514327,0.6927040471843343,0.9936463355580292,0.8084361535388619,1,1,0.2346334676112781,0,-0.7200100474591208,0.0232641351638562,True,False,True,True,False,False,0
1.0829408815419228,-0.2754961522319926,-1.042417869490058,0.9720832152608636,-0.9166876736979732,1,1,1.2102975992632132,0,1.4165182832801098,-1.6483037650100445,True,True,False,False,False,False,0
0.2838555911618235,1.8160974459403243,1.3867528138540912,0.5319732966427726,-0.9166876736979732,1,1,-1.6795899025940115,0,-0.0078339372127105,1.312505334766067,True,False,True,False,False,False,0
-0.6916511269645315,-0.2754961522319926,1.7337771971889695,-1.2184705569895626,0.8084361535388619,1,1,1.388974324656363,0,-0.0078339372127105,0.5122866591509017,True,False,True,False,False,True,0
0.2631001290740287,0.6752282105736062,-1.042417869490058,-0.3052399020904662,-0.9166876736979732,1,1,1.010160680578912,0,-1.4321861577055308,1.1702442368789263,True,False,False,True,False,False,0
1.0725631504980253,2.196387191062564,-1.3894422528249364,0.8262341487133654,0.8084361535388619,0,1,0.7293082314026068,0,-0.7200100474591208,0.2944493530112178,True,False,False,False,False,False,0
0.0451677771521834,0.6752282105736062,-0.0013447194854226,0.5972099131545738,0.8084361535388619,1,1,0.6679571049631512,0,0.7043421730336995,-0.0078554799989557,False,False,False,False,False,True,0
-2.3209549008564223,-0.7508583336347919,-1.042417869490058,-1.2184705569895626,0.8084361535388619,1,0,-0.7988107422661029,0,-0.0078339372127105,-1.7149886546446416,False,False,False,False,True,False,0
2.058447599668278,0.1998660291708067,-0.6953934861551795,0.9656977124378754,-0.9166876736979732,0,1,-0.740446645785101,0,-0.7200100474591208,-1.5238253043587966,True,False,False,True,False,False,0
-0.2038977679013539,0.2949384654513666,0.3456796638494558,-0.2582553332521058,0.8084361535388619,0,1,0.830068332489503,0,-1.4321861577055308,-0.5146606412218937,True,True,False,False,False,True,0
0.3668774395130026,-0.7508583336347919,-0.6953934861551795,-1.2184705569895626,0.8084361535388619,0,0,-0.9076396493082912,0,-0.7200100474591208,-0.1412252592681499,True,False,True,False,True,False,0
-0.2557864231208409,0.4850833380124864,-0.0013447194854226,-1.2184705569895626,0.8084361535388619,1,0,-0.3036004690293705,1,1.4165182832801098,-0.936998275574342,False,False,False,False,False,True,0
1.4461614680783317,-0.1804237159514327,-1.042417869490058,1.4039612437495443,0.8084361535388619,1,0,-0.4276905259320521,0,-0.0078339372127105,-1.1859551968768378,True,False,False,True,False,False,0
-0.4322078508670966,1.0555179556958456,-0.0013447194854226,0.871836328720331,2.533559980775697,1,0,1.4661636645437457,1,-0.7200100474591208,0.9524069307392424,False,False,True,False,False,True,0
-1.3246927206422725,1.0555179556958456,-0.348369102820301,-1.2184705569895626,0.8084361535388619,1,1,-1.1925638828033989,1,-0.7200100474591208,-1.3993468437075487,True,False,False,False,False,True,0
-0.0274763401550982,0.1998660291708067,-1.736466636159815,-1.2184705569895626,0.8084361535388619,0,1,0.5239600060276924,0,0.7043421730336995,-0.2657037199193979,True,False,False,True,False,False,0
-1.4077145689934516,-0.3705685885125524,1.7337771971889695,0.4480907621164106,0.8084361535388619,0,0,0.3344275652960109,0,-1.4321861577055308,-0.1856818523578813,True,False,False,True,False,False,0
-0.919961209930274,-0.3705685885125524,-1.042417869490058,1.720712252407988,-0.9166876736979732,1,1,-0.598528123284643,1,-0.7200100474591208,-0.5279976191488132,False,False,False,False,False,True,0
-0.8992057478424793,0.1047935928902469,-1.3894422528249364,0.2224337977544063,0.8084361535388619,0,1,0.3590865581899348,0,0.7043421730336995,-0.1367795999591768,False,True,False,False,True,False,0
-1.2728040654227857,-0.0853512796708728,0.6927040471843343,0.3801066598104549,0.8084361535388619,1,0,-0.1769133651831836,1,0.7043421730336995,-1.7194343139536148,True,False,True,False,False,False,0
-1.8020683486615523,-0.2754961522319926,-0.6953934861551795,0.260357267318373,0.8084361535388619,1,0,-0.9652834160385436,0,0.7043421730336995,-0.5635628936205983,False,False,True,False,False,False,0
-0.9822275961936584,-1.1311480787570314,-1.042417869490058,-1.2184705569895626,0.8084361535388619,0,1,-1.6679683044285307,0,-0.0078339372127105,0.872385063177726,False,False,False,False,False,True,0
-0.1935200368574565,-0.9410032061959116,1.0397284305192127,0.4617883237233876,-0.9166876736979732,1,1,-0.0477582234871566,0,0.7043421730336995,0.7212326466726392,False,True,False,False,False,False,0
-0.152009112681867,-1.7015826964403906,1.7337771971889695,0.7943061542687408,-0.9166876736979732,0,0,1.2977615919675232,0,0.7043421730336995,-0.9103243197205032,False,False,False,False,True,False,0
0.3149887842935157,2.861894245026483,0.3456796638494558,-1.2184705569895626,0.8084361535388619,0,1,0.8549528304972867,0,-0.7200100474591208,-0.2657037199193979,True,False,False,False,True,False,0
0.927274915883462,-0.2754961522319926,-1.736466636159815,0.8257387686989648,0.8084361535388619,1,0,-0.4550288047200254,0,-0.0078339372127105,-1.4393577774883068,False,True,False,False,False,True,0
-1.8332015417932448,1.7210250096597648,-1.3894422528249364,-1.2184705569895626,0.8084361535388619,1,0,-0.1944229592475604,0,-0.7200100474591208,-1.0436940989896974,False,False,False,True,False,False,0
0.0763009702838756,-0.4656410247931123,1.3867528138540912,0.934440418342418,0.8084361535388619,1,0,1.3631505987186858,0,-0.0078339372127105,-0.8614220673217987,True,True,False,False,False,True,0
1.456539199122229,2.956966681307043,-0.6953934861551795,-1.2184705569895626,0.8084361535388619,1,1,1.2485190643288004,0,0.7043421730336995,-0.3679538840257801,False,False,False,False,True,False,0
0.4602770189080792,-1.606510260159831,1.3867528138540912,1.1796074138210264,-0.9166876736979732,1,1,1.696967540045973,0,-0.0078339372127105,1.1835812148058458,True,False,False,False,True,False,0
1.3320064265954603,0.3900109017319265,-1.736466636159815,-1.2184705569895626,-0.9166876736979732,0,1,-1.473103371914208,0,-1.4321861577055308,-1.608292831229286,False,False,False,False,False,False,0
-0.5982515475694549,-0.3705685885125524,-1.042417869490058,-1.2184705569895626,0.8084361535388619,1,0,0.0530189165366387,0,0.7043421730336995,-1.0170201431358583,True,False,False,False,False,False,0
0.6470761776982322,3.1471115538681627,-0.6953934861551795,-1.2184705569895626,-0.9166876736979732,1,1,-0.2381570420001522,0,0.7043421730336995,-1.123715966551214,False,False,False,False,False,True,0
-0.048231802242893,-0.9410032061959116,-1.736466636159815,0.3548246669876,0.8084361535388619,1,0,1.1177309665576984,0,-0.7200100474591208,0.0632750689446144,False,False,False,True,False,False,0
0.8546307985761801,0.5801557742930463,-1.042417869490058,-1.2184705569895626,0.8084361535388619,1,0,-0.0145701994749589,0,1.4165182832801098,-1.2704227237473276,True,False,False,True,False,False,0
-0.3906969266915071,-0.1804237159514327,1.0397284305192127,-0.0152392540997609,4.258683808012532,0,1,0.5448179250594678,1,-1.4321861577055308,-0.4035191584975652,False,False,False,True,False,False,0
-0.5256074302621732,-1.226220515037591,0.6927040471843343,0.4709240342087412,0.8084361535388619,1,0,-0.8756048831374452,0,1.4165182832801098,-0.363508224716807,False,True,False,True,False,False,0
-1.314314989598375,-1.321292951318151,0.3456796638494558,-1.2184705569895626,0.8084361535388619,1,0,-0.1889000834250762,0,1.4165182832801098,-0.5813455308564909,False,False,False,False,False,False,0
-0.5878738165255575,-0.2754961522319926,0.3456796638494558,0.1547667130400837,-0.9166876736979732,1,1,-1.3149281388115743,0,1.4165182832801098,-1.3593359099267903,True,False,True,False,False,False,0
-0.2869196162525331,-0.5607134610736721,0.3456796638494558,-1.2184705569895626,0.8084361535388619,0,0,-0.4151865542485763,0,1.4165182832801098,-0.1812361930489082,True,False,True,True,False,False,0
0.8338753364883853,-0.4656410247931123,1.0397284305192127,0.7402887583028606,0.8084361535388619,1,0,1.5222822725548153,0,-1.4321861577055308,-1.568281897448528,False,False,False,False,True,False,0
-0.5256074302621732,-0.1804237159514327,-0.0013447194854226,-1.2184705569895626,-0.9166876736979732,0,0,-1.3861121227754998,0,-0.7200100474591208,1.6903863760287838,False,False,False,True,False,False,0
-0.4840965060865836,2.196387191062564,-0.348369102820301,0.5598048794298536,0.8084361535388619,0,1,0.4386604799096915,0,-1.4321861577055308,1.16135291826098,False,False,False,False,True,False,0
-1.0548717135009402,0.1047935928902469,0.6927040471843343,0.6124653440376068,-0.9166876736979732,1,0,-0.8069563973041445,0,-1.4321861577055308,1.5303426409057508,False,False,False,True,False,False,0
-0.5152296992182758,-0.5607134610736721,-0.0013447194854226,-1.2184705569895626,0.8084361535388619,0,1,-0.6327522189803348,0,-1.4321861577055308,0.4722757253701433,True,False,True,True,False,False,0
1.2282291161564862,-0.8459307699153518,1.0397284305192127,-1.2184705569895626,0.8084361535388619,0,1,-0.862230013138376,0,-0.0078339372127105,-0.0434207544707409,True,False,True,True,False,False,0
-0.8680725547107871,-0.2754961522319926,1.7337771971889695,1.240987303187746,-0.9166876736979732,1,1,-0.8058285240014385,1,-0.7200100474591208,-1.6127384905382594,False,False,True,False,False,True,0
1.1244518057175124,1.1505903919764056,-1.042417869490058,0.3977861545002189,-0.9166876736979732,0,0,1.3767375860954798,1,0.7043421730336995,-0.2523667419924785,False,False,False,False,False,False,0
-1.6152691898713996,-0.4656410247931123,-1.3894422528249364,0.4262319188436155,0.8084361535388619,1,0,1.3981233644377244,0,-0.7200100474591208,-1.3193249761460322,False,False,False,False,False,True,0
1.7159824752196635,0.5801557742930463,1.3867528138540912,0.4019656631931449,-0.9166876736979732,0,0,-0.2124680627573414,1,-0.7200100474591208,1.067994072772544,True,True,False,False,False,True,0
-0.5152296992182758,-0.3705685885125524,-0.0013447194854226,-1.2184705569895626,0.8084361535388619,1,0,-1.2063092627466745,0,1.4165182832801098,-0.8569764080128255,False,False,False,False,False,False,0
0.1074341634155678,0.770300646854166,0.3456796638494558,-1.2184705569895626,0.8084361535388619,1,1,0.5035433606882662,0,0.7043421730336995,0.0988403434163995,False,False,False,True,False,False,0
1.4357837370344342,0.2949384654513666,-1.3894422528249364,0.1559066954908051,-0.9166876736979732,1,0,1.6995720632577098,0,1.4165182832801098,-1.692760358099776,True,True,False,True,False,False,0
-1.8228238107493475,-0.4656410247931123,1.0397284305192127,0.5732461050953128,-0.9166876736979732,0,1,1.6828648640279231,1,-0.0078339372127105,1.001309183137947,False,True,False,False,True,False,0
0.4187660947324896,-1.1311480787570314,-1.3894422528249364,0.7916696246316579,-0.9166876736979732,0,0,-1.60880303017986,0,0.7043421730336995,1.259157423058389,True,False,False,False,False,True,0
0.6055652535226427,0.1998660291708067,-1.042417869490058,1.2803173381772166,-0.9166876736979732,1,1,-1.5725792935323537,0,0.7043421730336995,0.3166776495560834,False,False,False,False,False,False,0
-0.8576948236668898,2.5766769361848034,-1.042417869490058,-1.2184705569895626,-0.9166876736979732,1,0,0.5277360430846014,1,-1.4321861577055308,-1.163726900331972,True,False,False,False,False,False,0
1.591449702692895,-0.7508583336347919,-0.348369102820301,-1.2184705569895626,0.8084361535388619,1,0,-1.6627423929348613,0,-0.7200100474591208,1.1391246217161144,False,False,False,False,True,False,0
0.2838555911618235,2.006242318501444,1.0397284305192127,-1.2184705569895626,0.8084361535388619,1,1,-0.8528229551696835,0,0.7043421730336995,0.8457111073238871,True,False,False,False,False,True,0
-0.3595637335598148,-0.1804237159514327,-0.348369102820301,0.6463522830446718,0.8084361535388619,1,0,1.3021477272854456,1,-0.0078339372127105,1.6770493981018644,False,True,False,False,False,True,0
0.9168971848395644,2.006242318501444,-0.0013447194854226,0.5111658950488944,0.8084361535388619,0,0,-1.2944527265265162,1,1.4165182832801098,1.4014185209455297,False,False,False,True,False,False,0
0.086678701327773,-0.6557858973542321,-1.736466636159815,0.6174918340738359,-0.9166876736979732,1,0,-0.2751664822787559,0,0.7043421730336995,-0.6613673984180074,False,False,False,False,True,False,0
-0.3699414646037122,-0.7508583336347919,-0.6953934861551795,0.9716589240397384,-0.9166876736979732,1,0,-0.7143294328526701,1,-1.4321861577055308,1.1302333030981682,False,False,False,False,True,False,0
-1.4596032242129386,-1.1311480787570314,1.0397284305192127,-1.2184705569895626,0.8084361535388619,1,1,-0.8926652056411327,0,-0.7200100474591208,1.1480159403340606,True,False,False,False,False,True,0
-0.0586095332867904,-1.416365387598711,-1.736466636159815,0.2609141295323631,-0.9166876736979732,1,1,-1.417604772566226,0,1.4165182832801098,1.2458204451314698,True,True,False,True,False,False,0
-0.2661641541647383,-1.226220515037591,1.0397284305192127,1.160929153607723,2.533559980775697,0,1,0.0707764445195695,1,1.4165182832801098,-0.8747590452487181,False,False,True,False,True,False,0
-0.733162051140121,-1.416365387598711,-0.6953934861551795,0.3107102281227836,-0.9166876736979732,1,1,-0.950638623640374,0,1.4165182832801098,-0.6391391018731417,False,False,False,False,True,False,0
-0.785050706359608,-0.6557858973542321,0.6927040471843343,-1.2184705569895626,0.8084361535388619,1,0,-1.665128017967454,0,1.4165182832801098,0.5122866591509017,True,False,False,False,True,False,0
-1.127515830808222,0.8653730831347259,-1.3894422528249364,0.3970462866765132,-0.9166876736979732,0,0,-1.1670032171874412,1,-0.7200100474591208,0.6412107791111227,True,True,False,False,False,False,0
0.0036568529765938,0.5801557742930463,1.3867528138540912,0.5559872190990949,-0.9166876736979732,1,1,0.9206633167823948,1,-0.0078339372127105,-0.430193114351404,False,True,False,False,True,False,0
0.0555455081960808,0.1047935928902469,0.6927040471843343,0.3692726636713367,-0.9166876736979732,0,1,0.3286543214211299,1,1.4165182832801098,-1.5104883264318771,True,True,False,False,False,True,0
-0.1416313816379696,-0.4656410247931123,0.6927040471843343,-1.2184705569895626,0.8084361535388619,0,0,-1.6775528803010409,0,-0.7200100474591208,-0.4568670702052429,False,False,True,False,True,False,0
-0.919961209930274,-0.6557858973542321,-1.736466636159815,1.1563769090797855,-0.9166876736979732,1,0,1.585194548120985,1,-0.0078339372127105,-1.1148246479332675,False,False,False,True,False,False,0
-0.3595637335598148,-0.8459307699153518,1.0397284305192127,-1.2184705569895626,-0.9166876736979732,1,1,-0.1357792851080493,0,-0.0078339372127105,0.9879722052110276,False,False,False,True,False,False,0
0.0659232392399782,0.009721156609687,-0.348369102820301,-1.2184705569895626,-0.9166876736979732,1,1,0.8188907898836199,0,-0.0078339372127105,0.6145368232572839,False,False,False,True,False,False,0
2.058447599668278,-0.6557858973542321,-1.042417869490058,0.8413108969538414,0.8084361535388619,0,0,-0.8000495425253569,0,-0.7200100474591208,0.0010358386189905,True,True,False,False,False,True,0
-0.2038977679013539,0.1047935928902469,1.3867528138540912,1.0170692923927762,-0.9166876736979732,1,0,-0.1169832513077816,1,1.4165182832801098,0.4544930881342508,False,False,False,False,False,False,0
1.1036963436297176,1.0555179556958456,-1.042417869490058,0.3156025460672002,2.533559980775697,1,1,-0.5648442314353377,1,-0.7200100474591208,-0.363508224716807,False,False,False,False,True,False,0
-1.0860049066326325,-0.6557858973542321,1.0397284305192127,1.274870399557337,-0.9166876736979732,1,0,-0.5675235173293871,0,-0.7200100474591208,-1.3237706354550052,True,True,False,False,False,True,0
1.425406005990537,-0.1804237159514327,-0.6953934861551795,-1.2184705569895626,-0.9166876736979732,1,0,0.3729889397660672,1,0.7043421730336995,-1.5460536009036625,True,False,False,False,False,True,0
-0.2869196162525331,-0.2754961522319926,-1.736466636159815,-1.2184705569895626,0.8084361535388619,1,0,0.1942892639681143,0,-0.0078339372127105,-1.128161625860187,False,False,True,True,False,False,0
0.2319669359423365,0.009721156609687,0.3456796638494558,0.7059450257660331,-0.9166876736979732,0,0,-0.0052219084518984,0,-1.4321861577055308,-0.430193114351404,True,False,True,False,True,False,0
-1.1897822170716064,0.6752282105736062,-0.0013447194854226,0.3942763854970915,-0.9166876736979732,0,1,0.7028817096054444,1,-0.0078339372127105,0.1877535295958624,False,True,False,False,False,False,0
0.4706547499519766,0.3900109017319265,1.7337771971889695,0.8345605036806857,-0.9166876736979732,0,0,1.5309945591781071,0,-0.0078339372127105,0.685667372200854,True,False,True,False,False,False,0
-2.2275553214613457,-0.3705685885125524,0.3456796638494558,0.8117763853260478,0.8084361535388619,1,1,1.055407577514769,0,-0.0078339372127105,0.0943946841074264,True,True,False,False,False,False,0
-1.3246927206422725,-0.1804237159514327,1.3867528138540912,0.8226196678390624,0.8084361535388619,1,0,1.3770834069678528,0,-0.7200100474591208,-0.4213017957334578,False,True,False,False,False,True,0
-1.252048603334991,0.5801557742930463,-1.3894422528249364,0.8068486830948884,0.8084361535388619,1,1,1.1181404226433884,0,-0.7200100474591208,-1.6216298091562056,False,False,True,True,False,False,0
0.7508534881372062,-0.4656410247931123,0.3456796638494558,0.6745999914482452,0.8084361535388619,0,0,0.9859274872407654,0,1.4165182832801098,0.049938091017695,True,True,False,False,False,False,0
-0.9407166720180687,-1.0360756424764714,0.3456796638494558,0.761960753328466,-0.9166876736979732,1,1,-0.5195542155571229,0,0.7043421730336995,0.0366011130907756,True,False,True,True,False,False,0
0.7093425639616167,-0.9410032061959116,0.6927040471843343,0.4823915852014414,-0.9166876736979732,1,1,-0.5307691395041626,1,-1.4321861577055308,0.6234281418752301,False,True,False,False,False,True,0
2.058447599668278,-0.9410032061959116,-1.3894422528249364,-1.2184705569895626,0.8084361535388619,0,0,0.9139407607088436,0,-0.0078339372127105,-0.0256381172348483,True,False,False,True,False,False,0
0.481032480995874,0.6752282105736062,-1.736466636159815,-1.2184705569895626,0.8084361535388619,1,1,0.4438943892717014,0,-0.7200100474591208,0.0277097944728293,False,False,False,False,False,False,0
-0.1727645747696618,0.8653730831347259,-0.348369102820301,0.0873359505304332,0.8084361535388619,1,0,1.5905861545826645,0,-0.7200100474591208,-0.5279976191488132,False,True,False,False,False,False,0
0.4602770189080792,0.2949384654513666,-0.348369102820301,-1.2184705569895626,-0.9166876736979732,0,0,0.4506944898948145,1,-0.0078339372127105,-1.5638362381395547,True,False,False,True,False,False,0
0.8234976054444879,-1.8917275690015103,0.3456796638494558,-1.2184705569895626,0.8084361535388619,1,1,0.8893368835597876,0,0.7043421730336995,-0.6658130577269805,True,False,False,False,True,False,0
-1.7398019623981682,-0.2754961522319926,1.0397284305192127,-1.2184705569895626,0.8084361535388619,1,0,1.4901278860922686,0,-1.4321861577055308,-0.4213017957334578,True,False,True,False,True,False,0
-0.0378540711989956,0.9604455194152858,1.7337771971889695,-1.2184705569895626,0.8084361535388619,1,1,1.032846286393182,1,-0.7200100474591208,-1.3015423389101397,False,False,True,True,False,False,0
-1.6360246519591943,-1.1311480787570314,-1.042417869490058,-1.2184705569895626,0.8084361535388619,1,0,-1.3566236344708675,0,-0.7200100474591208,-0.5279976191488132,True,False,True,False,False,False,0
-0.785050706359608,0.1047935928902469,1.3867528138540912,-1.2184705569895626,0.8084361535388619,1,0,0.2092294558947714,1,1.4165182832801098,-1.1014876700063485,True,False,False,False,False,True,0
1.010296764234641,0.4850833380124864,-1.736466636159815,-0.073720193711879,0.8084361535388619,0,0,0.8806784956144417,0,-1.4321861577055308,-1.0170201431358583,False,True,False,False,False,True,0
-0.9407166720180687,0.3900109017319265,-0.348369102820301,-1.2184705569895626,4.258683808012532,0,0,-1.4241139941951309,1,-1.4321861577055308,-1.2748683830563008,True,False,False,True,False,False,0
0.719720295005514,2.861894245026483,-1.042417869490058,0.5175080080904013,-0.9166876736979732,1,1,1.355935304408682,0,-1.4321861577055308,-1.541607941594689,True,False,False,False,True,False,0
-0.4529633129548914,1.9111698822208845,-1.3894422528249364,-1.2184705569895626,-0.9166876736979732,1,0,-0.5178037255907836,1,0.7043421730336995,-0.0967686661784185,True,False,False,False,False,False,0
-0.2038977679013539,-0.8459307699153518,-1.3894422528249364,-0.2791375061668392,-0.9166876736979732,1,1,-0.3783473294722616,0,-1.4321861577055308,-0.9281069569563958,True,True,False,True,False,False,0
-0.1416313816379696,0.6752282105736062,1.3867528138540912,1.020819066128155,-0.9166876736979732,1,0,-1.0686542995384865,0,0.7043421730336995,1.508114344360885,True,False,False,True,False,False,0
0.5640543293470531,-0.2754961522319926,1.3867528138540912,-0.2806880103877362,0.8084361535388619,1,0,-1.0372414545644617,0,0.7043421730336995,-1.2348574492755424,True,True,False,False,True,False,0
0.1178118944594652,-0.4656410247931123,1.7337771971889695,-1.2184705569895626,-0.9166876736979732,1,1,0.2373704772507413,0,-0.0078339372127105,0.2544384192304595,True,False,False,False,True,False,0
-1.0341162514131454,0.1998660291708067,1.3867528138540912,0.7724854171508995,-0.9166876736979732,1,0,0.612079650069216,0,-0.0078339372127105,-0.301268994391183,False,False,False,False,False,False,0
-0.9822275961936584,-1.416365387598711,-0.348369102820301,-1.2184705569895626,-0.9166876736979732,0,0,-1.3894656637439895,0,1.4165182832801098,-0.332388609553995,False,False,False,True,False,False,0
-2.974751956621958,-0.8459307699153518,-1.736466636159815,0.8270945792878286,-0.9166876736979732,1,0,-0.328494008105713,1,0.7043421730336995,-1.1770638782588916,True,True,False,False,False,False,0
-0.1416313816379696,-0.2754961522319926,0.3456796638494558,-1.2184705569895626,-0.9166876736979732,1,0,1.1095515813792645,0,0.7043421730336995,1.445875114035261,False,False,False,False,False,False,0
0.1281896255033626,-0.5607134610736721,0.6927040471843343,0.3391771269722893,0.8084361535388619,1,0,0.7476622960437128,0,1.4165182832801098,-1.2126291527306767,True,True,False,True,False,False,0
-0.0586095332867904,-0.0853512796708728,0.6927040471843343,-1.2184705569895626,0.8084361535388619,1,0,-1.719591936565567,0,-0.0078339372127105,-0.6435847611821148,True,False,False,False,False,True,0
-0.2454086920769435,1.0555179556958456,-0.348369102820301,0.738516021548031,-0.9166876736979732,0,1,-1.4989660439933692,1,0.7043421730336995,0.5033953405329553,True,True,False,False,False,True,0
0.6574539087421296,-0.5607134610736721,-0.6953934861551795,0.1461114923489175,-0.9166876736979732,1,1,-0.5623568943814589,0,0.7043421730336995,0.1833078702868892,False,False,False,True,False,False,0
-1.3558259137739646,-0.4656410247931123,0.6927040471843343,-0.0859961395632438,-0.9166876736979732,1,1,-1.3941904913994598,1,-0.7200100474591208,0.7390152839085318,False,False,True,True,False,False,0
0.6159429845665401,-0.1804237159514327,-1.042417869490058,-1.2184705569895626,0.8084361535388619,1,0,-0.286052972023728,1,0.7043421730336995,-0.8880960231756375,True,False,True,True,False,False,0
0.5121656741275662,-0.4656410247931123,0.3456796638494558,0.510402010740974,-0.9166876736979732,1,1,0.3293635237028839,0,-0.0078339372127105,-0.1945731709758276,False,False,True,False,True,False,0
1.0518076884102303,-0.0853512796708728,-1.3894422528249364,0.6598573925581421,-0.9166876736979732,1,0,0.3753789114662364,1,1.4165182832801098,0.1699708923599698,False,True,False,False,False,False,0
-0.1416313816379696,-1.321292951318151,-0.348369102820301,1.151883584993122,0.8084361535388619,1,1,0.2484751697080451,0,-0.7200100474591208,-0.3101603130091293,True,True,False,False,False,True,0
-0.4010746577354044,-1.7015826964403906,0.6927040471843343,0.472737438876841,-0.9166876736979732,1,1,-1.1105001898959206,0,1.4165182832801098,-0.4968780039860012,False,False,False,True,False,False,0
-0.494474237130481,-1.511437823879271,1.3867528138540912,0.7761357626416299,-0.9166876736979732,1,1,-1.6198124436838903,0,0.7043421730336995,-0.6080194867103297,True,False,True,False,False,False,0
-1.366203644817862,-0.9410032061959116,1.0397284305192127,0.3177480186570412,-0.9166876736979732,1,0,-1.664510269571506,0,1.4165182832801098,0.0454924317087219,False,False,False,True,False,False,0
0.958408109015154,-0.6557858973542321,-0.348369102820301,0.3202948867530563,-0.9166876736979732,1,1,-0.3584874053160116,0,1.4165182832801098,-0.3857365212616727,True,True,False,False,False,False,0
-0.6916511269645315,-0.2754961522319926,-0.0013447194854226,1.1199499867021805,0.8084361535388619,0,0,-0.2435302185913077,0,-0.0078339372127105,0.2588840785394326,True,True,False,False,False,True,0
-0.1935200368574565,1.0555179556958456,0.6927040471843343,0.1953422429009255,-0.9166876736979732,1,1,1.660529078020196,0,0.7043421730336995,-0.999237505899966,True,True,False,False,False,False,0
-0.4218301198231992,-0.1804237159514327,-1.3894422528249364,0.6632164981502963,0.8084361535388619,0,1,1.0542059847299687,0,1.4165182832801098,-1.3682272285447366,True,True,False,False,False,False,0
-0.048231802242893,0.1998660291708067,-1.3894422528249364,0.1569799121154099,2.533559980775697,1,0,1.5426963098936954,0,-0.0078339372127105,1.4636577512711535,False,True,False,False,False,True,0
1.0518076884102303,-0.3705685885125524,-0.6953934861551795,-1.2184705569895626,0.8084361535388619,1,1,1.4676519635218803,0,-1.4321861577055308,-1.2304117899665694,True,False,False,True,False,False,0
1.2074736540686914,0.2949384654513666,-0.6953934861551795,-1.2184705569895626,-0.9166876736979732,0,0,1.057312982713529,1,-1.4321861577055308,0.1966448482138086,False,False,True,False,False,True,0
-1.438847762125144,0.1998660291708067,1.3867528138540912,0.4968674410068672,0.8084361535388619,1,1,1.045204731646202,0,-1.4321861577055308,-0.1367795999591768,False,False,True,False,False,False,0
-0.0067208780673035,-0.1804237159514327,1.7337771971889695,0.6674808650874474,0.8084361535388619,1,1,-0.4276027232470101,0,-0.7200100474591208,-1.470477392651119,False,True,False,True,False,False,0
0.0555455081960808,0.1047935928902469,1.7337771971889695,-1.2184705569895626,0.8084361535388619,1,1,-0.824833893312182,0,-0.0078339372127105,0.5211779777688479,True,False,True,True,False,False,0
-1.5945137277836046,-0.5607134610736721,-1.3894422528249364,1.953528370604481,-0.9166876736979732,1,0,-0.5349346379759106,0,-0.7200100474591208,0.3878081984996537,True,False,False,False,True,False,0
-1.4180923000373489,0.1998660291708067,1.0397284305192127,-1.2184705569895626,0.8084361535388619,1,1,1.4713095973540105,0,1.4165182832801098,-0.2657037199193979,True,False,False,False,False,False,0
0.5536765983031557,2.1013147547820044,-0.348369102820301,-1.2184705569895626,0.8084361535388619,1,1,1.580142503330369,0,-0.7200100474591208,-0.0034098206899826,True,False,False,False,False,False,0
-0.6190070096572498,-0.9410032061959116,0.6927040471843343,-1.2184705569895626,0.8084361535388619,1,1,-0.1605592892272981,0,1.4165182832801098,0.0766120468715338,True,False,False,True,False,False,0
0.2734778601179261,-1.321292951318151,1.7337771971889695,0.0138652023506959,0.8084361535388619,0,1,0.5402113267620735,0,-1.4321861577055308,-1.0748137141525094,False,True,False,True,False,False,0
-0.8058061684474028,-0.1804237159514327,0.6927040471843343,-1.2184705569895626,0.8084361535388619,1,0,-1.1852320978023492,0,-0.7200100474591208,0.5789715487854987,False,False,True,False,False,False,0
0.6159429845665401,-1.321292951318151,-0.0013447194854226,1.8246828147710523,-0.9166876736979732,0,0,-0.8534403558322253,1,1.4165182832801098,-1.350444591308844,False,False,False,True,False,False,0
-1.3039372585544775,-0.5607134610736721,1.0397284305192127,0.6169432975743736,0.8084361535388619,1,0,0.168356697474326,1,-0.7200100474591208,0.0766120468715338,False,False,True,False,False,True,0
-0.733162051140121,0.3900109017319265,-0.0013447194854226,0.274707436856409,2.533559980775697,1,0,0.7059746243860572,1,1.4165182832801098,-1.470477392651119,False,True,False,False,False,False,0
1.0829408815419228,-1.8917275690015103,-0.348369102820301,0.8673486084799837,-0.9166876736979732,1,1,0.5755683378948598,0,0.7043421730336995,-0.270149379228371,True,False,True,False,False,True,0
0.2319669359423365,0.009721156609687,0.3456796638494558,-1.2184705569895626,0.8084361535388619,1,1,-1.579691311020744,0,-0.0078339372127105,0.0988403434163995,False,False,True,False,False,True,0
-0.4529633129548914,0.2949384654513666,1.7337771971889695,1.400095870670146,-0.9166876736979732,1,0,-1.0704006167039528,0,-0.0078339372127105,-0.0211924579258751,True,False,False,False,False,False,0
-0.6605179338328393,-1.606510260159831,1.3867528138540912,-0.1428812638542467,-0.9166876736979732,1,1,1.0971590582524455,1,-0.7200100474591208,0.5389606150047405,False,False,True,False,False,True,0
-0.0378540711989956,-1.226220515037591,1.3867528138540912,1.3901014908191716,-0.9166876736979732,1,0,-0.035869566065786,0,1.4165182832801098,1.4014185209455297,True,False,False,True,False,False,0
-0.3699414646037122,-0.8459307699153518,-0.0013447194854226,-1.2184705569895626,0.8084361535388619,0,1,1.6635082839770126,0,0.7043421730336995,0.4189278136624657,True,False,True,False,True,False,0
-0.7642952442718132,-1.0360756424764714,-0.348369102820301,-1.2184705569895626,0.8084361535388619,0,0,-1.6253789600488413,0,-0.0078339372127105,1.0768853913904903,True,False,True,True,False,False,0
-1.1067603687204273,0.4850833380124864,-1.042417869490058,0.8235140417112154,-0.9166876736979732,1,0,0.1385255178979761,0,1.4165182832801098,-1.2748683830563008,False,True,False,False,True,False,0
1.0310522263224358,1.0555179556958456,-1.042417869490058,0.3328084356882514,-0.9166876736979732,1,0,-0.4038061092002301,1,-0.7200100474591208,0.6634390756559884,True,True,False,False,False,False,0
2.058447599668278,0.1047935928902469,0.3456796638494558,0.3400389985358053,-0.9166876736979732,0,1,-0.2019642536257893,0,-1.4321861577055308,0.6634390756559884,True,False,False,True,False,False,0
0.4498992878641817,-0.2754961522319926,-0.348369102820301,1.3678326061058852,-0.9166876736979732,1,0,0.0088605990285972,0,-0.7200100474591208,0.6323194604931764,True,False,False,True,False,False,0
-1.2105376791594011,-0.0853512796708728,1.0397284305192127,-1.2184705569895626,0.8084361535388619,1,0,0.6292123011213739,0,-1.4321861577055308,-1.4882600298870114,False,False,False,False,False,False,0
0.7300980260494114,-0.8459307699153518,-0.0013447194854226,-1.2184705569895626,0.8084361535388619,1,0,1.1465683240593962,0,1.4165182832801098,-1.44380343679728,True,False,False,False,True,False,0
0.6366984466543348,0.3900109017319265,-0.0013447194854226,0.1647851093752727,-0.9166876736979732,1,1,0.5141210631686158,0,-0.0078339372127105,0.2499927599214863,True,False,False,False,False,True,0
-2.103022548934577,-1.7015826964403906,0.6927040471843343,-1.2184705569895626,0.8084361535388619,0,0,1.309435871744029,0,-0.0078339372127105,0.7968088549251826,False,False,False,True,False,False,0
-0.2038977679013539,0.9604455194152858,-0.0013447194854226,1.4707784651424587,-0.9166876736979732,0,0,0.6914664912164873,0,-0.0078339372127105,0.0321554537818024,False,False,False,False,False,False,0
-2.020000700583398,0.4850833380124864,0.6927040471843343,-1.2184705569895626,0.8084361535388619,0,0,1.4876221191678658,0,0.7043421730336995,0.4900583626060359,True,False,True,False,True,False,0
0.532921136215361,-0.1804237159514327,-1.3894422528249364,1.179368529858038,-0.9166876736979732,1,0,-1.3874891470636808,1,-0.0078339372127105,-1.0481397582986705,True,False,False,False,False,False,0
-1.5011141483885282,0.6752282105736062,1.0397284305192127,0.4272215581031534,-0.9166876736979732,1,1,-0.5234710846435052,0,-1.4321861577055308,0.1166229806522921,False,True,False,True,False,False,0
-1.2105376791594011,-1.7966551327209506,1.3867528138540912,0.941002042049647,-0.9166876736979732,1,1,0.3198151121046091,0,-0.7200100474591208,0.1477425958151041,True,True,False,True,False,False,0
-0.992605327237556,0.6752282105736062,-0.6953934861551795,0.8912168309320703,-0.9166876736979732,1,1,0.1402994798692277,1,1.4165182832801098,-0.0034098206899826,True,False,True,False,False,True,0
0.2008337428106443,0.4850833380124864,-1.736466636159815,0.1383812265198045,0.8084361535388619,0,1,-1.143300665027013,0,0.7043421730336995,1.1391246217161144,False,True,False,False,False,True,0
0.6055652535226427,1.1505903919764056,-0.348369102820301,0.2810698838545509,-0.9166876736979732,0,1,0.7123183249136559,1,1.4165182832801098,1.4503207733442345,False,False,True,False,False,False,0
-0.2869196162525331,-1.511437823879271,-0.0013447194854226,-1.2184705569895626,0.8084361535388619,0,0,0.5561526431649106,0,1.4165182832801098,1.5925818712313746,False,False,False,True,False,False,0
-1.0860049066326325,0.009721156609687,0.3456796638494558,-0.0241123843577012,2.533559980775697,1,1,-0.2553192503918289,1,0.7043421730336995,0.8145914921610752,False,True,False,False,False,True,0
-0.8992057478424793,0.9604455194152858,0.6927040471843343,-1.2184705569895626,0.8084361535388619,1,1,-0.1881590635366636,0,0.7043421730336995,-0.1234426220322574,True,False,False,False,True,False,0
0.2423446669862339,-0.6557858973542321,-1.042417869490058,1.2738530612860048,-0.9166876736979732,1,0,-0.0482067995810338,0,-0.7200100474591208,0.2144274854497012,False,False,False,False,False,True,0
-0.1104981885062774,0.2949384654513666,0.3456796638494558,-1.2184705569895626,0.8084361535388619,0,0,0.3600341317215746,0,-0.7200100474591208,0.4011451764265731,False,False,False,False,True,False,0
-0.2557864231208409,-0.3705685885125524,-1.042417869490058,0.988691734864549,-0.9166876736979732,1,1,1.2490222345674362,1,-0.0078339372127105,0.872385063177726,False,True,False,False,False,True,0
0.7923644123127958,0.6752282105736062,-1.042417869490058,0.5380233692362297,-0.9166876736979732,1,0,-1.393618469946415,1,1.4165182832801098,-0.6124651460193028,False,False,False,False,True,False,0
-0.6916511269645315,-0.5607134610736721,-0.348369102820301,1.2280894905051165,-0.9166876736979732,1,0,-0.6466387786864894,0,-1.4321861577055308,-0.9859005279730466,False,False,False,True,False,False,0
-0.1416313816379696,-0.8459307699153518,1.3867528138540912,0.971969377125686,0.8084361535388619,1,1,0.1080004363097408,0,1.4165182832801098,1.508114344360885,True,False,True,True,False,False,0
-1.231293141247196,-0.0853512796708728,-0.348369102820301,-0.0918969897347805,0.8084361535388619,1,1,0.0653420668489392,0,-0.7200100474591208,1.637038464321106,True,True,False,False,False,True,0
1.09331861258582,-0.2754961522319926,-1.3894422528249364,-0.1721570378921013,-0.9166876736979732,0,0,-0.6240362811562786,0,-0.7200100474591208,0.8057001735431288,True,True,False,False,False,True,0
0.5225434051714636,-0.9410032061959116,0.3456796638494558,1.1706635149896003,-0.9166876736979732,1,1,-1.5786797545423807,0,-0.0078339372127105,0.587862867403445,False,False,False,False,False,False,0
-0.2869196162525331,-0.0853512796708728,-0.6953934861551795,-1.2184705569895626,0.8084361535388619,1,1,1.099455837399778,0,-0.0078339372127105,-1.1103789886242943,False,False,False,False,True,False,0
0.0763009702838756,-1.1311480787570314,-0.348369102820301,-1.2184705569895626,0.8084361535388619,1,0,-0.0189413822564191,0,0.7043421730336995,0.0277097944728293,True,False,True,False,True,False,0
-0.6916511269645315,-0.1804237159514327,0.3456796638494558,1.2231544232187983,-0.9166876736979732,1,1,-0.009110611132386,0,-0.0078339372127105,-0.8969873417935837,True,True,False,False,False,True,0
-1.023738520369248,0.1998660291708067,0.3456796638494558,1.1027154374099664,-0.9166876736979732,1,1,-1.4098219773374563,0,-1.4321861577055308,0.4100364950445194,True,False,True,False,True,False,0
-1.4907364173446307,-0.3705685885125524,-1.3894422528249364,0.1727768346625357,-0.9166876736979732,0,0,-0.7138353036825931,0,-0.7200100474591208,-0.8836503638666644,True,False,False,False,False,True,0
-0.1831423058135592,-0.4656410247931123,-1.3894422528249364,-1.2184705569895626,0.8084361535388619,1,0,-0.6682691874799299,0,1.4165182832801098,-0.3768452026437264,True,False,True,False,False,True,0
-0.2661641541647383,-1.511437823879271,0.3456796638494558,0.156840616506965,-0.9166876736979732,1,0,0.1618961585222758,0,-0.7200100474591208,1.3302879720019594,False,True,False,False,False,True,0
-0.8576948236668898,-0.3705685885125524,-0.348369102820301,0.2855158154123648,-0.9166876736979732,1,0,1.4659908410409106,0,1.4165182832801098,0.7968088549251826,False,False,False,True,False,False,0
-0.1312536505940722,-0.9410032061959116,-0.348369102820301,0.9179489390718052,0.8084361535388619,1,0,-0.0425599567992726,0,-0.0078339372127105,-1.3949011843985757,True,False,True,False,True,False,0
-0.3699414646037122,-0.9410032061959116,1.0397284305192127,1.172267175695559,-0.9166876736979732,1,0,0.7009408355992616,0,-1.4321861577055308,-0.1901275116668545,True,True,False,False,True,False,0
-0.3595637335598148,-0.8459307699153518,-0.6953934861551795,0.8950724373078882,-0.9166876736979732,1,0,0.7390917107834096,0,1.4165182832801098,-1.4304664588703606,True,False,False,True,False,False,0
-0.3595637335598148,3.812618607832082,0.6927040471843343,-1.2184705569895626,-0.9166876736979732,1,1,1.0459454038012088,0,-0.0078339372127105,-0.8125198149230941,False,False,False,False,False,True,0
-0.4633410439987888,2.1013147547820044,-1.042417869490058,1.4157134701351357,0.8084361535388619,1,1,-1.123953126044661,0,-1.4321861577055308,0.4233734729714388,True,True,False,False,False,False,0
-1.2001599481155036,2.1013147547820044,1.0397284305192127,-0.1747095098344331,-0.9166876736979732,1,1,-0.6280552099973531,1,-0.7200100474591208,-0.9636722314281808,False,False,False,False,False,False,0
1.1036963436297176,-0.5607134610736721,0.6927040471843343,-1.2184705569895626,0.8084361535388619,0,0,-0.3031334630649697,0,0.7043421730336995,1.539233959523697,False,False,False,False,True,False,0
1.6537160889562794,0.770300646854166,-0.6953934861551795,0.7567306035060968,0.8084361535388619,0,0,1.244260547170919,0,0.7043421730336995,-0.0256381172348483,False,False,False,True,False,False,0
0.1074341634155678,2.386532063623684,-1.736466636159815,0.3641867728641503,-0.9166876736979732,0,1,-1.0032312149135254,0,-1.4321861577055308,0.3077863309381372,True,False,False,False,False,True,0
0.13856735654726,0.5801557742930463,-0.0013447194854226,1.2704001312955189,0.8084361535388619,1,0,-0.8442852307162569,1,0.7043421730336995,-0.4257474550424309,False,True,False,False,True,False,0
1.0206744952785385,1.2456628282569653,0.3456796638494558,0.5021914152275683,-0.9166876736979732,1,0,0.4486089587916914,1,1.4165182832801098,0.1655252330509967,False,True,False,False,False,False,0
-0.4840965060865836,0.009721156609687,-0.6953934861551795,-1.2184705569895626,0.8084361535388619,1,0,1.720570292718849,0,-0.0078339372127105,-0.8969873417935837,True,False,False,False,False,True,0
-0.5256074302621732,-1.7966551327209506,1.3867528138540912,0.7420208271444204,0.8084361535388619,1,0,-0.2371435729880553,0,-0.0078339372127105,-0.0078554799989557,False,False,True,False,True,False,0
-0.5567406233938653,-0.6557858973542321,-0.348369102820301,0.5612553149665231,-0.9166876736979732,1,1,1.163950126097029,0,-1.4321861577055308,-1.7238799732625878,False,False,False,False,False,True,0
-2.0407561626711925,0.1047935928902469,-1.3894422528249364,-1.2184705569895626,2.533559980775697,0,1,0.5136726609414416,0,-0.7200100474591208,-0.8880960231756375,True,False,False,False,True,False,0
0.1593228186350548,2.956966681307043,-0.6953934861551795,0.0200902750591302,0.8084361535388619,1,1,-1.3830979696113697,0,-0.7200100474591208,0.3300146274830028,True,True,False,True,False,False,0
0.7508534881372062,-0.7508583336347919,1.3867528138540912,0.993708618307092,-0.9166876736979732,1,0,-1.5215224668472709,0,1.4165182832801098,-1.0259114617538048,True,True,False,False,True,False,0
-0.1831423058135592,-0.1804237159514327,0.6927040471843343,-0.3925836923218418,0.8084361535388619,1,1,1.45842155412349,0,1.4165182832801098,1.312505334766067,False,False,False,True,False,False,0
1.352761888683255,-0.5607134610736721,0.6927040471843343,1.84800362149294,-0.9166876736979732,1,1,1.1584296844083877,0,0.7043421730336995,0.6945586908188004,True,False,False,False,False,False,0
-0.0067208780673035,2.291459627343124,1.0397284305192127,0.862456450645462,-0.9166876736979732,1,1,-1.5404721988130374,0,-0.0078339372127105,0.618982482566257,False,False,True,False,True,False,0
-0.0274763401550982,3.717546171551522,-0.348369102820301,-0.1241857117723089,0.8084361535388619,1,1,0.7325953552905302,0,-0.7200100474591208,-0.714715310125685,True,True,False,False,True,False,0
0.5536765983031557,0.009721156609687,-0.0013447194854226,1.1732456072624635,0.8084361535388619,1,0,-0.0757318112080864,0,-0.7200100474591208,-0.7236066287436314,False,False,False,False,True,False,0
0.2631001290740287,0.3900109017319265,-0.6953934861551795,0.9144314847937294,0.8084361535388619,1,1,-0.0781435162461372,0,1.4165182832801098,1.1480159403340606,False,False,True,False,False,False,0
-1.9266011211883207,1.6259525733792048,-1.042417869490058,0.5734814666406165,2.533559980775697,1,0,1.6900333881948058,1,-0.0078339372127105,-0.0923230068694454,False,True,False,False,False,True,0
0.2838555911618235,1.8160974459403243,1.0397284305192127,0.7965209544430149,0.8084361535388619,1,1,-0.233383357801124,0,-0.7200100474591208,-0.1545622371950694,True,True,False,False,False,False,0
0.8857639917078723,0.3900109017319265,-1.3894422528249364,0.7915071130884722,-0.9166876736979732,1,0,0.6620621543961331,1,-0.7200100474591208,-1.2926510202921933,False,True,False,True,False,False,0
-0.5463628923499679,0.009721156609687,-1.042417869490058,1.8072364400880656,0.8084361535388619,0,1,1.3163587222594977,0,-0.0078339372127105,0.5434062743137136,True,True,False,False,False,True,0
-1.3350704516861698,-1.606510260159831,1.0397284305192127,0.756876623730122,-0.9166876736979732,1,1,0.4255439758313591,0,0.7043421730336995,1.1346789624071412,True,False,False,False,True,False,0
1.3423841576393576,-0.3705685885125524,-0.348369102820301,0.0750691309430698,-0.9166876736979732,1,0,0.278155780719551,0,-0.7200100474591208,-0.6702587170359536,True,False,True,False,False,True,0
-1.1171380997643243,-0.5607134610736721,0.3456796638494558,-1.2184705569895626,0.8084361535388619,1,1,0.4117467836105737,0,0.7043421730336995,0.0454924317087219,False,False,False,False,False,True,0
-0.1312536505940722,-1.1311480787570314,1.0397284305192127,0.9239045468273512,0.8084361535388619,1,0,-1.6374764313805787,0,-0.7200100474591208,-0.3279429502450218,False,False,True,False,True,False,0
-0.5152296992182758,-0.5607134610736721,1.0397284305192127,-1.2184705569895626,0.8084361535388619,1,1,0.2172890469148018,0,0.7043421730336995,0.9168416562674574,False,False,False,False,False,True,0
-0.3595637335598148,0.1998660291708067,0.6927040471843343,-1.2184705569895626,0.8084361535388619,0,1,-1.494116901645216,0,-1.4321861577055308,-1.2704227237473276,True,False,False,False,True,False,0
0.1593228186350548,3.052039117587603,-0.348369102820301,0.9792103471163994,-0.9166876736979732,0,1,-0.1042888955844627,1,-0.7200100474591208,1.3702989057827175,True,False,True,False,False,False,0
0.0451677771521834,-0.5607134610736721,0.6927040471843343,1.0023340585578322,0.8084361535388619,1,0,-1.1004917270013672,0,-1.4321861577055308,-0.936998275574342,True,False,False,True,False,False,0
2.058447599668278,0.2949384654513666,-1.736466636159815,-1.2184705569895626,0.8084361535388619,1,0,-0.978268824622774,0,-0.7200100474591208,-1.0214658024448318,True,False,False,False,False,True,0
1.539561047473408,-0.0853512796708728,-1.3894422528249364,-1.2184705569895626,0.8084361535388619,1,0,-0.849823232941907,0,1.4165182832801098,1.565907915377536,True,False,True,False,False,False,0
-1.9058456591005264,0.2949384654513666,-0.0013447194854226,-1.2184705569895626,0.8084361535388619,1,0,0.4324769106156048,0,-0.0078339372127105,0.7701348990713438,False,False,False,True,False,False,0
-0.8992057478424793,-0.5607134610736721,1.0397284305192127,0.8688550824798206,0.8084361535388619,1,0,0.0906043772024574,0,-0.0078339372127105,1.125787643789195,True,True,False,True,False,False,0
-0.7746729753157106,-0.1804237159514327,-0.348369102820301,-1.2184705569895626,-0.9166876736979732,1,1,-0.3572943319996608,0,-1.4321861577055308,0.1566339144330504,False,False,False,False,True,False,0
-0.3076750783403279,-0.7508583336347919,-0.0013447194854226,0.482867912138365,-0.9166876736979732,1,1,-1.7013354111448735,0,0.7043421730336995,0.2366557819945669,True,False,False,False,False,True,0
-0.3595637335598148,1.1505903919764056,1.7337771971889695,1.459747053503096,-0.9166876736979732,0,0,-0.1215595967988446,1,-0.0078339372127105,-0.301268994391183,False,True,False,False,True,False,0
0.3668774395130026,-0.0853512796708728,1.0397284305192127,-0.1067571092876407,0.8084361535388619,1,1,-0.5885589542649795,1,0.7043421730336995,0.7612435804533975,True,False,True,True,False,False,0
0.8131198744005905,-1.511437823879271,1.0397284305192127,-1.2184705569895626,0.8084361535388619,1,0,1.440541971715016,0,-0.0078339372127105,-0.3101603130091293,True,False,False,False,False,True,0
1.425406005990537,-0.7508583336347919,-0.348369102820301,1.5910922450135845,-0.9166876736979732,1,1,1.2588229267518412,0,-1.4321861577055308,0.4233734729714388,True,False,False,False,False,False,0
0.7508534881372062,-0.4656410247931123,-1.042417869490058,-1.2184705569895626,0.8084361535388619,1,1,0.3204726759755563,0,0.7043421730336995,-0.6213564646372491,False,False,False,True,False,False,0
-1.3039372585544775,-0.6557858973542321,0.6927040471843343,0.7915498624303743,-0.9166876736979732,0,0,-0.2372390258080313,0,-0.0078339372127105,0.2900036937022446,True,False,False,False,True,False,0
0.1281896255033626,-0.2754961522319926,-1.042417869490058,0.8174993534045014,0.8084361535388619,1,0,-0.3875582657999101,0,1.4165182832801098,0.4367104508983582,False,True,False,True,False,False,0
2.058447599668278,-0.3705685885125524,-0.0013447194854226,-1.2184705569895626,-0.9166876736979732,1,1,-0.3379706127556268,0,1.4165182832801098,1.027983138991786,False,False,False,False,True,False,0
0.875386260663975,-1.1311480787570314,-0.0013447194854226,-0.3935403489430583,-0.9166876736979732,0,1,1.5943660167070404,0,0.7043421730336995,-0.1990188302848008,True,False,False,False,False,True,0
0.0036568529765938,3.3372564264292826,-0.0013447194854226,-1.2184705569895626,0.8084361535388619,1,1,-1.7298718053835864,0,1.4165182832801098,-1.4260207995613874,False,False,False,True,False,False,0
1.6329606268684846,0.8653730831347259,-1.042417869490058,-1.2184705569895626,-0.9166876736979732,1,0,1.0526856942784717,1,-1.4321861577055308,1.7215059911915958,False,False,True,True,False,False,0
-0.0067208780673035,0.009721156609687,0.3456796638494558,-1.2184705569895626,-0.9166876736979732,1,0,-1.3258179320239043,0,-1.4321861577055308,-1.4393577774883068,False,False,False,False,False,True,0
0.1800782807228495,1.0555179556958456,1.3867528138540912,1.9998926737105247,-0.9166876736979732,1,0,1.0014932515650077,1,-0.7200100474591208,-1.1592812410229991,True,False,False,False,True,False,0
-0.2246532299891487,-1.321292951318151,0.6927040471843343,0.0569137896460665,-0.9166876736979732,1,0,-0.1200909447581543,0,0.7043421730336995,0.7879175363072363,False,True,False,False,True,False,0
-1.2624263343788882,-0.1804237159514327,-0.348369102820301,-1.2184705569895626,0.8084361535388619,1,1,1.1199289894176965,0,-0.7200100474591208,1.2369291265135234,True,False,True,False,True,False,0
1.0206744952785385,0.009721156609687,0.3456796638494558,-1.2184705569895626,0.8084361535388619,0,0,-1.4112231690973618,0,1.4165182832801098,1.4814403885070462,False,False,True,False,True,False,0
0.2008337428106443,-0.7508583336347919,-0.348369102820301,-1.2184705569895626,0.8084361535388619,0,1,-0.3679240206242232,0,-0.7200100474591208,-0.0389750951617677,False,False,True,True,False,False,0
1.456539199122229,0.2949384654513666,-1.042417869490058,-1.2184705569895626,0.8084361535388619,1,0,-0.1350457414878679,0,-0.0078339372127105,-0.3768452026437264,False,False,False,False,True,False,0
0.3980106326446948,-0.2754961522319926,1.7337771971889695,0.2506995985760879,-0.9166876736979732,1,1,0.6146822607472192,0,-0.7200100474591208,-0.7280522880526045,False,False,True,False,True,False,0
-2.1445334731101666,-0.0853512796708728,0.3456796638494558,0.6934596561723164,0.8084361535388619,1,0,1.3096521619226271,0,-0.7200100474591208,-1.5282709636677696,False,True,False,True,False,False,0
1.010296764234641,-1.416365387598711,-1.3894422528249364,-1.2184705569895626,2.533559980775697,1,1,-0.9131524408619984,0,-0.0078339372127105,0.6723303942739347,True,False,False,True,False,False,0
1.6329606268684846,-0.5607134610736721,1.0397284305192127,1.152048338074834,-0.9166876736979732,0,0,1.7173148125708808,0,-1.4321861577055308,1.663712420174945,True,True,False,False,True,False,0
-0.5671183544377627,-1.0360756424764714,-1.042417869490058,-1.2184705569895626,2.533559980775697,1,1,-0.3776961986693274,0,-0.0078339372127105,0.8279284700879945,True,False,False,False,False,True,0
-0.5048519681743784,-1.416365387598711,-1.3894422528249364,1.425730425481272,0.8084361535388619,1,0,-1.3661230156588813,0,-1.4321861577055308,1.1791355554968723,True,False,True,False,True,False,0
-0.8161838994913002,-1.0360756424764714,1.0397284305192127,-1.2184705569895626,0.8084361535388619,0,0,-0.3959163859490828,0,0.7043421730336995,0.272221056466352,True,False,True,False,True,False,0
-0.0689872643306878,-0.2754961522319926,1.0397284305192127,-1.2184705569895626,0.8084361535388619,1,1,-1.5358459535781983,1,-0.7200100474591208,0.0054814979279636,False,False,False,False,True,False,0
-0.785050706359608,1.2456628282569653,-1.042417869490058,0.3914253086010243,0.8084361535388619,1,1,-1.4567792010312477,0,0.7043421730336995,-1.7149886546446416,True,False,True,False,False,False,0
0.2631001290740287,0.1047935928902469,-0.0013447194854226,-1.2184705569895626,0.8084361535388619,1,0,-0.1996638232776927,0,0.7043421730336995,-1.3015423389101397,True,False,True,True,False,False,0
1.217851385112589,-0.0853512796708728,0.3456796638494558,-1.2184705569895626,0.8084361535388619,0,0,0.0688945113257217,0,1.4165182832801098,-0.9636722314281808,True,False,True,False,True,False,0
0.927274915883462,0.2949384654513666,1.3867528138540912,0.7197658719919785,0.8084361535388619,1,0,-1.0659543235067737,0,0.7043421730336995,1.1791355554968723,False,False,True,False,True,False,0
-0.2142754989452513,-0.3705685885125524,1.0397284305192127,0.8502371836968435,-0.9166876736979732,1,1,-0.3700740562741789,0,-0.7200100474591208,-0.6524760798000611,True,False,False,False,False,True,0
-0.9614721341058636,-0.2754961522319926,-1.3894422528249364,0.4523873111424095,0.8084361535388619,0,1,-0.8040853364366274,0,1.4165182832801098,1.6103645084672673,False,True,False,True,False,False,0
-1.895467928056629,-0.3705685885125524,-0.0013447194854226,-1.2184705569895626,0.8084361535388619,1,0,1.4962808548466175,0,0.7043421730336995,0.4055908357355463,True,False,True,False,False,True,0
-1.604891458827502,-0.3705685885125524,0.6927040471843343,0.5435967946729733,0.8084361535388619,1,1,-0.131169035609891,0,0.7043421730336995,0.6278738011842032,True,True,False,False,True,False,0
0.2838555911618235,0.009721156609687,0.3456796638494558,-1.2184705569895626,0.8084361535388619,1,0,-1.5328997822949622,0,-0.7200100474591208,0.4233734729714388,True,False,True,True,False,False,0
0.6885871018738219,-1.321292951318151,-0.348369102820301,0.521795110632609,-0.9166876736979732,1,0,-0.6502670290458032,0,-0.7200100474591208,0.5167323184598748,False,False,False,False,False,False,0
1.352761888683255,-0.2754961522319926,-1.3894422528249364,1.1638873440233877,0.8084361535388619,1,1,1.6560827848230169,0,-1.4321861577055308,0.0366011130907756,True,False,False,False,False,False,0
-1.677535576134784,-0.3705685885125524,0.6927040471843343,0.5066980284354978,-0.9166876736979732,1,1,-1.6777079694001642,0,1.4165182832801098,1.570353574686509,False,False,False,False,True,False,0
-0.0274763401550982,-1.7966551327209506,-0.0013447194854226,-1.2184705569895626,0.8084361535388619,1,1,-0.7323569758254426,0,1.4165182832801098,-0.492432344677028,True,False,True,False,True,False,0
-0.0689872643306878,-0.8459307699153518,-1.3894422528249364,0.7947394116439729,-0.9166876736979732,1,1,1.617133166005043,0,-0.7200100474591208,0.8057001735431288,True,False,False,False,False,True,0
1.487672392253921,-0.5607134610736721,1.3867528138540912,0.4555219426621041,-0.9166876736979732,1,1,0.3550799738847772,1,-1.4321861577055308,-1.003683165208939,False,True,False,False,False,True,0
-0.494474237130481,1.3407352645375252,1.0397284305192127,1.094376914090644,-0.9166876736979732,1,0,1.5746702227184728,1,-0.0078339372127105,1.6814950574108374,True,False,False,False,False,False,0
1.9961812134048933,0.1998660291708067,1.7337771971889695,0.0034823958950235,-0.9166876736979732,1,1,0.7084005864937583,1,-0.0078339372127105,-1.5593905788305815,False,False,False,False,True,False,0
1.1452072678053071,0.009721156609687,-1.042417869490058,0.0827926721566028,-0.9166876736979732,1,1,-1.4206929929458565,0,1.4165182832801098,1.4325381361083416,True,False,True,True,False,False,0
-0.7954284374035054,-0.1804237159514327,-1.736466636159815,-1.2184705569895626,0.8084361535388619,0,0,-1.2225779701513608,0,-0.7200100474591208,1.4369837954173148,False,False,True,True,False,False,0
0.3668774395130026,-0.4656410247931123,-0.0013447194854226,0.8352680293056489,-0.9166876736979732,1,0,1.5762986582592688,0,-0.0078339372127105,1.3391792906199056,True,False,False,True,False,False,0
0.325366515337413,-0.3705685885125524,1.3867528138540912,-0.23904566829808,-0.9166876736979732,0,0,-0.3039219485633159,0,-0.0078339372127105,-1.3371076133819246,True,False,True,True,False,False,0
0.3772551705569,-0.3705685885125524,-0.0013447194854226,0.5680065087891526,-0.9166876736979732,0,0,1.1429065174263928,1,-1.4321861577055308,-0.9903461872820196,True,True,False,False,True,False,0
-0.2765418852086357,0.5801557742930463,-0.6953934861551795,-1.2184705569895626,-0.9166876736979732,1,1,1.4612255024436285,1,1.4165182832801098,-1.030357121062778,False,False,False,True,False,False,0
0.1800782807228495,-0.8459307699153518,0.6927040471843343,0.3046366193747964,-0.9166876736979732,0,0,-1.401922517550938,0,0.7043421730336995,-0.6391391018731417,True,False,False,False,True,False,0
0.9376526469273592,2.006242318501444,-0.348369102820301,-1.2184705569895626,-0.9166876736979732,1,1,-1.517328280369519,1,-1.4321861577055308,-1.1059333293153213,False,False,False,False,False,False,0
0.8131198744005905,-0.4656410247931123,-1.3894422528249364,-1.2184705569895626,0.8084361535388619,1,1,0.4548478176973488,0,-0.0078339372127105,1.1480159403340606,True,False,False,False,False,False,0
-1.7398019623981682,1.530880137098645,1.0397284305192127,1.1727639966990124,2.533559980775697,0,0,0.6448477859935406,1,1.4165182832801098,0.6812217128918809,False,True,False,False,True,False,0
-0.0170986091112009,2.1013147547820044,-1.3894422528249364,1.2307101692626183,-0.9166876736979732,0,1,-0.3035816914254408,0,1.4165182832801098,0.3389059461009491,True,False,True,False,False,False,0
0.2112114738545417,-0.5607134610736721,-1.042417869490058,-1.2184705569895626,0.8084361535388619,1,1,1.4310396347930503,0,0.7043421730336995,0.0099271572369367,True,False,True,False,False,True,0
-1.1690267549838116,-1.416365387598711,-0.6953934861551795,-1.2184705569895626,0.8084361535388619,1,1,1.6991954679788968,0,0.7043421730336995,-0.7013783321987657,False,False,False,False,True,False,0
-0.992605327237556,0.1047935928902469,1.3867528138540912,0.860722460485165,-0.9166876736979732,0,0,-1.4333284078568405,0,0.7043421730336995,-1.221520471348623,False,False,False,False,False,False,0
-0.8161838994913002,-0.3705685885125524,1.3867528138540912,2.093703302591429,0.8084361535388619,0,1,0.0444205126038464,0,-0.0078339372127105,1.4814403885070462,False,True,False,False,False,True,0
-1.3869591069056568,-1.1311480787570314,-1.3894422528249364,0.9238236913304952,-0.9166876736979732,1,1,0.7456148417485589,0,-1.4321861577055308,1.4725490698891,False,False,False,False,False,False,0
-0.3803191956476097,-0.8459307699153518,1.0397284305192127,-1.2184705569895626,0.8084361535388619,0,0,-1.6908213438778414,0,-0.7200100474591208,-0.7591719032154165,True,False,False,True,False,False,0
-1.3039372585544775,0.2949384654513666,-1.3894422528249364,-1.2184705569895626,-0.9166876736979732,0,1,1.1832451573350589,0,-1.4321861577055308,-0.0612033917066334,True,False,False,True,False,False,0
0.6885871018738219,-0.3705685885125524,-1.042417869490058,1.4701740502897236,-0.9166876736979732,1,0,-0.9981104927752033,0,-0.7200100474591208,-1.28820536098322,False,False,False,False,False,True,0
1.6329606268684846,3.907691044112642,1.0397284305192127,-1.2184705569895626,0.8084361535388619,0,1,-1.152166649815804,0,-0.0078339372127105,-1.314879316837059,True,False,True,False,False,False,0
-0.5671183544377627,2.671749372465364,-1.042417869490058,-1.2184705569895626,0.8084361535388619,0,1,0.1428238505308569,0,-0.7200100474591208,-1.1326072851691602,True,False,False,False,True,False,0
0.0555455081960808,3.4323288627098423,0.6927040471843343,0.8033003276071229,-0.9166876736979732,0,1,-0.1522670645585825,0,-1.4321861577055308,-0.2345841047565859,True,False,True,True,False,False,0
0.771608950225001,0.8653730831347259,-0.348369102820301,-1.2184705569895626,-0.9166876736979732,1,0,0.2362634679524017,1,-0.7200100474591208,-1.4393577774883068,False,False,False,False,False,False,0
-1.231293141247196,0.009721156609687,-1.042417869490058,-1.2184705569895626,-0.9166876736979732,0,1,-0.4652907652676304,1,-0.7200100474591208,-1.4304664588703606,False,False,False,True,False,False,0
0.9065194537956672,0.1998660291708067,-0.0013447194854226,-1.2184705569895626,0.8084361535388619,0,0,0.7554675200771765,0,1.4165182832801098,-0.1456709185771231,True,False,False,False,True,False,0
-1.0029830582814532,2.196387191062564,-0.348369102820301,0.6999234527338443,-0.9166876736979732,0,1,-0.9897221198196992,1,-0.7200100474591208,0.4011451764265731,True,True,False,True,False,False,0
1.487672392253921,-0.3705685885125524,1.0397284305192127,-1.2184705569895626,0.8084361535388619,1,0,1.160109410626584,0,-0.7200100474591208,0.4500474288252776,True,False,True,False,False,False,0
0.7819866812688984,0.3900109017319265,-1.042417869490058,0.3410507329608205,-0.9166876736979732,1,1,0.1214238151189619,1,-1.4321861577055308,0.0232641351638562,True,False,True,True,False,False,0
-0.1104981885062774,-0.7508583336347919,1.3867528138540912,0.5826855440510345,-0.9166876736979732,1,1,-1.1857655208473163,0,0.7043421730336995,-0.1856818523578813,True,False,False,True,False,False,0
0.13856735654726,1.1505903919764056,1.0397284305192127,-1.2184705569895626,-0.9166876736979732,1,1,-1.069329076213036,1,-0.7200100474591208,-1.28820536098322,False,False,True,False,False,False,0
-0.7746729753157106,-0.3705685885125524,-0.348369102820301,0.5132058552180858,-0.9166876736979732,1,0,0.0865247688820175,0,-1.4321861577055308,-0.1856818523578813,False,False,False,False,True,False,0
-1.81244607970545,0.8653730831347259,1.0397284305192127,0.8509498328384392,0.8084361535388619,1,1,0.9998389098854568,0,-1.4321861577055308,1.2369291265135234,True,True,False,False,True,False,0
-0.733162051140121,-0.4656410247931123,-1.3894422528249364,-1.2184705569895626,0.8084361535388619,0,1,-0.3347984147584216,0,-0.0078339372127105,-0.0211924579258751,True,False,True,False,False,True,0
-0.5567406233938653,-0.3705685885125524,1.0397284305192127,-1.2184705569895626,2.533559980775697,0,1,-0.2046856152619778,0,0.7043421730336995,-1.6527494243190175,False,False,True,False,False,False,0
1.7367379373074583,0.9604455194152858,-1.3894422528249364,0.7133651587289878,4.258683808012532,0,0,1.1428781771537952,1,-0.0078339372127105,1.7081690132646763,False,True,False,False,True,False,0
1.830137516702535,-1.0360756424764714,1.0397284305192127,0.9392800601314576,-0.9166876736979732,1,0,-0.3664313749785117,0,-0.0078339372127105,0.5834172080944718,True,False,True,True,False,False,0
0.4602770189080792,-1.416365387598711,1.3867528138540912,-1.2184705569895626,-0.9166876736979732,0,0,-1.5569375494588769,0,-0.0078339372127105,1.3747445650916907,True,False,True,False,False,True,0
0.7508534881372062,-0.9410032061959116,0.3456796638494558,-1.2184705569895626,0.8084361535388619,0,1,-0.6207350740654078,0,1.4165182832801098,1.5570165967595897,False,False,False,False,False,True,0
0.13856735654726,-1.321292951318151,-0.0013447194854226,1.2410068365949072,0.8084361535388619,1,0,-1.1320398402703673,0,-1.4321861577055308,1.1346789624071412,True,True,False,False,False,True,0
0.5951875224787453,0.3900109017319265,1.0397284305192127,-1.2184705569895626,0.8084361535388619,0,0,1.1754142010295436,1,0.7043421730336995,1.1391246217161144,False,False,False,True,False,False,0
0.2215892048984391,-0.9410032061959116,-0.348369102820301,0.3681762311119912,-0.9166876736979732,1,1,-1.575833904346806,0,0.7043421730336995,0.4678300660611702,False,True,False,False,True,False,0
0.4083883636885922,0.1047935928902469,-1.3894422528249364,-1.2184705569895626,0.8084361535388619,1,1,0.7855624554420584,0,-0.7200100474591208,1.2058095113507117,True,False,True,False,False,False,0
0.5432988672592584,-1.416365387598711,-1.042417869490058,1.1543124520966954,0.8084361535388619,1,0,1.4316843325279711,0,-1.4321861577055308,1.1746898961878995,True,False,False,False,True,False,0
-0.152009112681867,-1.1311480787570314,1.3867528138540912,0.8459902687382217,-0.9166876736979732,1,0,-0.93269697081891,0,1.4165182832801098,-1.3459989319998709,True,False,False,True,False,False,0
-0.5878738165255575,-0.8459307699153518,-0.0013447194854226,0.3935725423997078,-0.9166876736979732,1,1,1.354938874333484,0,-0.0078339372127105,-1.0259114617538048,False,False,True,False,False,True,0
-1.1067603687204273,0.009721156609687,0.3456796638494558,-1.2184705569895626,-0.9166876736979732,0,0,-1.0783308508969114,1,0.7043421730336995,-0.2879320164642636,False,False,True,False,False,True,0
0.927274915883462,-0.1804237159514327,1.0397284305192127,1.5168481660421356,0.8084361535388619,0,0,0.1636410847541176,0,-1.4321861577055308,1.512560003669858,False,True,False,False,False,True,0
-1.0652494445448375,0.3900109017319265,-0.6953934861551795,0.9427834247387942,-0.9166876736979732,1,0,-1.640082519392643,0,-0.0078339372127105,1.31695099407504,False,True,False,False,True,False,0
-0.2557864231208409,-1.1311480787570314,-1.736466636159815,1.7478446352846335,0.8084361535388619,1,1,-0.4069167583845547,0,0.7043421730336995,-0.0034098206899826,True,True,False,False,False,True,0
1.487672392253921,1.6259525733792048,1.3867528138540912,0.2921493284623426,-0.9166876736979732,1,0,-1.2377918282686236,1,-1.4321861577055308,-0.8569764080128255,False,True,False,False,True,False,0
0.429143825776387,0.3900109017319265,-1.3894422528249364,0.7337160870128931,-0.9166876736979732,1,0,-0.216226539277242,1,0.7043421730336995,-0.1545622371950694,False,True,False,True,False,False,0
0.7508534881372062,0.1047935928902469,0.3456796638494558,-1.2184705569895626,0.8084361535388619,0,0,0.0994202883807691,0,-0.0078339372127105,-0.7547262439064433,True,False,False,False,True,False,0
0.086678701327773,-0.3705685885125524,1.0397284305192127,-0.2795632383770173,-0.9166876736979732,0,1,1.7081150037122277,0,1.4165182832801098,0.9257329748854036,True,True,False,False,True,False,0
-0.3906969266915071,-0.8459307699153518,-0.6953934861551795,0.8844851705166018,0.8084361535388619,1,0,-0.7937823433471017,0,-0.7200100474591208,0.1299599585792115,False,True,False,False,True,False,0
-0.1208759195501748,-0.5607134610736721,-1.3894422528249364,1.4601426850530586,-0.9166876736979732,0,1,0.7815370935329707,0,-1.4321861577055308,1.2680487416763355,False,False,False,False,False,True,0
1.186718191980897,2.196387191062564,0.6927040471843343,1.066689590318746,-0.9166876736979732,0,1,-1.6437020764168042,1,-0.7200100474591208,-0.6524760798000611,False,True,False,True,False,False,0
-0.0689872643306878,1.9111698822208845,1.0397284305192127,0.7295854118378701,0.8084361535388619,0,0,-1.7445704964597024,1,1.4165182832801098,-1.4037925030165217,False,True,False,False,False,True,0
1.1244518057175124,0.3900109017319265,0.3456796638494558,1.5952286841448189,-0.9166876736979732,1,1,0.9894058645020474,0,-0.7200100474591208,1.4236468174903951,True,False,True,True,False,False,0
0.5848097914348479,0.4850833380124864,-1.042417869490058,1.3735134652820156,0.8084361535388619,1,0,-0.2705550157136764,0,-0.0078339372127105,-0.0211924579258751,False,False,False,False,False,False,0
0.1074341634155678,-0.6557858973542321,-0.348369102820301,0.9262074074437454,-0.9166876736979732,1,1,-0.898988389897771,1,-1.4321861577055308,-1.06147673622559,False,False,False,False,False,False,0
0.7508534881372062,-0.5607134610736721,-0.0013447194854226,0.4397048462682381,0.8084361535388619,1,0,0.3591117688618775,0,-1.4321861577055308,-1.1326072851691602,True,True,False,True,False,False,0
0.5744320603909505,-0.6557858973542321,-0.348369102820301,0.9083581962655316,-0.9166876736979732,0,0,0.6336737207217182,0,-0.7200100474591208,0.6145368232572839,False,False,True,False,False,True,0
1.352761888683255,2.956966681307043,0.6927040471843343,0.335754938081598,-0.9166876736979732,0,1,0.5345693522479976,0,-0.0078339372127105,0.4767213846791165,False,False,False,True,False,False,0
0.958408109015154,-0.3705685885125524,0.6927040471843343,-1.2184705569895626,0.8084361535388619,1,1,-0.9979025481983514,0,1.4165182832801098,0.7879175363072363,True,False,True,False,False,True,0
2.006558944448791,-0.0853512796708728,-1.042417869490058,0.5876318190299865,-0.9166876736979732,1,0,1.3770340288241856,0,-1.4321861577055308,1.219146489277631,False,False,True,False,False,False,0
1.933914827141509,-0.3705685885125524,-1.736466636159815,-1.2184705569895626,0.8084361535388619,0,1,1.6843270830006003,0,-1.4321861577055308,-0.4657583888231892,True,False,True,False,False,True,0
-1.0860049066326325,0.2949384654513666,-1.3894422528249364,1.0663520786605825,-0.9166876736979732,1,0,-0.2473045169811862,1,1.4165182832801098,0.5522975929316599,False,True,False,False,True,False,0
-0.2350309610330461,-0.8459307699153518,-1.042417869490058,-0.6738786850045304,-0.9166876736979732,1,0,-1.405897631982843,0,-0.7200100474591208,1.5347883002147238,False,False,True,False,False,False,0
-1.013360789325351,0.5801557742930463,0.3456796638494558,-1.2184705569895626,0.8084361535388619,1,1,1.4043771758798445,0,-0.0078339372127105,0.8679394038687528,False,False,False,False,False,False,0
0.3668774395130026,2.1013147547820044,0.6927040471843343,0.0710314796169047,-0.9166876736979732,1,0,0.5367974540476241,1,0.7043421730336995,-1.4793687112690652,False,False,False,False,False,False,0
-0.8680725547107871,0.3900109017319265,1.3867528138540912,-1.2184705569895626,-0.9166876736979732,1,0,0.4423082033397471,1,-1.4321861577055308,0.8812763817956722,False,False,True,False,True,False,0
0.4914102120397713,0.770300646854166,-1.3894422528249364,-1.2184705569895626,0.8084361535388619,0,1,-1.2225237237400082,0,-0.0078339372127105,0.8057001735431288,True,False,True,False,False,True,0
-0.9510944030619662,0.1998660291708067,-0.348369102820301,1.2237224931254216,-0.9166876736979732,0,0,-1.558742807436678,0,-0.0078339372127105,-0.6569217391090343,True,True,False,False,False,False,0
0.4498992878641817,0.5801557742930463,-0.6953934861551795,-1.2184705569895626,0.8084361535388619,1,1,-1.2107673788796611,0,-1.4321861577055308,-1.0792593734614826,True,False,False,False,True,False,0
0.1281896255033626,0.1047935928902469,1.3867528138540912,-1.2184705569895626,0.8084361535388619,1,0,1.640189107896816,0,1.4165182832801098,-1.123715966551214,True,False,False,False,False,True,0
0.8442530675322827,1.1505903919764056,1.7337771971889695,1.0479964398852293,-0.9166876736979732,1,0,0.5173967118541377,0,-0.0078339372127105,0.8590480852508066,True,False,False,False,False,True,0
0.6782093708299244,0.1998660291708067,-0.6953934861551795,0.955132700921961,-0.9166876736979732,1,1,0.0569434357579551,0,-0.7200100474591208,0.8634937445597797,False,False,False,False,False,True,0
0.3772551705569,-0.2754961522319926,-1.736466636159815,0.2188727935849544,-0.9166876736979732,1,0,1.3379458382438778,1,1.4165182832801098,0.2499927599214863,True,False,True,False,False,False,0
-0.8888280167985819,0.4850833380124864,-0.0013447194854226,1.045947513561931,0.8084361535388619,0,0,-0.5567655150779713,0,0.7043421730336995,-0.6569217391090343,False,True,False,False,False,True,0
1.3216286955515628,-1.226220515037591,-1.736466636159815,-1.2184705569895626,0.8084361535388619,0,1,0.1995070037267404,0,-0.7200100474591208,0.8768307224866991,False,False,False,False,False,False,0
-0.2454086920769435,0.2949384654513666,0.6927040471843343,-1.2184705569895626,0.8084361535388619,0,1,1.26116960564295,0,-0.7200100474591208,-1.4393577774883068,True,False,True,False,False,True,0
-0.0378540711989956,1.4358077008180852,1.3867528138540912,0.7129898611356603,-0.9166876736979732,0,0,-1.6431604816367933,1,0.7043421730336995,-0.808074155614121,False,False,False,False,False,True,0
0.2631001290740287,1.8160974459403243,1.3867528138540912,-1.2184705569895626,-0.9166876736979732,0,1,1.1861031781998472,0,1.4165182832801098,0.93462429350335,True,False,False,True,False,False,0
0.7093425639616167,-0.5607134610736721,-1.042417869490058,-1.2184705569895626,0.8084361535388619,0,1,0.7058951673027618,0,-0.7200100474591208,0.1166229806522921,True,False,False,True,False,False,0
-1.2105376791594011,0.9604455194152858,0.6927040471843343,0.627752636789698,-0.9166876736979732,1,0,0.1910878563647962,0,1.4165182832801098,1.2369291265135234,False,False,True,True,False,False,0
-0.6605179338328393,0.1998660291708067,0.3456796638494558,0.4805605684449174,0.8084361535388619,1,0,1.7097237923155788,0,-0.0078339372127105,0.2633297378484058,True,True,False,False,False,False,0
-1.127515830808222,-0.2754961522319926,-0.348369102820301,-1.2184705569895626,0.8084361535388619,1,1,0.7090146836889422,0,-1.4321861577055308,-1.123715966551214,True,False,False,True,False,False,0
-0.0897427264184826,0.5801557742930463,1.3867528138540912,1.196627575964151,0.8084361535388619,1,0,0.9577457810762808,0,-0.7200100474591208,0.9123959969584844,False,False,True,True,False,False,0
-0.0170986091112009,-1.416365387598711,1.0397284305192127,0.524833676215445,-0.9166876736979732,1,0,0.0706166610194636,0,-0.0078339372127105,1.094668028626383,True,False,True,False,False,True,0
1.165962729893102,-1.416365387598711,0.6927040471843343,0.3529858048462325,-0.9166876736979732,1,0,-1.2794421185851228,0,-1.4321861577055308,-1.474923051960092,True,False,False,True,False,False,0
0.1074341634155678,3.3372564264292826,0.3456796638494558,-1.2184705569895626,0.8084361535388619,1,0,0.4025459315517025,0,-1.4321861577055308,-0.4213017957334578,True,False,False,False,False,True,0
0.8338753364883853,-1.226220515037591,0.6927040471843343,-1.2184705569895626,0.8084361535388619,1,0,0.9377217267523488,0,-0.0078339372127105,1.7215059911915958,True,False,False,False,False,False,0
-0.4322078508670966,0.2949384654513666,0.3456796638494558,-1.2184705569895626,0.8084361535388619,1,0,1.006189217347771,1,1.4165182832801098,-1.6438581057010713,True,False,True,False,False,False,0
0.5121656741275662,0.1047935928902469,-0.0013447194854226,1.4992770657511276,-0.9166876736979732,1,1,0.9233410378761168,1,0.7043421730336995,1.0368744576097322,True,False,False,True,False,False,0
-0.2765418852086357,0.009721156609687,-1.042417869490058,-1.2184705569895626,0.8084361535388619,1,0,-0.0004909954618212,0,-0.0078339372127105,-0.6880413542718462,True,False,False,False,True,False,0
-1.3350704516861698,0.1047935928902469,-1.042417869490058,0.430139560935232,-0.9166876736979732,1,0,0.4915352568418982,1,-1.4321861577055308,-0.0034098206899826,False,False,False,False,True,False,0
-0.7746729753157106,-0.4656410247931123,-1.042417869490058,-1.2184705569895626,0.8084361535388619,1,1,-0.2851055723587911,0,1.4165182832801098,-1.3237706354550052,False,False,False,False,True,False,0
1.5603165095612028,-0.0853512796708728,-1.3894422528249364,1.064009831010076,-0.9166876736979732,1,1,1.252995436465608,0,0.7043421730336995,0.2811123750842983,True,False,False,False,False,False,0
0.7300980260494114,-0.3705685885125524,-1.3894422528249364,0.705595345755868,-0.9166876736979732,1,0,0.4313547749140997,0,-0.7200100474591208,-1.257085745820408,False,False,True,False,False,True,0
0.6263207156104375,-0.4656410247931123,-1.3894422528249364,-1.2184705569895626,0.8084361535388619,1,1,1.645141179333177,0,-1.4321861577055308,1.597027530540348,True,False,False,False,True,False,0
-0.4114523887793018,-1.416365387598711,-1.3894422528249364,1.7068180758502405,-0.9166876736979732,1,1,1.2415085849949932,0,-0.0078339372127105,0.0366011130907756,True,False,False,False,False,True,0
2.058447599668278,0.1047935928902469,0.3456796638494558,0.2962824052857871,-0.9166876736979732,1,0,-1.1082402704896357,0,1.4165182832801098,-0.6524760798000611,True,True,False,False,False,False,0
0.6989648329177193,-0.6557858973542321,0.6927040471843343,-1.2184705569895626,-0.9166876736979732,0,0,-0.4201840048944338,0,-0.0078339372127105,0.3122319902471103,False,False,True,False,True,False,0
0.2423446669862339,0.009721156609687,-1.3894422528249364,-1.2184705569895626,0.8084361535388619,1,0,0.9162415387903462,0,-1.4321861577055308,0.8190371514700483,True,False,False,False,False,False,0
0.7508534881372062,-0.5607134610736721,-0.348369102820301,0.1912471121225403,-0.9166876736979732,0,1,1.504141716225058,1,-0.0078339372127105,0.6634390756559884,True,True,False,False,False,True,0
-0.6812733959206341,-0.1804237159514327,1.0397284305192127,1.4671438104214152,0.8084361535388619,0,1,0.0736238595154713,0,0.7043421730336995,0.5834172080944718,True,True,False,False,False,False,0
-2.28982170772473,2.291459627343124,0.3456796638494558,1.3590248006850087,-0.9166876736979732,1,1,1.174936936929663,0,-0.7200100474591208,1.4058641802545029,True,False,False,False,False,False,0
-1.9577343143200132,0.1998660291708067,1.0397284305192127,0.7533069736263527,0.8084361535388619,1,0,-0.5268745253557713,0,1.4165182832801098,-0.3723995433347533,False,True,False,False,False,True,0
0.5640543293470531,-0.3705685885125524,1.0397284305192127,1.6320064073018528,-0.9166876736979732,0,1,-1.0127667603757742,0,-1.4321861577055308,-1.4304664588703606,False,False,False,True,False,False,0
-2.2067998593735507,-0.9410032061959116,0.3456796638494558,1.2883609390703834,-0.9166876736979732,1,0,1.3938436355420705,0,-0.7200100474591208,1.476994729198073,False,False,False,True,False,False,0
-1.6671578450908864,3.1471115538681627,0.3456796638494558,0.2430961397836281,-0.9166876736979732,1,1,-1.6238861405364269,0,-0.0078339372127105,-1.4660317333421458,False,False,False,True,False,False,0
-0.8265616305351976,0.3900109017319265,-1.042417869490058,1.0299843969440403,-0.9166876736979732,1,0,-1.286278383482471,1,0.7043421730336995,-0.5902368494744371,True,False,False,False,False,False,0
1.5291833164295108,0.009721156609687,0.6927040471843343,1.4616986330103776,0.8084361535388619,0,1,0.6799255672012231,0,-0.7200100474591208,1.3391792906199056,False,True,False,False,True,False,0
-0.1623868437257644,-0.2754961522319926,0.3456796638494558,0.3288846224972639,-0.9166876736979732,0,0,1.4192389539234245,0,-0.7200100474591208,-0.4835410260590818,True,True,False,False,False,False,0
-0.1935200368574565,-0.9410032061959116,1.7337771971889695,0.8662608218549553,-0.9166876736979732,1,0,1.4643676215012058,0,1.4165182832801098,1.5570165967595897,True,False,False,True,False,False,0
-1.3246927206422725,-1.0360756424764714,-1.3894422528249364,0.2797946085427537,-0.9166876736979732,1,1,-0.8477822117147656,0,1.4165182832801098,0.6100911639483108,True,False,False,False,True,False,0
-1.0029830582814532,2.196387191062564,1.7337771971889695,0.6199535237058363,-0.9166876736979732,0,1,-1.5993439860669545,0,-0.0078339372127105,-1.4037925030165217,False,True,False,True,False,False,0
-0.152009112681867,0.3900109017319265,-0.6953934861551795,1.5385614694205905,-0.9166876736979732,1,1,0.0754350289611765,0,0.7043421730336995,-0.2523667419924785,True,False,True,True,False,False,0
0.8131198744005905,0.009721156609687,-1.3894422528249364,0.6474117302183272,-0.9166876736979732,0,0,0.7867174519504405,0,-1.4321861577055308,-0.6835956949628731,True,False,False,True,False,False,0
1.3216286955515628,-0.1804237159514327,-1.042417869490058,0.837174457822607,-0.9166876736979732,1,1,-1.6316021709512238,1,-0.7200100474591208,-0.2079101489027471,False,True,False,False,False,False,0
-1.6360246519591943,0.1998660291708067,-1.042417869490058,-0.0981070121131069,0.8084361535388619,1,0,1.5299372757568408,1,0.7043421730336995,1.7348429691185152,False,False,True,False,False,True,0
0.2423446669862339,1.0555179556958456,-1.3894422528249364,0.9142718552286494,-0.9166876736979732,0,1,-1.6023769168350144,0,-1.4321861577055308,-0.6213564646372491,False,False,True,False,True,False,0
-0.5152296992182758,-0.1804237159514327,-0.6953934861551795,0.5041980725386487,0.8084361535388619,0,1,0.9161286993000648,0,-0.0078339372127105,-0.5057693226039475,True,False,True,True,False,False,0
1.8405152477464324,-1.606510260159831,0.6927040471843343,1.1852022939836686,-0.9166876736979732,1,0,0.8984847062742275,1,1.4165182832801098,-0.4657583888231892,False,False,False,False,False,True,0
-0.4737187750426862,-1.1311480787570314,-1.042417869490058,0.8673492489195628,0.8084361535388619,1,0,0.8189434714946449,0,1.4165182832801098,1.3702989057827175,True,True,False,True,False,False,0
2.058447599668278,-0.4656410247931123,-1.042417869490058,-1.2184705569895626,0.8084361535388619,0,0,-0.8434664924115794,0,0.7043421730336995,-0.4479757515872966,False,False,False,False,False,False,0
-1.231293141247196,1.2456628282569653,0.6927040471843343,-1.2184705569895626,-0.9166876736979732,0,1,1.6288302223196487,1,1.4165182832801098,-0.0745403696335528,False,False,True,False,False,False,0
-1.2728040654227857,-0.3705685885125524,-0.0013447194854226,-1.2184705569895626,0.8084361535388619,1,0,-0.7635058911442326,0,0.7043421730336995,-1.4349121181793338,False,False,True,False,False,False,0
0.875386260663975,0.3900109017319265,-0.348369102820301,1.601617709385492,-0.9166876736979732,1,1,-0.8271605775324398,0,-0.7200100474591208,-1.5149339857408504,True,False,False,True,False,False,0
-0.4322078508670966,0.1047935928902469,-1.736466636159815,-1.2184705569895626,0.8084361535388619,1,0,-0.6641480250174604,0,1.4165182832801098,0.3700255612637611,True,False,False,True,False,False,0
1.217851385112589,-0.7508583336347919,0.3456796638494558,0.6684607376434046,0.8084361535388619,1,0,0.8213002346545312,0,1.4165182832801098,-0.3279429502450218,False,False,False,False,False,False,0
0.3461219774252078,-0.8459307699153518,-0.6953934861551795,0.2311133551495764,-0.9166876736979732,0,1,-0.6493644869902543,0,0.7043421730336995,-1.154835581714026,True,True,False,False,False,True,0
0.8961417227517697,2.196387191062564,1.7337771971889695,0.1105746208763067,-0.9166876736979732,1,1,-1.0026068595828614,0,-0.0078339372127105,1.725951650500569,True,True,False,True,False,False,0
1.062185419454128,-0.4656410247931123,0.6927040471843343,-1.2184705569895626,0.8084361535388619,1,1,-0.612209694147898,0,-0.0078339372127105,-0.6213564646372491,True,False,False,True,False,False,0
-0.6190070096572498,-1.226220515037591,-0.348369102820301,0.4639973599414501,0.8084361535388619,1,0,0.5628113901584416,0,-1.4321861577055308,1.5214513222878043,False,True,False,True,False,False,0
1.4980501232978185,-0.6557858973542321,-0.0013447194854226,0.4270292661195414,0.8084361535388619,0,1,0.3025557122259258,0,-0.7200100474591208,0.1032860027253727,True,False,True,True,False,False,0
-0.494474237130481,-0.5607134610736721,-0.6953934861551795,1.1617148128613315,-0.9166876736979732,0,0,-1.0083145557106914,0,1.4165182832801098,-1.0259114617538048,True,False,False,False,False,False,0
-0.3388082714720201,-0.5607134610736721,-0.6953934861551795,0.3904564836278059,0.8084361535388619,0,1,-1.1124782713765566,0,0.7043421730336995,-0.3768452026437264,False,True,False,False,True,False,0
0.481032480995874,1.7210250096597648,0.3456796638494558,0.9642352686590988,0.8084361535388619,1,1,-0.4847754850786915,1,-0.7200100474591208,0.3566885833368417,True,False,False,False,False,False,0
1.0414299573663333,-0.1804237159514327,-0.0013447194854226,0.5954312523336378,0.8084361535388619,1,1,0.5570037206763562,0,-1.4321861577055308,-1.5238253043587966,False,True,False,False,False,True,0
1.643338357912382,1.1505903919764056,-0.0013447194854226,-1.2184705569895626,0.8084361535388619,0,1,1.4621050940943745,0,-1.4321861577055308,-0.3546169060988607,False,False,False,False,False,False,0
-0.2246532299891487,-0.2754961522319926,-1.042417869490058,0.5493745203354362,-0.9166876736979732,1,1,-0.894480547887711,0,-0.0078339372127105,1.223592148586604,False,False,False,False,False,True,0
-1.2209154102032984,-1.511437823879271,-0.0013447194854226,0.4598405868535803,-0.9166876736979732,0,1,1.0387697510995009,0,1.4165182832801098,1.3702989057827175,False,False,False,False,False,True,0
0.5640543293470531,0.6752282105736062,-1.042417869490058,0.8254997246260818,0.8084361535388619,1,0,0.8645613999748181,1,-0.7200100474591208,-1.2126291527306767,False,False,True,False,True,False,0
-1.3869591069056568,-0.9410032061959116,1.3867528138540912,0.7983015365826882,0.8084361535388619,1,0,1.040971077426857,1,-0.0078339372127105,-0.0923230068694454,True,True,False,False,False,False,0
2.058447599668278,0.009721156609687,0.3456796638494558,0.914419476551622,-0.9166876736979732,0,1,-1.3850466676191897,0,1.4165182832801098,0.3300146274830028,True,False,True,False,True,False,0
0.4498992878641817,0.6752282105736062,0.6927040471843343,-0.4257256399885689,-0.9166876736979732,1,0,0.5663890453071668,0,-0.0078339372127105,-1.3193249761460322,True,False,False,False,False,False,0
-0.7020288580084288,0.1047935928902469,-0.348369102820301,0.1015034346785431,-0.9166876736979732,0,0,-0.3404167434008821,0,-0.0078339372127105,-0.554671575002652,False,False,False,True,False,False,0
-0.8784502857546845,-0.0853512796708728,-1.3894422528249364,0.7969551724776154,0.8084361535388619,1,1,0.1288435766717565,0,1.4165182832801098,-0.4257474550424309,False,False,False,False,False,False,0
-0.2246532299891487,-1.226220515037591,-0.0013447194854226,-1.2184705569895626,0.8084361535388619,1,0,1.4288555212692962,0,1.4165182832801098,-0.7547262439064433,False,False,False,False,False,False,0
1.09331861258582,0.9604455194152858,-1.042417869490058,-1.2184705569895626,0.8084361535388619,0,0,1.1136445774358394,0,-1.4321861577055308,-1.5193796450498234,False,False,False,False,True,False,0
0.7093425639616167,1.9111698822208845,0.3456796638494558,-1.2184705569895626,0.8084361535388619,1,1,1.050470284748168,1,-0.0078339372127105,-0.3812908619526995,False,False,True,False,False,False,0
-0.919961209930274,-0.8459307699153518,0.6927040471843343,0.2341711339197841,-0.9166876736979732,1,0,0.3796807214331782,0,-0.7200100474591208,-0.0345294358527946,True,False,False,False,False,True,0
0.6263207156104375,-0.1804237159514327,0.6927040471843343,0.2862255825758548,0.8084361535388619,1,0,-0.6916333950362168,0,-1.4321861577055308,-1.3059879982191127,True,True,False,False,True,False,0
1.1140740746736149,-0.0853512796708728,-1.3894422528249364,-1.2184705569895626,0.8084361535388619,1,0,-1.3848987070548917,0,1.4165182832801098,0.8368197887059409,True,False,True,False,False,False,0
0.532921136215361,1.1505903919764056,-0.6953934861551795,-1.2184705569895626,2.533559980775697,1,1,-0.4022706923455675,1,-0.7200100474591208,1.410309839563476,False,False,False,False,False,False,0
1.5084278543417158,-0.7508583336347919,1.0397284305192127,-1.2184705569895626,0.8084361535388619,1,0,0.3040118458639962,0,1.4165182832801098,-1.1592812410229991,False,False,True,False,False,False,0
-0.7435397821840184,1.530880137098645,0.3456796638494558,0.4515675484812166,-0.9166876736979732,0,1,1.3095452339002496,0,1.4165182832801098,-0.776954540451309,True,False,False,True,False,False,0
1.3838950818149471,-0.5607134610736721,-0.0013447194854226,0.9690244758312871,0.8084361535388619,1,1,1.1942286647003346,0,-0.0078339372127105,-1.06147673622559,False,True,False,False,True,False,0
1.352761888683255,-1.1311480787570314,-0.6953934861551795,-1.2184705569895626,0.8084361535388619,1,0,0.7508037196344781,0,-0.0078339372127105,1.1168963251712487,False,False,True,False,False,False,0
-0.5048519681743784,-0.3705685885125524,-1.3894422528249364,0.7574086689104235,-0.9166876736979732,1,0,0.9060298257199236,1,-0.7200100474591208,1.0057548424469205,True,True,False,False,True,False,0
0.8546307985761801,-0.8459307699153518,-0.6953934861551795,-1.2184705569895626,0.8084361535388619,1,0,0.1253398148718287,0,0.7043421730336995,-1.608292831229286,True,False,False,False,False,False,0
0.9687858400590514,1.4358077008180852,1.0397284305192127,-1.2184705569895626,-0.9166876736979732,1,0,1.2775899248126992,1,-1.4321861577055308,-0.7102696508167119,False,False,True,True,False,False,0
-0.6812733959206341,-0.3705685885125524,0.6927040471843343,-1.2184705569895626,0.8084361535388619,1,0,-0.5158729358533779,0,0.7043421730336995,-0.5591172343116252,False,False,False,False,True,False,0
-0.6605179338328393,0.6752282105736062,1.0397284305192127,-1.2184705569895626,-0.9166876736979732,1,0,-0.6693881935807803,0,1.4165182832801098,1.5258969815967776,True,False,True,True,False,False,0
0.4914102120397713,0.3900109017319265,-0.6953934861551795,0.0746414774141544,-0.9166876736979732,1,0,1.7203639129423245,1,-0.0078339372127105,-0.5191063005308669,False,False,False,False,True,False,0
-1.3869591069056568,-1.0360756424764714,1.3867528138540912,0.1448069169263784,-0.9166876736979732,0,0,-1.6974154124578362,0,0.7043421730336995,-1.474923051960092,False,False,False,False,False,True,0
0.8027421433566931,-0.2754961522319926,1.0397284305192127,0.5284372696169042,-0.9166876736979732,0,0,0.3630307243486961,0,-0.0078339372127105,-0.6702587170359536,False,False,False,False,False,False,0
1.0310522263224358,-0.2754961522319926,-0.0013447194854226,-0.0465463423724894,-0.9166876736979732,1,1,-0.1948807502766995,0,-0.0078339372127105,-1.3593359099267903,True,True,False,False,True,False,0
-0.0170986091112009,0.6752282105736062,1.3867528138540912,1.1672270763182753,0.8084361535388619,1,0,1.3295854578275654,0,-0.0078339372127105,1.2147008299686577,False,True,False,True,False,False,0
-1.137893561852119,-0.9410032061959116,1.3867528138540912,-1.2184705569895626,-0.9166876736979732,1,0,-1.6011200344386427,0,-0.0078339372127105,0.6812217128918809,True,False,False,True,False,False,0
-1.7294242313542707,0.1998660291708067,-1.042417869490058,0.386707350332006,0.8084361535388619,1,1,-1.5252390414917358,0,1.4165182832801098,1.0768853913904903,True,False,False,False,True,False,0
0.1800782807228495,-0.3705685885125524,0.6927040471843343,-1.2184705569895626,-0.9166876736979732,1,1,-0.8923371191724714,1,-1.4321861577055308,-1.2081834934217035,False,False,False,False,False,True,0
1.2697400403320758,-1.226220515037591,-0.0013447194854226,-1.2184705569895626,0.8084361535388619,1,1,-0.6209685770476082,0,-0.7200100474591208,1.1346789624071412,False,False,False,True,False,False,0
-0.7642952442718132,-0.0853512796708728,-0.348369102820301,0.5931799471033575,0.8084361535388619,1,0,1.3262778176686818,1,0.7043421730336995,-0.4657583888231892,False,True,False,True,False,False,0
-0.6293847407011471,0.1047935928902469,-1.3894422528249364,0.1644993132131184,-0.9166876736979732,0,1,0.631759796054509,1,0.7043421730336995,-1.1148246479332675,False,False,True,False,False,True,0
-0.1312536505940722,-0.3705685885125524,-0.0013447194854226,0.9674499551261756,0.8084361535388619,1,0,-0.7089981581369504,0,0.7043421730336995,0.0410467723997487,False,False,True,True,False,False,0
0.7923644123127958,0.3900109017319265,0.6927040471843343,-1.2184705569895626,0.8084361535388619,1,0,-1.0502868471612452,0,0.7043421730336995,1.4681034105801267,True,False,False,False,False,False,0
1.4772946612100235,1.7210250096597648,-0.6953934861551795,0.6557191922180653,-0.9166876736979732,1,0,-0.1233472942396375,1,-0.0078339372127105,0.2766667157753252,True,True,False,True,False,False,0
-0.0067208780673035,-0.4656410247931123,-1.042417869490058,0.2282043184716047,0.8084361535388619,0,0,1.6198578311085892,0,-0.0078339372127105,-0.1367795999591768,True,True,False,True,False,False,0
-0.0897427264184826,0.5801557742930463,-0.0013447194854226,-1.2184705569895626,-0.9166876736979732,1,0,0.731669515096772,1,-0.0078339372127105,0.5478519336226867,True,False,False,True,False,False,0
-1.0341162514131454,1.0555179556958456,-0.348369102820301,0.7216700589704097,-0.9166876736979732,1,0,0.2968561878331394,1,-1.4321861577055308,0.2455471006125132,True,True,False,False,False,False,0
-1.4180923000373489,-1.321292951318151,0.6927040471843343,0.0551010254175456,-0.9166876736979732,0,1,-1.0720354853127618,0,-0.7200100474591208,-0.4346387736603772,False,False,False,False,False,False,0
-0.5359851613060705,-0.6557858973542321,-1.3894422528249364,0.0389565042888867,-0.9166876736979732,1,0,-0.6273404439811013,0,0.7043421730336995,0.5434062743137136,False,False,False,False,True,False,0
1.2801177713759733,0.2949384654513666,0.3456796638494558,0.9265252255848526,0.8084361535388619,0,1,1.5197446880237535,0,-1.4321861577055308,-1.4615860740331723,True,False,False,True,False,False,0
0.325366515337413,-0.3705685885125524,0.3456796638494558,1.7840808667775745,0.8084361535388619,1,1,-1.0858832727441357,0,-0.0078339372127105,-0.4257474550424309,False,False,False,False,False,True,0
0.0659232392399782,-0.7508583336347919,-0.0013447194854226,0.3839435333285855,-0.9166876736979732,0,1,-0.8801377619527448,0,-0.0078339372127105,1.6014731898493209,True,False,False,True,False,False,0
-1.1067603687204273,2.006242318501444,0.6927040471843343,0.8466439974385441,-0.9166876736979732,0,1,1.3299571848386933,1,1.4165182832801098,1.3347336313109326,False,True,False,True,False,False,0
-1.4180923000373489,2.5766769361848034,0.3456796638494558,-1.2184705569895626,0.8084361535388619,1,1,1.0472308003368809,0,-0.7200100474591208,-1.44380343679728,False,False,False,False,True,False,0
-0.5671183544377627,0.1047935928902469,1.0397284305192127,0.4145402139982452,-0.9166876736979732,0,1,-0.098359345543537,0,1.4165182832801098,0.3300146274830028,False,False,True,False,False,True,0
0.3357442463813104,-0.1804237159514327,-0.348369102820301,0.9986737862536268,0.8084361535388619,1,1,-0.8356729174472205,0,-0.0078339372127105,-1.057031076916617,True,True,False,False,False,True,0
-0.1727645747696618,2.481604499904244,-0.0013447194854226,0.6600274292663817,-0.9166876736979732,1,0,0.9626750759745414,1,-0.0078339372127105,1.5614622560685627,False,True,False,False,True,False,0
0.5536765983031557,0.1047935928902469,-0.0013447194854226,2.043210565848889,-0.9166876736979732,1,0,1.383064247686179,1,-0.7200100474591208,0.8634937445597797,False,False,True,False,False,False,0
-0.6501402027889419,-0.1804237159514327,0.3456796638494558,0.9990169017581064,-0.9166876736979732,0,1,-1.4160175434340534,0,-1.4321861577055308,0.9835265459020543,False,False,False,False,False,True,0
1.1036963436297176,-0.5607134610736721,-1.736466636159815,0.8492292919093024,0.8084361535388619,1,1,-1.2835711050492298,0,1.4165182832801098,-0.6346934425641685,True,True,False,False,False,False,0
-0.2038977679013539,-0.2754961522319926,0.6927040471843343,-1.2184705569895626,0.8084361535388619,1,1,-0.832902177667365,0,1.4165182832801098,-1.5549449195216083,False,False,False,False,False,False,0
0.5848097914348479,2.671749372465364,-1.3894422528249364,-1.2184705569895626,0.8084361535388619,0,1,-1.6794516785650844,0,-1.4321861577055308,0.2010905075227818,False,False,False,False,False,False,0
0.7819866812688984,2.196387191062564,-0.0013447194854226,-1.2184705569895626,0.8084361535388619,0,1,-1.0741194516155572,0,1.4165182832801098,-0.0345294358527946,True,False,False,True,False,False,0
-0.5048519681743784,-0.8459307699153518,0.3456796638494558,0.8557291131971522,0.8084361535388619,1,1,-1.4109011679633074,0,-0.7200100474591208,-0.239029764065559,True,False,True,False,False,True,0
-0.1831423058135592,1.3407352645375252,-0.6953934861551795,0.6032838421223506,0.8084361535388619,1,1,0.1028205994923804,1,1.4165182832801098,-0.2123558082117202,False,True,False,True,False,False,0
-0.0793649953745852,-1.9868000052820705,1.0397284305192127,-1.2184705569895626,0.8084361535388619,1,0,-0.7173543657523895,0,0.7043421730336995,1.637038464321106,True,False,True,False,False,False,0
-1.5633805346519123,1.7210250096597648,1.7337771971889695,-1.2184705569895626,0.8084361535388619,1,1,-0.91426240589429,0,1.4165182832801098,-1.0348027803717512,True,False,False,False,True,False,0
0.6159429845665401,-0.0853512796708728,-0.348369102820301,0.7564185493212014,-0.9166876736979732,1,0,0.7197479968685242,0,-0.7200100474591208,-0.1545622371950694,True,False,False,True,False,False,0
0.9376526469273592,-1.321292951318151,-0.348369102820301,0.8968394101065068,0.8084361535388619,1,0,0.5129452026558671,0,-1.4321861577055308,-1.661640742936964,False,False,False,False,False,False,0
-0.1935200368574565,2.1013147547820044,-0.6953934861551795,1.2984806849689583,-0.9166876736979732,0,1,-0.8704229599196481,0,-1.4321861577055308,-1.1726182189499186,True,False,False,False,True,False,0
-1.127515830808222,-0.2754961522319926,0.3456796638494558,-1.2184705569895626,0.8084361535388619,1,0,1.3265506145257724,0,0.7043421730336995,1.2769400602942818,True,False,False,True,False,False,0
-1.4907364173446307,0.9604455194152858,0.6927040471843343,0.7420984804433811,0.8084361535388619,1,1,-0.4281152822876108,0,-0.0078339372127105,1.219146489277631,True,False,False,True,False,False,0
0.8442530675322827,-0.0853512796708728,-0.0013447194854226,-1.2184705569895626,0.8084361535388619,1,1,-1.7240583983003002,0,-0.7200100474591208,0.7256783059816123,False,False,True,False,True,False,0
-0.6605179338328393,-0.1804237159514327,0.6927040471843343,-0.0935563686841172,0.8084361535388619,1,0,0.6811457637232502,0,-0.7200100474591208,-1.5504992602126355,False,True,False,False,False,False,0
2.058447599668278,0.3900109017319265,-0.348369102820301,1.3634060478453376,-0.9166876736979732,1,1,0.6892124832781061,0,1.4165182832801098,0.8190371514700483,True,False,False,False,False,True,0
-1.1171380997643243,0.8653730831347259,1.7337771971889695,0.0354241597905978,2.533559980775697,1,1,0.057074183518651,1,1.4165182832801098,-0.90587866041153,True,False,False,False,True,False,0
0.532921136215361,-0.5607134610736721,1.0397284305192127,1.8326900707181075,-0.9166876736979732,1,1,-0.3552818249118202,0,-0.0078339372127105,0.4500474288252776,False,False,False,False,True,False,0
0.3149887842935157,-1.226220515037591,1.0397284305192127,-1.2184705569895626,0.8084361535388619,1,0,1.355154295178567,0,-0.0078339372127105,0.8857220411046454,True,False,False,False,False,True,0
1.8197597856586376,2.006242318501444,-1.042417869490058,-1.2184705569895626,0.8084361535388619,0,1,-0.6922582719669899,0,-0.0078339372127105,0.6367651198021496,False,False,False,False,False,False,0
-2.0718893558028846,2.006242318501444,0.3456796638494558,0.7305550373605626,-0.9166876736979732,1,1,0.7394898655334013,0,-0.0078339372127105,-0.7013783321987657,False,False,False,False,False,True,0
-0.9407166720180687,-1.0360756424764714,-0.6953934861551795,-1.2184705569895626,0.8084361535388619,1,0,1.5814301601331808,0,-1.4321861577055308,-1.470477392651119,False,False,True,False,False,False,0
-0.4529633129548914,-1.511437823879271,1.0397284305192127,1.9471571175621272,0.8084361535388619,1,1,0.2728488473422587,0,1.4165182832801098,1.059102754154598,True,True,False,False,False,False,0
0.481032480995874,-1.1311480787570314,-1.3894422528249364,0.3013039319152785,-0.9166876736979732,1,1,-1.0447891820107034,0,-1.4321861577055308,0.4189278136624657,False,False,False,False,False,False,0
0.9168971848395644,-0.7508583336347919,1.0397284305192127,-1.2184705569895626,0.8084361535388619,0,0,-0.2394806892104962,0,-1.4321861577055308,0.9212873155764304,False,False,True,True,False,False,0
0.4395215568202844,-0.1804237159514327,-1.3894422528249364,0.3132819132524873,0.8084361535388619,1,0,-0.0016645957074302,0,0.7043421730336995,-0.616910805328276,True,True,False,True,False,False,0
0.5017879430836688,-0.6557858973542321,-0.6953934861551795,-1.2184705569895626,-0.9166876736979732,0,0,-0.0815594753610231,0,-0.7200100474591208,0.8145914921610752,False,False,False,False,False,True,0
0.2631001290740287,3.1471115538681627,1.0397284305192127,-1.2184705569895626,0.8084361535388619,1,1,0.9245040322528396,0,-0.7200100474591208,-1.1815095375678648,False,False,False,False,True,False,0
2.058447599668278,2.196387191062564,-0.0013447194854226,-1.2184705569895626,0.8084361535388619,1,1,1.387669628916652,0,1.4165182832801098,-1.257085745820408,True,False,True,True,False,False,0
-0.733162051140121,-0.4656410247931123,-1.3894422528249364,0.4087749769075738,-0.9166876736979732,1,0,0.1738705322282515,1,-0.0078339372127105,-0.6124651460193028,False,True,False,False,True,False,0
0.1489450875911573,-0.0853512796708728,0.3456796638494558,0.8156150200530209,-0.9166876736979732,1,1,-1.602777853452255,0,-0.0078339372127105,1.5925818712313746,False,False,False,False,False,False,0
1.062185419454128,0.009721156609687,0.3456796638494558,1.506359526946024,0.8084361535388619,1,0,-0.1884372502615487,0,-0.7200100474591208,-1.0081288245179123,True,False,True,False,False,False,0
-0.3595637335598148,2.1013147547820044,0.6927040471843343,0.2396571393539866,-0.9166876736979732,1,1,0.0244887814992357,0,-0.7200100474591208,0.1788622109779161,True,False,True,False,False,False,0
0.3772551705569,-0.5607134610736721,-1.042417869490058,-1.2184705569895626,-0.9166876736979732,0,0,-1.2670381202559025,1,-1.4321861577055308,1.2058095113507117,False,False,True,False,False,False,0
-0.6293847407011471,-0.5607134610736721,-0.348369102820301,0.6026733430936144,-0.9166876736979732,1,0,0.4206494542737091,0,-0.7200100474591208,1.512560003669858,False,False,False,False,False,True,0
-0.4010746577354044,-0.3705685885125524,-0.348369102820301,0.7598096768923082,0.8084361535388619,0,1,1.2252753463977295,0,-0.0078339372127105,-0.7502805845974702,True,False,True,False,False,True,0
2.058447599668278,0.4850833380124864,-0.0013447194854226,0.8406278681427772,-0.9166876736979732,0,1,1.2286274964325952,0,-0.7200100474591208,1.5347883002147238,False,True,False,False,True,False,0
1.2697400403320758,0.770300646854166,0.3456796638494558,0.2981364778671573,-0.9166876736979732,0,1,-0.6777381419949093,0,1.4165182832801098,0.0366011130907756,False,False,False,False,False,False,0
0.6159429845665401,1.8160974459403243,1.3867528138540912,0.2430946987945753,0.8084361535388619,1,1,-1.2807619407279995,0,-0.0078339372127105,1.5214513222878043,True,False,False,False,False,False,0
0.4706547499519766,0.2949384654513666,-1.3894422528249364,-1.2184705569895626,-0.9166876736979732,1,0,-1.7242093145985502,1,-0.0078339372127105,-0.016746798616902,False,False,False,False,False,False,0
0.8027421433566931,-1.0360756424764714,-1.736466636159815,-1.2184705569895626,0.8084361535388619,1,1,-1.2043091001947506,1,-0.0078339372127105,-0.7725088811423358,False,False,True,False,True,False,0
-1.2105376791594011,1.3407352645375252,-0.0013447194854226,1.0489505347481294,0.8084361535388619,1,1,-0.4267147859945177,0,-1.4321861577055308,-0.1323339406502037,False,True,False,False,True,False,0
0.3046110532496183,-0.6557858973542321,-0.6953934861551795,-1.2184705569895626,0.8084361535388619,1,1,-0.7085309783058464,0,-1.4321861577055308,-0.3590625654078338,False,False,True,False,False,True,0
1.4357837370344342,0.1047935928902469,1.3867528138540912,-1.2184705569895626,0.8084361535388619,1,1,-0.5185433545455717,0,0.7043421730336995,-0.1145513034143111,False,False,False,False,False,True,0
0.6470761776982322,0.2949384654513666,-1.042417869490058,1.6257230545917245,-0.9166876736979732,0,1,-0.9260964691709018,0,1.4165182832801098,0.8990590190315648,True,True,False,True,False,False,0
0.8650085296200775,-0.7508583336347919,-0.6953934861551795,0.6957769266792396,-0.9166876736979732,0,0,-0.4781961951684562,0,-1.4321861577055308,-0.9814548686640736,True,False,False,True,False,False,0
-2.362465825032012,-0.4656410247931123,0.6927040471843343,-1.2184705569895626,-0.9166876736979732,1,1,-1.463621725129906,0,0.7043421730336995,0.1477425958151041,True,False,True,False,True,False,0
0.6574539087421296,0.1998660291708067,-0.348369102820301,0.290851797875173,-0.9166876736979732,0,1,0.9108847056692776,1,1.4165182832801098,0.996863523828974,True,False,False,True,False,False,0
0.2008337428106443,-0.9410032061959116,-0.6953934861551795,-1.2184705569895626,0.8084361535388619,1,0,1.0016777241369468,0,-1.4321861577055308,-0.2256927861386396,False,False,False,False,False,False,0
-1.6671578450908864,2.7668218087459238,-1.3894422528249364,0.3031997931791819,-0.9166876736979732,0,1,0.2788795878043615,1,1.4165182832801098,1.2902770382212012,False,True,False,False,False,True,0
0.1904560117667469,-0.1804237159514327,-1.736466636159815,1.6433770918082204,-0.9166876736979732,1,1,1.6354298546341417,0,-0.0078339372127105,-1.163726900331972,True,False,True,False,False,False,0
0.4602770189080792,0.3900109017319265,-0.348369102820301,0.6082453275413054,-0.9166876736979732,0,1,1.0337559569835564,0,-0.0078339372127105,-0.5102149819129206,True,True,False,False,False,False,0
-0.7124065890523262,1.7210250096597648,-0.6953934861551795,2.598350157481201,-0.9166876736979732,0,1,0.8264527743995118,1,1.4165182832801098,-0.2434754233745322,False,False,False,True,False,False,0
-0.4737187750426862,0.009721156609687,-0.6953934861551795,-1.2184705569895626,0.8084361535388619,1,0,-0.867087848821682,1,-0.7200100474591208,0.0232641351638562,False,False,False,True,False,False,0
-0.5359851613060705,-0.3705685885125524,-0.348369102820301,1.0830254427716477,0.8084361535388619,1,0,0.0633782424379533,0,0.7043421730336995,0.8457111073238871,True,False,False,True,False,False,0
-1.438847762125144,-0.3705685885125524,1.0397284305192127,-1.2184705569895626,-0.9166876736979732,1,0,-0.4136462691262282,1,0.7043421730336995,-1.470477392651119,True,False,False,True,False,False,0
-1.6360246519591943,2.671749372465364,-0.0013447194854226,-1.2184705569895626,0.8084361535388619,1,1,-0.2528218290691729,0,-0.7200100474591208,-0.8836503638666644,True,False,True,True,False,False,0
0.2631001290740287,1.6259525733792048,-0.0013447194854226,0.7662512181784638,-0.9166876736979732,1,1,-0.6926948512583564,1,-1.4321861577055308,0.8990590190315648,True,False,True,False,False,False,0
-0.5982515475694549,-0.4656410247931123,0.6927040471843343,1.0474935347057746,-0.9166876736979732,0,0,-1.5819807877665484,0,0.7043421730336995,-1.354890250617817,False,False,False,False,False,False,0
1.1763404609369994,0.2949384654513666,-0.348369102820301,0.7558668106238436,0.8084361535388619,1,1,-0.3053612171311902,0,1.4165182832801098,0.8501567666328603,True,False,False,True,False,False,0
0.2734778601179261,0.6752282105736062,-1.3894422528249364,-1.2184705569895626,0.8084361535388619,0,0,-0.3186124679043884,0,0.7043421730336995,1.3391792906199056,False,False,False,False,True,False,0
0.4498992878641817,1.3407352645375252,1.0397284305192127,0.3062865518403421,-0.9166876736979732,0,0,-0.5266507589089416,1,0.7043421730336995,-0.9103243197205032,False,True,False,False,False,True,0
-0.8576948236668898,-0.0853512796708728,0.6927040471843343,-1.2184705569895626,-0.9166876736979732,1,1,0.1397524952214222,0,1.4165182832801098,-0.2523667419924785,True,False,False,False,False,True,0
-1.2105376791594011,0.8653730831347259,-0.0013447194854226,0.9356916771700012,-0.9166876736979732,1,1,-0.7341977026106666,1,0.7043421730336995,-1.1370529444781334,True,True,False,False,False,True,0
0.5536765983031557,-0.3705685885125524,-0.0013447194854226,-1.2184705569895626,-0.9166876736979732,1,0,0.5834935299534296,1,-0.0078339372127105,-0.1901275116668545,False,False,False,False,True,False,0
0.3149887842935157,2.386532063623684,1.3867528138540912,-1.2184705569895626,0.8084361535388619,1,1,0.0501979292796008,0,-0.7200100474591208,0.0321554537818024,False,False,True,False,False,True,0
-1.978489776407808,1.1505903919764056,1.3867528138540912,0.7010844095807798,-0.9166876736979732,0,0,-0.7591649611691038,1,-1.4321861577055308,1.4503207733442345,True,False,False,True,False,False,0
-0.0170986091112009,-1.0360756424764714,-0.0013447194854226,0.7354209371723429,2.533559980775697,0,1,0.8038229797969217,1,0.7043421730336995,-1.6305211277741518,False,True,False,False,False,False,0
0.1697005496789521,-0.2754961522319926,-0.6953934861551795,0.9219829078703904,-0.9166876736979732,1,0,1.573966410304514,1,-0.0078339372127105,0.272221056466352,False,False,True,False,False,False,0
-0.6708956648767367,0.6752282105736062,0.3456796638494558,0.2036301714935024,-0.9166876736979732,0,0,-0.5251982764716355,0,0.7043421730336995,-0.4435300922783235,False,False,False,True,False,False,0
0.2734778601179261,-0.1804237159514327,1.0397284305192127,1.1671814449982674,0.8084361535388619,1,1,-1.3728318362628915,0,1.4165182832801098,-1.5549449195216083,False,True,False,False,False,False,0
1.311250964507665,0.4850833380124864,1.0397284305192127,0.7647088795621997,-0.9166876736979732,1,0,0.7661201591065421,0,-1.4321861577055308,0.9924178645200008,True,False,False,False,False,False,0
-0.0689872643306878,-0.9410032061959116,-1.3894422528249364,0.8650567954463282,0.8084361535388619,0,1,1.66986902344151,0,0.7043421730336995,1.063548413463571,True,False,False,False,False,True,0
-1.2001599481155036,1.3407352645375252,-1.042417869490058,1.0858944519759284,-0.9166876736979732,1,0,-1.7110484745109396,1,-1.4321861577055308,-0.1545622371950694,True,False,True,False,False,False,0
-1.7813128865737575,0.770300646854166,1.0397284305192127,-0.0111085789247377,-0.9166876736979732,1,0,-1.2960615151298671,1,0.7043421730336995,-0.2256927861386396,True,False,True,False,False,True,0
-0.6708956648767367,0.8653730831347259,-1.3894422528249364,-1.2184705569895626,0.8084361535388619,1,1,-1.5912852643804394,0,1.4165182832801098,0.2366557819945669,True,False,True,False,False,False,0
-1.0963826376765298,-0.9410032061959116,-0.0013447194854226,-1.2184705569895626,-0.9166876736979732,1,1,-0.097492967762223,0,0.7043421730336995,1.6859407167198106,True,False,False,True,False,False,0
2.058447599668278,0.2949384654513666,1.0397284305192127,0.7002814584585372,-0.9166876736979732,0,1,-0.8591670034306881,1,-0.7200100474591208,-1.350444591308844,True,True,False,True,False,False,0
0.1074341634155678,-1.226220515037591,-1.736466636159815,-1.2184705569895626,0.8084361535388619,0,1,-0.4781565535601598,0,-1.4321861577055308,-0.3101603130091293,True,False,False,False,False,True,0
-0.733162051140121,-0.0853512796708728,-0.6953934861551795,0.9455275482251584,-0.9166876736979732,1,1,-1.1738066212779124,0,-0.0078339372127105,0.0677207282535876,False,True,False,False,False,True,0
0.6263207156104375,0.009721156609687,-0.0013447194854226,1.3928825996912264,0.8084361535388619,1,1,-1.3340595614820316,0,-0.7200100474591208,1.2724944009853083,False,False,True,True,False,False,0
-0.3699414646037122,0.5801557742930463,0.3456796638494558,0.8365814107724001,2.533559980775697,1,1,0.7575250586411079,1,1.4165182832801098,-0.1012143254873917,False,True,False,False,False,False,0
0.4498992878641817,-0.7508583336347919,1.0397284305192127,-1.2184705569895626,0.8084361535388619,0,1,0.5426922307479394,0,1.4165182832801098,1.4858860478160194,False,False,True,False,False,False,0
-0.0586095332867904,0.009721156609687,-1.736466636159815,1.254264416211072,-0.9166876736979732,1,0,1.235979623837902,0,0.7043421730336995,-0.8214111335410405,True,True,False,True,False,False,0
-0.6086292786133524,0.1047935928902469,-1.042417869490058,-1.2184705569895626,-0.9166876736979732,1,1,-1.6558428405576018,0,-0.7200100474591208,0.3166776495560834,False,False,True,False,False,True,0
-1.075627175588735,-0.9410032061959116,-0.0013447194854226,0.1175341176720246,-0.9166876736979732,0,1,1.3315772747777432,0,-0.0078339372127105,1.6014731898493209,True,False,False,True,False,False,0
1.456539199122229,-0.9410032061959116,-0.348369102820301,0.5043405703449888,-0.9166876736979732,1,0,-1.4171720183423264,1,-1.4321861577055308,-0.430193114351404,False,True,False,False,False,False,0
0.771608950225001,0.2949384654513666,-1.042417869490058,0.5342811206659046,-0.9166876736979732,0,1,1.2993017032231682,0,1.4165182832801098,1.2991683568391474,False,False,False,True,False,False,0
0.5951875224787453,-0.3705685885125524,-1.3894422528249364,0.5719946861578356,0.8084361535388619,1,0,-1.5257952410748028,0,-0.0078339372127105,0.4856127032970628,False,False,True,False,False,False,0
-1.1794044860277089,0.2949384654513666,1.3867528138540912,-1.2184705569895626,-0.9166876736979732,0,0,0.9114904572627148,0,0.7043421730336995,0.1521882551240772,False,False,True,False,False,True,0
-1.023738520369248,0.6752282105736062,-0.6953934861551795,0.0990913791139197,-0.9166876736979732,1,0,0.2107038455366625,1,-1.4321861577055308,1.2147008299686577,True,True,False,False,False,False,0
-0.1831423058135592,-0.2754961522319926,-1.042417869490058,0.1584135361131292,-0.9166876736979732,1,0,-1.469931869383815,0,0.7043421730336995,-0.2434754233745322,True,False,True,False,False,True,0
1.1555849988492046,-0.3705685885125524,1.3867528138540912,-1.2184705569895626,-0.9166876736979732,1,1,-1.20069528077179,0,-0.0078339372127105,-0.7191609694346582,True,False,False,False,False,True,0
1.4150282749466394,-0.4656410247931123,0.3456796638494558,1.2869069811160292,-0.9166876736979732,0,1,1.4042426030516817,0,-0.0078339372127105,0.6812217128918809,True,False,True,False,False,False,0
-1.075627175588735,0.9604455194152858,1.3867528138540912,0.5177273586462283,-0.9166876736979732,0,0,0.4623390384650983,1,-1.4321861577055308,-0.8480850893948793,True,True,False,True,False,False,0
-0.3180528093842253,1.530880137098645,0.6927040471843343,0.879509595426908,-0.9166876736979732,0,1,-0.4302453232667156,1,0.7043421730336995,-0.8658677266307718,False,True,False,False,False,True,0
1.487672392253921,-0.1804237159514327,-1.042417869490058,1.0113099793682112,0.8084361535388619,1,1,1.7093644098403682,0,-1.4321861577055308,-0.4568670702052429,True,True,False,False,True,False,0
-0.3180528093842253,1.0555179556958456,-0.6953934861551795,1.392694310454984,-0.9166876736979732,0,1,0.5323289059124543,0,1.4165182832801098,0.4589387474432239,True,False,True,False,True,False,0
-0.9614721341058636,2.671749372465364,1.3867528138540912,0.7976228307387826,-0.9166876736979732,1,0,1.3123399672851268,1,-1.4321861577055308,0.7256783059816123,True,False,True,False,False,True,0
-0.4322078508670966,-1.226220515037591,1.0397284305192127,-1.2184705569895626,0.8084361535388619,1,0,1.1405619249357206,0,-0.7200100474591208,1.69927769464673,True,False,False,False,False,True,0
-0.3491860025159174,0.8653730831347259,0.6927040471843343,-1.2184705569895626,-0.9166876736979732,1,0,-1.5041116290702283,1,-0.0078339372127105,0.7567979211444243,True,False,False,False,True,False,0
0.1800782807228495,-1.511437823879271,-1.3894422528249364,-1.2184705569895626,0.8084361535388619,0,0,-0.5971010253859825,0,-1.4321861577055308,-1.5860645346844204,True,False,False,True,False,False,0
0.1178118944594652,-1.226220515037591,-0.0013447194854226,1.04647811775318,-0.9166876736979732,1,0,-1.7385121111918145,0,1.4165182832801098,1.4814403885070462,True,False,False,False,False,True,0
-0.0378540711989956,-0.6557858973542321,-1.736466636159815,-1.2184705569895626,-0.9166876736979732,0,1,0.2936959866384446,0,0.7043421730336995,0.2988950123201909,True,False,False,False,False,True,0
0.771608950225001,-0.7508583336347919,1.3867528138540912,0.6183429782744028,0.8084361535388619,1,1,-0.0391672958225957,0,1.4165182832801098,0.907950337649511,False,False,False,False,False,True,0
-0.2454086920769435,-1.0360756424764714,-0.348369102820301,-1.2184705569895626,0.8084361535388619,1,1,1.326942336207751,0,-0.0078339372127105,1.7348429691185152,True,False,True,False,False,False,0
-1.3350704516861698,0.009721156609687,-0.6953934861551795,-1.2184705569895626,0.8084361535388619,1,0,-1.6292137640513824,0,-1.4321861577055308,1.3347336313109326,True,False,False,False,True,False,0
0.6885871018738219,-1.321292951318151,0.6927040471843343,-1.2184705569895626,0.8084361535388619,1,0,-1.2179565931842071,0,-0.7200100474591208,-1.6438581057010713,False,False,False,False,True,False,0
-0.0689872643306878,0.9604455194152858,-0.348369102820301,1.3454313105096287,-0.9166876736979732,0,1,-0.2093236834326244,0,0.7043421730336995,0.5033953405329553,True,True,False,True,False,False,0
-0.5359851613060705,-0.7508583336347919,1.0397284305192127,-1.2184705569895626,0.8084361535388619,1,1,0.3672798527046129,0,-0.7200100474591208,1.4369837954173148,True,False,False,True,False,False,0
-1.1690267549838116,-0.0853512796708728,1.0397284305192127,0.4696599665895775,-0.9166876736979732,0,0,-0.3452271134742545,1,-0.7200100474591208,0.0899490247984533,False,True,False,False,True,False,0
-1.4492254931690411,-0.8459307699153518,0.3456796638494558,-1.2184705569895626,0.8084361535388619,1,0,-0.2017545703819072,0,-0.7200100474591208,-0.6035738274013566,False,False,False,True,False,False,0
0.8961417227517697,0.1047935928902469,0.3456796638494558,0.6218433007937388,0.8084361535388619,1,1,1.6424192960968795,1,-1.4321861577055308,-0.6035738274013566,False,True,False,False,False,True,0
0.7508534881372062,-0.8459307699153518,1.7337771971889695,-1.2184705569895626,0.8084361535388619,1,1,-0.8026684966734469,0,-1.4321861577055308,-1.2970966796011665,True,False,False,False,False,False,0
-0.7020288580084288,0.1998660291708067,-0.6953934861551795,0.2000219349050951,-0.9166876736979732,1,0,1.3660115753174262,0,-0.0078339372127105,0.9568525900482155,False,True,False,False,False,True,0
-0.733162051140121,-1.1311480787570314,-0.0013447194854226,0.4187829660996032,0.8084361535388619,1,0,1.6386990702516506,0,-0.7200100474591208,-0.1901275116668545,False,False,False,False,True,False,0
-0.5567406233938653,0.8653730831347259,0.3456796638494558,0.7137761608288477,-0.9166876736979732,1,0,-1.2135160375882288,1,-0.7200100474591208,0.303340671629164,True,False,False,True,False,False,0
-1.9369788522322189,1.3407352645375252,-1.3894422528249364,0.6618307470111117,-0.9166876736979732,0,0,-0.4439249815962369,1,-0.7200100474591208,1.5436796188326702,True,True,False,False,False,True,0
0.7404757570933088,0.5801557742930463,-0.348369102820301,-1.2184705569895626,0.8084361535388619,1,0,-1.0991313939166791,0,1.4165182832801098,0.8546024259418334,False,False,True,False,True,False,0
2.058447599668278,-0.7508583336347919,-0.6953934861551795,-1.2184705569895626,0.8084361535388619,1,0,0.3726933663708768,0,-1.4321861577055308,0.7567979211444243,True,False,False,False,False,True,0
0.875386260663975,0.2949384654513666,0.6927040471843343,0.6593019713332049,2.533559980775697,0,0,-1.0172980743907465,1,1.4165182832801098,0.8057001735431288,False,False,False,True,False,False,0
-0.733162051140121,1.530880137098645,0.3456796638494558,-1.2184705569895626,-0.9166876736979732,1,1,-1.3559718082011212,0,-1.4321861577055308,1.3614075871647713,False,False,False,False,False,True,0
-1.1794044860277089,0.3900109017319265,-0.0013447194854226,-1.2184705569895626,0.8084361535388619,1,0,0.4607891906740822,0,0.7043421730336995,-0.0878773475604723,True,False,True,False,False,False,0
0.9999190331907436,0.1047935928902469,-0.348369102820301,-1.2184705569895626,0.8084361535388619,1,0,0.5552812232492081,0,-0.0078339372127105,0.7256783059816123,False,False,True,False,False,False,0
0.1178118944594652,-1.416365387598711,0.6927040471843343,-1.2184705569895626,0.8084361535388619,1,1,1.1454256720869307,0,0.7043421730336995,1.4947773664339656,True,False,False,False,True,False,0
-0.2454086920769435,-0.4656410247931123,-0.348369102820301,1.3231368082131798,0.8084361535388619,1,1,0.4479023645104832,0,-0.0078339372127105,1.6726037387928911,True,False,False,False,True,False,0
-1.4077145689934516,-1.1311480787570314,1.3867528138540912,-1.2184705569895626,-0.9166876736979732,1,0,0.7345755231716031,1,-0.7200100474591208,-0.7191609694346582,True,False,False,True,False,False,0
2.058447599668278,-0.0853512796708728,-1.042417869490058,0.4265169144562957,0.8084361535388619,0,1,-1.3293229108907538,0,0.7043421730336995,-1.5238253043587966,False,True,False,False,False,True,0
0.1593228186350548,-0.2754961522319926,1.0397284305192127,1.0191188591556537,-0.9166876736979732,1,0,-0.3574721976368841,0,-1.4321861577055308,0.6234281418752301,True,False,False,True,False,False,0
1.1244518057175124,-0.5607134610736721,-1.3894422528249364,0.6726559371060177,0.8084361535388619,0,1,0.977633697771722,0,-0.7200100474591208,-1.150389922405053,False,False,True,False,False,True,0
0.3461219774252078,0.3900109017319265,-1.3894422528249364,0.9056621057475964,-0.9166876736979732,1,1,-1.0180644788178046,0,-0.0078339372127105,1.4947773664339656,False,False,False,False,True,False,0
-1.7294242313542707,-0.4656410247931123,-0.6953934861551795,0.9215301170879971,-0.9166876736979732,1,0,-0.5254505570577656,0,-0.7200100474591208,-0.6702587170359536,True,True,False,False,False,True,0
0.6159429845665401,-0.3705685885125524,-1.042417869490058,0.9207217222293326,-0.9166876736979732,1,1,0.3504288657114016,0,-0.7200100474591208,-1.1326072851691602,False,True,False,False,False,False,0
1.37351735077105,0.1047935928902469,1.0397284305192127,-1.2184705569895626,0.8084361535388619,1,0,0.1470914087572972,0,-0.7200100474591208,0.2900036937022446,False,False,True,False,True,False,0
-0.9303389409741716,0.1998660291708067,-0.0013447194854226,1.430468237377241,0.8084361535388619,1,0,-0.254610048110075,0,0.7043421730336995,0.7078956687457197,True,False,True,True,False,False,0
1.539561047473408,0.1047935928902469,-0.0013447194854226,0.3468343826893899,-0.9166876736979732,1,0,-0.0311419565430671,1,-0.0078339372127105,1.254711763749416,False,False,False,False,True,False,0
-0.0897427264184826,-0.2754961522319926,0.6927040471843343,1.3603336990747066,0.8084361535388619,0,1,-0.2805594796740595,0,-1.4321861577055308,-1.661640742936964,True,False,False,False,False,True,0
-0.5463628923499679,-0.5607134610736721,-1.042417869490058,-0.3867004542387293,0.8084361535388619,1,0,-0.267500351607735,0,-0.0078339372127105,-0.2923776757732367,True,True,False,False,False,False,0
0.0140345840204912,-0.7508583336347919,0.6927040471843343,0.4238573289943667,-0.9166876736979732,1,1,-1.55415533447662,0,1.4165182832801098,-1.4393577774883068,False,False,False,True,False,False,0
1.010296764234641,0.770300646854166,1.3867528138540912,0.5431023753179415,-0.9166876736979732,0,1,0.6124280789421348,1,-0.0078339372127105,0.1210686399612653,True,True,False,True,False,False,0
-0.2246532299891487,-1.0360756424764714,-1.3894422528249364,-1.2184705569895626,0.8084361535388619,1,1,0.570917229721484,0,-0.0078339372127105,0.6011998453303644,False,False,False,True,False,False,0
0.3149887842935157,0.1047935928902469,-0.348369102820301,-1.2184705569895626,0.8084361535388619,1,1,0.7009370105317944,0,1.4165182832801098,0.9435156121212962,True,False,False,False,False,True,0
0.6470761776982322,-0.7508583336347919,-0.348369102820301,0.7856131476424103,-0.9166876736979732,1,1,0.1078947253542844,0,-0.0078339372127105,0.2766667157753252,False,False,False,False,True,False,0
-0.3595637335598148,-0.1804237159514327,1.3867528138540912,0.4099719584808315,-0.9166876736979732,1,0,0.4074564488460334,0,1.4165182832801098,-0.808074155614121,False,False,True,True,False,False,0
0.7612312191811036,-1.8917275690015103,-1.736466636159815,-0.0034253854046855,-0.9166876736979732,0,0,-0.9530944908210004,0,-0.7200100474591208,-0.8925416824846106,True,True,False,False,True,False,0
0.1281896255033626,0.4850833380124864,0.6927040471843343,0.0228079804128587,2.533559980775697,0,0,-0.7492390849585006,1,1.4165182832801098,-1.190400856185811,True,False,True,False,False,False,0
-0.0067208780673035,-0.3705685885125524,-1.042417869490058,0.1730733581876392,-0.9166876736979732,1,0,1.2807534294747511,0,1.4165182832801098,1.0768853913904903,True,False,False,False,True,False,0
0.1178118944594652,-0.3705685885125524,1.3867528138540912,-1.2184705569895626,0.8084361535388619,1,1,1.654324123121634,0,-0.7200100474591208,-0.1678992151219888,True,False,False,False,False,False,0
-0.836939361579095,0.4850833380124864,1.3867528138540912,-1.2184705569895626,0.8084361535388619,0,0,-1.0779377382813082,0,0.7043421730336995,-0.7058239915077388,True,False,False,False,True,False,0
-1.2935595275105802,-0.7508583336347919,-1.3894422528249364,0.578014497981182,-0.9166876736979732,1,0,1.422833300275643,0,-0.0078339372127105,1.31695099407504,False,False,False,True,False,False,0
-1.521869610476323,-0.5607134610736721,-0.6953934861551795,0.4868082166485135,2.533559980775697,1,0,-0.9560149298321846,1,1.4165182832801098,0.3389059461009491,False,True,False,True,False,False,0
0.1593228186350548,0.3900109017319265,-1.3894422528249364,0.4309567618381086,-0.9166876736979732,1,0,-1.181752851207552,1,0.7043421730336995,0.7879175363072363,True,True,False,False,False,False,0
-1.438847762125144,-0.4656410247931123,0.6927040471843343,-0.2495634473950388,-0.9166876736979732,0,0,0.4197107479439248,0,-1.4321861577055308,-0.6880413542718462,True,True,False,True,False,False,0
-0.2454086920769435,-0.8459307699153518,1.0397284305192127,0.2094229474860732,-0.9166876736979732,1,1,-1.517932641029332,0,-0.0078339372127105,-1.6838690394818296,True,False,False,True,False,False,0
0.2527223980301313,0.9604455194152858,-1.3894422528249364,-1.2184705569895626,-0.9166876736979732,1,0,-0.3666671382278518,1,-0.0078339372127105,1.0813310506994636,False,False,False,False,True,False,0
0.2112114738545417,-1.0360756424764714,-0.348369102820301,1.4596713215228727,-0.9166876736979732,1,1,1.2003411225128724,0,-0.0078339372127105,0.4055908357355463,True,False,False,False,False,False,0
-1.4077145689934516,-0.3705685885125524,-0.0013447194854226,0.8414007186048041,-0.9166876736979732,1,0,0.4716476878798626,0,1.4165182832801098,-0.0523120730886871,True,False,False,False,False,False,0
0.2112114738545417,-0.4656410247931123,1.0397284305192127,-1.2184705569895626,0.8084361535388619,1,1,-1.4637149176827424,0,1.4165182832801098,1.4058641802545029,False,False,False,False,False,True,0
0.5951875224787453,-0.7508583336347919,0.3456796638494558,-1.2184705569895626,0.8084361535388619,1,1,-0.5115410469468079,0,0.7043421730336995,-1.2926510202921933,True,False,False,False,True,False,0
-0.6397624717450445,0.009721156609687,1.3867528138540912,-1.2184705569895626,0.8084361535388619,1,1,0.0747492986843347,0,1.4165182832801098,-0.5902368494744371,True,False,False,False,True,False,0
1.2593623092881785,-1.321292951318151,-1.042417869490058,0.9574762294516254,-0.9166876736979732,1,0,-0.4655265285169705,0,0.7043421730336995,0.8145914921610752,True,False,False,False,True,False,0
-1.885090197012732,-0.4656410247931123,1.3867528138540912,-1.2184705569895626,0.8084361535388619,0,1,-0.1985143905038081,0,0.7043421730336995,-0.1723448744309619,True,False,True,False,False,False,0
0.4706547499519766,-0.0853512796708728,0.3456796638494558,0.9044483126353884,-0.9166876736979732,1,1,-1.6177164805785844,1,-0.0078339372127105,-1.2659770644383543,False,True,False,False,False,False,0
-0.2246532299891487,0.1047935928902469,1.0397284305192127,-1.2184705569895626,0.8084361535388619,1,1,-1.0073050856327646,0,-0.0078339372127105,1.570353574686509,True,False,False,False,False,False,0
-2.7983305288757023,-0.2754961522319926,-1.736466636159815,-1.2184705569895626,-0.9166876736979732,1,1,1.3754497554259653,1,0.7043421730336995,0.2322101226855938,True,False,True,True,False,False,0
-0.494474237130481,0.3900109017319265,-1.042417869490058,1.104431335152155,-0.9166876736979732,1,1,-1.3309438701633185,0,-0.7200100474591208,1.0902223693174098,True,False,True,False,False,False,0
0.0763009702838756,-0.1804237159514327,-1.3894422528249364,1.2008808953185637,-0.9166876736979732,1,1,0.7042171797515958,0,1.4165182832801098,0.7745805583803169,False,False,False,False,False,True,0
-2.217177590417448,-0.2754961522319926,-0.348369102820301,-1.2184705569895626,0.8084361535388619,1,0,-0.6261077290564543,0,-0.0078339372127105,0.2366557819945669,False,False,False,False,False,True,0
1.217851385112589,-1.226220515037591,0.6927040471843343,-1.2184705569895626,0.8084361535388619,1,0,1.3285544282784605,0,-1.4321861577055308,0.2677753971573789,False,False,False,True,False,False,0
0.5640543293470531,-1.416365387598711,-1.042417869490058,1.0403369426296023,-0.9166876736979732,1,1,-1.3218810682666713,0,-0.0078339372127105,-0.1945731709758276,True,False,True,True,False,False,0
-0.9822275961936584,0.009721156609687,0.6927040471843343,-0.4247620986418776,-0.9166876736979732,1,0,0.2583085488326241,1,-0.7200100474591208,0.1788622109779161,False,False,False,False,False,True,0
0.7093425639616167,-0.5607134610736721,1.3867528138540912,-1.2184705569895626,0.8084361535388619,1,1,0.7393714623086222,0,0.7043421730336995,-1.381564206471656,True,False,False,False,True,False,0
-0.9407166720180687,-0.1804237159514327,-0.348369102820301,0.4061691883702856,-0.9166876736979732,0,1,-0.2015662727425006,0,-1.4321861577055308,-0.7725088811423358,True,False,True,False,False,True,0
0.034790046108286,2.006242318501444,-0.6953934861551795,-1.2184705569895626,0.8084361535388619,1,1,-0.2338479296316822,0,-1.4321861577055308,1.512560003669858,False,False,False,False,True,False,0
0.3149887842935157,1.530880137098645,1.3867528138540912,-1.2184705569895626,-0.9166876736979732,1,0,0.9201983972184304,1,1.4165182832801098,-1.3904555250896025,True,False,False,False,False,False,0
-0.6293847407011471,1.8160974459403243,-0.0013447194854226,0.8384402866506132,-0.9166876736979732,0,1,0.6402338852946179,0,-0.7200100474591208,-0.4079648178065383,True,False,True,True,False,False,0
0.325366515337413,-0.5607134610736721,1.0397284305192127,-1.2184705569895626,-0.9166876736979732,0,0,-0.4671250589848415,0,0.7043421730336995,-0.1367795999591768,True,False,False,False,True,False,0
0.2734778601179261,4.192908352954321,0.3456796638494558,0.7565911477877573,-0.9166876736979732,0,1,-0.1303457767709341,0,0.7043421730336995,0.650102097729069,True,True,False,False,False,False,0
0.7819866812688984,-0.3705685885125524,-0.0013447194854226,0.9648593770288896,-0.9166876736979732,0,0,0.7358633538411177,0,-1.4321861577055308,-0.2568124013014516,True,False,False,False,True,False,0
1.61220516478069,2.006242318501444,-1.3894422528249364,-0.0504916102893755,0.8084361535388619,1,1,-1.4444138011101053,0,-1.4321861577055308,-1.030357121062778,False,True,False,False,True,False,0
1.8924039029659196,-1.511437823879271,-0.348369102820301,0.8830488246506718,-0.9166876736979732,1,0,-1.3949671539619983,0,0.7043421730336995,0.303340671629164,True,False,False,False,False,True,0
-0.442585581910994,0.009721156609687,1.0397284305192127,1.0498900596106064,-0.9166876736979732,0,1,1.3080506757208046,0,0.7043421730336995,-0.7413892659795239,False,False,False,False,False,True,0
0.2527223980301313,-1.226220515037591,-1.3894422528249364,0.516298698055247,-0.9166876736979732,0,0,-0.6989363181645596,1,0.7043421730336995,-1.6127384905382594,False,True,False,False,False,True,0
-1.4077145689934516,-0.5607134610736721,-0.6953934861551795,-1.2184705569895626,0.8084361535388619,1,1,-0.7258187184571276,0,-0.7200100474591208,0.3789168798817074,False,False,True,False,True,False,0
1.8612707098342272,-0.8459307699153518,-1.042417869490058,-1.2184705569895626,0.8084361535388619,0,1,-1.6865228373782573,0,-1.4321861577055308,1.0413201169187054,True,False,False,False,False,False,0
0.9999190331907436,-0.6557858973542321,-0.0013447194854226,1.2590360112948364,0.8084361535388619,1,1,1.2554365249764745,0,-0.7200100474591208,-0.5368889377667595,True,False,False,False,True,False,0
-0.7435397821840184,-1.416365387598711,-1.3894422528249364,0.9239884444122076,-0.9166876736979732,1,0,-1.4473592769265295,1,-0.7200100474591208,-0.4746497074411355,True,True,False,False,False,False,0
0.8650085296200775,-1.0360756424764714,-0.0013447194854226,1.350559150109243,0.8084361535388619,0,1,0.252557559895734,0,-0.7200100474591208,-0.1456709185771231,True,True,False,False,True,False,0
-1.252048603334991,-0.7508583336347919,0.6927040471843343,0.6556609122163711,-0.9166876736979732,1,0,0.3142953658827797,1,-1.4321861577055308,-0.554671575002652,False,True,False,False,False,True,0
-0.8680725547107871,-1.226220515037591,1.7337771971889695,0.5398428580803307,0.8084361535388619,1,0,0.939925139480142,0,-0.7200100474591208,1.1480159403340606,False,True,False,False,False,True,0
0.2631001290740287,0.4850833380124864,-0.348369102820301,1.1634941141218462,0.8084361535388619,1,1,1.5756925589324258,0,-0.7200100474591208,-1.4660317333421458,False,True,False,False,True,False,0
-0.733162051140121,0.3900109017319265,1.3867528138540912,0.0307486306436919,-0.9166876736979732,0,1,-1.213039816688566,0,0.7043421730336995,1.3658532464737445,True,False,True,False,True,False,0
0.8131198744005905,-0.9410032061959116,-1.042417869490058,-1.2184705569895626,0.8084361535388619,1,0,-1.4997254937523057,0,0.7043421730336995,-0.3723995433347533,True,False,True,True,False,False,0
-0.8265616305351976,-0.8459307699153518,0.3456796638494558,-1.2184705569895626,-0.9166876736979732,0,1,1.296940941129112,0,-0.0078339372127105,-0.616910805328276,False,False,False,False,False,True,0
0.13856735654726,1.2456628282569653,-0.6953934861551795,-1.2184705569895626,-0.9166876736979732,1,0,0.2730701796552454,1,-1.4321861577055308,-1.3326619540729516,True,False,False,True,False,False,0
-0.0067208780673035,-1.416365387598711,0.6927040471843343,-0.574433308597188,-0.9166876736979732,1,1,1.354596183061766,0,0.7043421730336995,1.0457657762276784,False,True,False,False,True,False,0
-2.310577169812525,-1.1311480787570314,0.3456796638494558,0.6597376303568586,0.8084361535388619,1,1,-1.3285293832580187,0,0.7043421730336995,1.6814950574108374,False,False,False,False,False,False,0
0.2838555911618235,0.009721156609687,-1.736466636159815,0.1719815688152417,-0.9166876736979732,0,1,1.032755875707594,0,1.4165182832801098,1.748179947045435,True,False,False,False,True,False,0
-1.4596032242129386,-0.7508583336347919,-0.0013447194854226,0.9816201611424964,-0.9166876736979732,0,1,1.067953451073681,0,-0.0078339372127105,0.1655252330509967,False,False,False,False,True,False,0
-0.0378540711989956,-1.0360756424764714,1.3867528138540912,0.4191752353417757,-0.9166876736979732,1,1,0.9990349502505383,0,-1.4321861577055308,-0.5991281680923835,False,False,True,False,False,False,0
1.010296764234641,-1.606510260159831,-0.348369102820301,0.2987653895337912,0.8084361535388619,1,1,-1.011725994291298,0,-0.0078339372127105,-0.9547809128102346,True,True,False,False,False,True,0
0.3357442463813104,1.6259525733792048,1.0397284305192127,0.0417089534897791,-0.9166876736979732,1,1,-0.0179592092508716,0,0.7043421730336995,1.31695099407504,True,False,True,False,False,True,0
-2.33133263190032,-0.9410032061959116,-1.3894422528249364,1.0442914969203845,-0.9166876736979732,1,1,-0.1146127526783546,0,1.4165182832801098,-0.078986028942526,True,False,False,True,False,False,0
-0.2246532299891487,-0.7508583336347919,-1.3894422528249364,-1.2184705569895626,0.8084361535388619,1,1,1.206138359992775,0,0.7043421730336995,-0.9103243197205032,False,False,True,False,True,False,0
-0.8784502857546845,-0.1804237159514327,0.6927040471843343,-1.2184705569895626,0.8084361535388619,1,1,-1.247326504397357,0,0.7043421730336995,-0.0256381172348483,False,False,False,False,True,False,0
-1.8643347349249368,-1.0360756424764714,-0.348369102820301,-1.2184705569895626,0.8084361535388619,1,0,-1.714838942504202,0,-0.0078339372127105,0.1166229806522921,False,False,True,False,False,False,0
-0.2765418852086357,-0.3705685885125524,-0.0013447194854226,0.1608355184912281,0.8084361535388619,1,0,1.0955255805772606,1,-0.7200100474591208,-1.6305211277741518,False,True,False,True,False,False,0
-0.3388082714720201,-1.1311480787570314,-1.3894422528249364,1.254970821066772,-0.9166876736979732,1,0,0.9730180584057692,0,-0.7200100474591208,-0.7814001997602822,True,False,False,False,False,True,0
-2.3001994387686278,-0.0853512796708728,1.3867528138540912,-1.2184705569895626,0.8084361535388619,1,1,-1.536642958544994,0,1.4165182832801098,-0.1501165778860962,True,False,False,False,False,True,0
-2.2690662456369357,-1.1311480787570314,-1.042417869490058,-1.2184705569895626,0.8084361535388619,1,1,0.9261420304623036,0,-0.7200100474591208,-0.8525307487038524,True,False,True,False,False,False,0
0.5536765983031557,-1.321292951318151,-0.6953934861551795,0.602559665068332,-0.9166876736979732,0,1,1.6766543453948632,0,-0.7200100474591208,0.1699708923599698,True,False,False,False,True,False,0
-1.6464023830030916,0.6752282105736062,-0.348369102820301,-1.2184705569895626,0.8084361535388619,1,0,-1.7129978679855715,0,-1.4321861577055308,-0.4835410260590818,False,False,False,False,False,True,0
-0.152009112681867,0.4850833380124864,-1.042417869490058,-1.2184705569895626,0.8084361535388619,1,0,0.8560215891209546,0,-0.7200100474591208,-1.150389922405053,False,False,False,True,False,False,0
-0.3699414646037122,0.1998660291708067,-1.3894422528249364,0.4396366394530686,-0.9166876736979732,1,0,-1.7420546452665229,1,-0.0078339372127105,-1.4126838216344682,False,True,False,False,True,False,0
0.5225434051714636,0.5801557742930463,1.3867528138540912,-0.0178131807679909,-0.9166876736979732,1,1,1.2272103089360085,0,-0.0078339372127105,0.907950337649511,True,False,False,False,False,True,0
0.532921136215361,-1.226220515037591,-1.3894422528249364,0.3398981018284127,-0.9166876736979732,1,0,-0.6383307321477962,0,1.4165182832801098,-0.808074155614121,False,True,False,False,False,False,0
1.4669169301661262,-0.6557858973542321,-1.042417869490058,-1.2184705569895626,0.8084361535388619,1,0,1.623677508707965,1,-0.7200100474591208,-0.7324979473615776,True,False,False,False,False,False,0
-0.7124065890523262,-1.416365387598711,1.3867528138540912,0.9450188790894928,-0.9166876736979732,0,0,-0.1848096953690471,0,1.4165182832801098,-1.3459989319998709,True,False,False,False,False,True,0
-0.4114523887793018,-0.5607134610736721,-0.0013447194854226,-0.1060499038824668,-0.9166876736979732,1,0,-1.5901434817414892,1,-1.4321861577055308,1.0190918203738395,True,False,True,False,True,False,0
-0.0897427264184826,0.6752282105736062,0.3456796638494558,-1.2184705569895626,0.8084361535388619,0,0,0.1104105765474639,0,0.7043421730336995,-0.0434207544707409,False,False,False,False,False,False,0
1.0310522263224358,-0.9410032061959116,1.7337771971889695,1.1469550822124883,-0.9166876736979732,0,1,-0.0952792968989497,0,0.7043421730336995,-1.3726728878537098,True,False,False,False,True,False,0
0.7923644123127958,-0.9410032061959116,-1.3894422528249364,-1.2184705569895626,-0.9166876736979732,1,1,-0.3020946095142269,0,-0.7200100474591208,-1.3637815692357635,False,False,True,False,True,False,0
-0.6190070096572498,-0.1804237159514327,-0.348369102820301,2.186954347390132,-0.9166876736979732,0,0,1.3207563327798215,0,-1.4321861577055308,-1.666086402245937,True,False,False,True,False,False,0
-0.6190070096572498,-0.0853512796708728,-0.348369102820301,-1.2184705569895626,0.8084361535388619,1,0,-1.1317388770073822,0,0.7043421730336995,-1.341553272690898,False,False,False,False,False,True,0
0.7923644123127958,-0.4656410247931123,0.3456796638494558,0.2293255680646387,0.8084361535388619,1,1,-1.5445205111269278,0,-1.4321861577055308,-0.745834925288497,False,False,False,False,False,True,0
-0.0689872643306878,-0.1804237159514327,0.6927040471843343,-1.2184705569895626,0.8084361535388619,1,0,-1.50988209107786,0,0.7043421730336995,-1.283759701674247,False,False,True,False,False,False,0
-0.494474237130481,-0.4656410247931123,-0.6953934861551795,-1.2184705569895626,0.8084361535388619,1,0,-1.0752541057196825,0,-1.4321861577055308,-0.8880960231756375,False,False,True,False,False,False,0
-1.1690267549838116,-0.2754961522319926,0.3456796638494558,-1.2184705569895626,2.533559980775697,1,1,0.3221463168591462,0,-0.0078339372127105,1.0413201169187054,True,False,True,False,True,False,0
1.0206744952785385,-0.4656410247931123,1.3867528138540912,0.5879254605769841,-0.9166876736979732,0,0,0.8688160920652324,1,-0.7200100474591208,-0.1945731709758276,False,False,True,False,True,False,0
0.6263207156104375,0.1047935928902469,-0.6953934861551795,0.5316713293812473,0.8084361535388619,1,0,0.3429943254888474,1,-1.4321861577055308,0.7612435804533975,False,True,False,True,False,False,0
-1.3350704516861698,-0.2754961522319926,1.0397284305192127,1.3168859578116885,0.8084361535388619,1,0,0.9540629365722082,0,-1.4321861577055308,-0.5368889377667595,True,False,False,False,False,True,0
0.9895413021468462,-1.1311480787570314,1.7337771971889695,-1.2184705569895626,0.8084361535388619,0,0,-1.5200018286623678,0,-0.7200100474591208,1.6148101677762403,True,False,False,False,True,False,0
0.0140345840204912,0.1998660291708067,-1.3894422528249364,0.4560245276217691,-0.9166876736979732,1,0,-1.4831693846874725,1,0.7043421730336995,-0.1367795999591768,True,True,False,False,True,False,0
-0.5463628923499679,-1.0360756424764714,0.6927040471843343,0.6981444716931187,-0.9166876736979732,0,0,-1.2038681742358075,0,-1.4321861577055308,-1.506042667122904,True,False,False,False,True,False,0
0.5536765983031557,-1.511437823879271,-0.0013447194854226,-1.2184705569895626,0.8084361535388619,1,1,-0.4746484450926559,0,0.7043421730336995,-1.3282162947639784,False,False,True,False,False,True,0
-1.1897822170716064,-0.0853512796708728,-1.3894422528249364,-1.2184705569895626,0.8084361535388619,0,1,-1.0292442816908274,0,1.4165182832801098,0.9390699528123232,False,False,True,False,True,False,0
0.2942333222057209,0.9604455194152858,1.7337771971889695,-1.2184705569895626,0.8084361535388619,1,0,1.5052885409983972,0,-0.7200100474591208,1.4503207733442345,True,False,False,False,True,False,0
0.2631001290740287,-0.4656410247931123,-0.6953934861551795,0.8105926928740558,-0.9166876736979732,1,1,-1.2922625276681554,1,-0.0078339372127105,-0.745834925288497,True,True,False,False,False,True,0
0.3046110532496183,1.9111698822208845,-0.348369102820301,0.7473829075200752,-0.9166876736979732,0,1,0.6908708238918274,0,-0.7200100474591208,-0.9147699790294764,True,False,False,False,False,False,0
-0.0067208780673035,0.5801557742930463,1.7337771971889695,0.9577937273729432,-0.9166876736979732,1,0,-1.4204640104979356,0,-0.0078339372127105,-0.4746497074411355,False,False,True,True,False,False,0
0.6055652535226427,-0.7508583336347919,-0.0013447194854226,-1.2184705569895626,0.8084361535388619,1,0,-1.579919076401744,0,-0.0078339372127105,1.2013638520417382,False,False,True,False,True,False,0
0.8131198744005905,-1.1311480787570314,-0.0013447194854226,-1.2184705569895626,0.8084361535388619,1,1,0.2721125218548284,0,-0.0078339372127105,-0.5635628936205983,True,False,False,True,False,False,0
-0.9614721341058636,0.1047935928902469,-0.0013447194854226,1.0091294427114168,-0.9166876736979732,0,1,-1.1787423492441862,0,0.7043421730336995,-0.0256381172348483,False,False,True,False,False,False,0
0.7300980260494114,1.0555179556958456,-0.348369102820301,0.8963984674563259,-0.9166876736979732,1,1,0.4838858173743702,0,1.4165182832801098,0.685667372200854,False,False,True,False,False,False,0
-0.9822275961936584,-0.0853512796708728,-1.042417869490058,0.8612538652258875,-0.9166876736979732,0,0,0.0285965562255701,0,-0.7200100474591208,0.9612982493571888,False,True,False,False,True,False,0
-0.6812733959206341,1.8160974459403243,0.6927040471843343,1.21413719405557,-0.9166876736979732,1,0,1.0871669388279788,1,0.7043421730336995,1.2769400602942818,True,False,False,False,False,True,0
-0.0793649953745852,-0.5607134610736721,1.0397284305192127,-1.2184705569895626,0.8084361535388619,1,1,0.9538828106678454,0,1.4165182832801098,0.9168416562674574,True,False,False,False,False,True,0
1.4357837370344342,-1.416365387598711,0.6927040471843343,0.5014022335562753,-0.9166876736979732,0,1,1.0435291782288787,0,-1.4321861577055308,0.5300692963867942,True,True,False,False,True,False,0
2.058447599668278,1.1505903919764056,-0.348369102820301,0.7737126594942677,-0.9166876736979732,0,0,0.3149456273521987,1,-1.4321861577055308,1.5258969815967776,True,True,False,True,False,False,0
1.539561047473408,-0.0853512796708728,-1.042417869490058,1.474423046676977,0.8084361535388619,1,0,-0.5629666449090662,0,-0.0078339372127105,1.188026874114819,False,False,False,False,False,True,0
-0.3388082714720201,-0.5607134610736721,-1.042417869490058,1.4671089064643563,0.8084361535388619,1,1,-0.612163967204995,0,-1.4321861577055308,-1.2793140423652738,False,False,False,False,False,True,0
0.6470761776982322,-0.7508583336347919,0.3456796638494558,1.2300356262759764,-0.9166876736979732,1,1,-0.8611857697198385,0,-0.0078339372127105,1.6726037387928911,False,False,True,False,False,False,0
-1.5011141483885282,-0.7508583336347919,-1.042417869490058,0.9307977581266368,-0.9166876736979732,1,1,1.1473875839641827,1,-0.0078339372127105,-0.5591172343116252,True,True,False,False,True,False,0
0.1904560117667469,2.7668218087459238,-0.348369102820301,-1.2184705569895626,0.8084361535388619,1,1,-1.5474934578824342,0,1.4165182832801098,0.747906602526478,True,False,False,True,False,False,0
-0.3076750783403279,-1.511437823879271,1.0397284305192127,-1.2184705569895626,0.8084361535388619,1,1,0.5382582820866773,0,-0.0078339372127105,-0.9636722314281808,False,False,True,False,False,True,0
0.6885871018738219,-0.6557858973542321,1.3867528138540912,1.5025556360662151,0.8084361535388619,1,1,-1.2597012931204643,0,-1.4321861577055308,-1.0481397582986705,True,True,False,True,False,False,0
-0.1208759195501748,-1.0360756424764714,0.6927040471843343,-1.2184705569895626,0.8084361535388619,1,1,0.5331902415593797,0,1.4165182832801098,0.018818475854883,True,False,False,False,False,False,0
0.5017879430836688,-1.226220515037591,-0.348369102820301,0.6869904158743668,-0.9166876736979732,1,0,0.7214623225606287,0,0.7043421730336995,-1.2793140423652738,True,False,False,False,True,False,0
-0.8473170926229924,0.2949384654513666,-1.736466636159815,0.5084198502437928,0.8084361535388619,1,0,0.4711361720394802,0,-0.0078339372127105,0.0943946841074264,True,True,False,False,True,False,0
-0.8576948236668898,-0.6557858973542321,1.0397284305192127,1.1084134283448368,-0.9166876736979732,1,1,0.5495467516491079,0,-0.7200100474591208,-1.0125744838268855,False,True,False,False,True,False,0
0.0763009702838756,-0.2754961522319926,-1.042417869490058,0.0014144164942483,0.8084361535388619,1,1,0.8455981064062135,0,-1.4321861577055308,-1.0348027803717512,True,True,False,False,True,False,0
0.8338753364883853,-0.2754961522319926,0.6927040471843343,-1.2184705569895626,0.8084361535388619,1,1,-0.6885303959868266,0,-1.4321861577055308,1.192472533423792,True,False,False,True,False,False,0
0.5640543293470531,0.770300646854166,1.7337771971889695,1.0885596412841745,-0.9166876736979732,1,0,0.7042933333675332,1,1.4165182832801098,-1.6305211277741518,False,True,False,False,False,False,0
1.010296764234641,2.5766769361848034,0.3456796638494558,1.7040510566489249,0.8084361535388619,1,1,1.6517098633745266,0,-0.7200100474591208,-1.4393577774883068,True,True,False,True,False,False,0
1.3216286955515628,0.8653730831347259,-1.042417869490058,0.6274407427146973,-0.9166876736979732,0,0,-0.0264033934180555,1,-0.0078339372127105,0.4144821543534925,False,False,False,False,False,True,0
1.5603165095612028,-0.7508583336347919,-1.3894422528249364,0.7831227983392473,-0.9166876736979732,1,1,1.5165836174955438,0,-0.7200100474591208,-0.1234426220322574,True,True,False,False,False,False,0
-1.4803586863007334,0.1998660291708067,0.6927040471843343,0.809862431644036,-0.9166876736979732,0,1,0.2493985757679606,0,-0.0078339372127105,0.965743908666162,True,False,True,False,True,False,0
-1.127515830808222,2.671749372465364,-1.736466636159815,0.8444440874844832,-0.9166876736979732,1,1,0.5942970852810457,0,-0.0078339372127105,0.8990590190315648,False,False,False,False,False,True,0
0.7508534881372062,-1.0360756424764714,1.3867528138540912,-1.2184705569895626,0.8084361535388619,1,1,-0.0033224147210424,0,-0.7200100474591208,0.2544384192304595,True,False,False,True,False,False,0
1.311250964507665,-0.0853512796708728,-0.6953934861551795,1.1034189602875606,0.8084361535388619,1,1,0.4567673060990561,0,-0.7200100474591208,-0.0389750951617677,True,False,False,False,False,True,0
-0.0793649953745852,-1.9868000052820705,0.6927040471843343,-1.2184705569895626,-0.9166876736979732,0,1,-0.7091336002986288,1,-1.4321861577055308,0.0588294096356413,True,False,True,True,False,False,0
1.7678711304391508,-0.6557858973542321,1.0397284305192127,0.644536156508361,-0.9166876736979732,1,0,0.1454754916191209,0,0.7043421730336995,1.2947226975301742,True,False,False,False,False,False,0
1.2801177713759733,-1.1311480787570314,-0.348369102820301,1.220153163241442,-0.9166876736979732,1,0,0.0639952953670892,0,-0.7200100474591208,-0.0700947103245797,False,False,False,True,False,False,0
-0.5359851613060705,0.1998660291708067,-1.3894422528249364,-1.2184705569895626,0.8084361535388619,1,1,-0.1606117969716202,0,0.7043421730336995,-0.6213564646372491,False,False,False,False,True,False,0
1.747115668351356,0.009721156609687,-1.3894422528249364,0.4565077392841675,-0.9166876736979732,1,0,-0.6762173299433032,1,0.7043421730336995,1.4947773664339656,False,False,False,True,False,False,0
0.0659232392399782,-0.2754961522319926,1.0397284305192127,1.5684096363322269,-0.9166876736979732,1,1,-0.0957252649922813,0,-1.4321861577055308,-0.016746798616902,True,False,False,True,False,False,0
0.1800782807228495,0.3900109017319265,-1.3894422528249364,1.3508864147341415,-0.9166876736979732,1,1,-0.0776862468171073,0,-0.0078339372127105,1.508114344360885,False,False,False,False,False,False,0
0.2215892048984391,-0.0853512796708728,-1.042417869490058,1.504389054471161,0.8084361535388619,0,0,0.5993193988654398,1,1.4165182832801098,1.5436796188326702,False,False,False,False,True,False,0
-0.5048519681743784,0.1047935928902469,-0.348369102820301,0.4279948888948648,0.8084361535388619,1,1,-1.0710567896412757,0,-0.0078339372127105,-0.7058239915077388,True,False,False,True,False,False,0
0.2319669359423365,0.5801557742930463,0.6927040471843343,1.0562430601249568,-0.9166876736979732,1,0,-1.1026278533150786,0,-0.7200100474591208,0.4589387474432239,True,False,False,True,False,False,0
1.830137516702535,-0.8459307699153518,-0.348369102820301,-0.0485446739690423,0.8084361535388619,0,0,1.064757259471454,0,0.7043421730336995,-0.3234972909360487,True,False,False,False,False,True,0
-0.6086292786133524,-0.2754961522319926,-1.042417869490058,-0.0947956192695927,0.8084361535388619,1,0,-0.3446589170886768,0,-0.0078339372127105,-1.4838143705780382,True,False,False,False,True,False,0
0.3357442463813104,-0.0853512796708728,-0.0013447194854226,0.4638037870786799,0.8084361535388619,1,1,1.7025721332188923,0,-0.7200100474591208,1.1346789624071412,True,False,False,False,True,False,0
-1.283181796466683,-0.9410032061959116,1.3867528138540912,1.506827688278315,0.8084361535388619,1,0,-0.8892810641329055,0,-0.0078339372127105,1.4814403885070462,False,True,False,True,False,False,0
-1.158649023939914,0.2949384654513666,1.3867528138540912,0.1788310701132566,0.8084361535388619,1,0,1.2542978719381794,0,-1.4321861577055308,1.6503754422480257,False,True,False,False,True,False,0
0.5536765983031557,-1.321292951318151,-1.736466636159815,0.3433100436858389,-0.9166876736979732,0,1,-0.7049275908850693,0,0.7043421730336995,0.5167323184598748,True,False,False,False,False,False,0
-0.3076750783403279,0.770300646854166,0.3456796638494558,1.060197934635529,-0.9166876736979732,0,0,-0.0043160629289913,0,0.7043421730336995,-0.1278882813412305,False,False,True,False,False,False,0
0.7819866812688984,1.2456628282569653,-0.348369102820301,-1.2184705569895626,0.8084361535388619,1,1,0.3129206018617382,0,-1.4321861577055308,0.1788622109779161,True,False,False,False,False,True,0
-0.3803191956476097,-0.6557858973542321,-1.3894422528249364,-1.2184705569895626,0.8084361535388619,0,0,-1.7089712890095632,0,0.7043421730336995,1.2280378078955771,True,False,False,False,True,False,0
0.8131198744005905,-1.226220515037591,-0.6953934861551795,-1.2184705569895626,-0.9166876736979732,1,0,-1.1455882292390835,0,-0.0078339372127105,0.8812763817956722,True,False,True,True,False,False,0
-1.127515830808222,-0.3705685885125524,-0.0013447194854226,0.9827553402963748,-0.9166876736979732,0,0,-0.6614226644471017,0,0.7043421730336995,0.6011998453303644,True,False,False,False,False,True,0
0.0244123150643886,-0.1804237159514327,-0.0013447194854226,0.5770997901523938,-0.9166876736979732,1,0,-0.4260419218537016,0,-0.0078339372127105,0.4367104508983582,True,True,False,True,False,False,0
1.2801177713759733,2.006242318501444,0.6927040471843343,-1.2184705569895626,0.8084361535388619,1,1,0.1934686131297033,0,-1.4321861577055308,0.9924178645200008,True,False,False,False,False,True,0
-1.3039372585544775,-0.4656410247931123,-0.6953934861551795,0.7465031036483457,-0.9166876736979732,1,1,-0.9329501207385552,0,-1.4321861577055308,-0.7902915183782284,True,True,False,False,True,False,0
1.010296764234641,0.1047935928902469,-1.3894422528249364,1.011706731687437,-0.9166876736979732,1,0,1.433081177620301,1,-1.4321861577055308,-1.003683165208939,True,False,False,False,False,True,0
1.1763404609369994,1.1505903919764056,-0.6953934861551795,0.7568420399928528,-0.9166876736979732,1,1,0.2607658069468748,0,0.7043421730336995,-1.5460536009036625,True,False,False,False,False,True,0
-2.393599018163704,-1.0360756424764714,1.0397284305192127,0.7410219015109862,2.533559980775697,1,1,-0.1984498859569752,1,0.7043421730336995,-1.6438581057010713,True,True,False,False,False,True,0
1.248984578244281,-0.4656410247931123,1.3867528138540912,-1.2184705569895626,0.8084361535388619,1,0,1.2266221178795793,0,-1.4321861577055308,1.1702442368789263,True,False,False,False,False,True,0
0.0763009702838756,0.8653730831347259,-0.348369102820301,0.7603791877879847,0.8084361535388619,1,0,-0.3123033668506977,1,-1.4321861577055308,-1.4037925030165217,True,True,False,False,True,False,0
0.1281896255033626,-0.6557858973542321,1.7337771971889695,0.4980633018108614,-0.9166876736979732,1,1,0.2070562959733096,0,-0.7200100474591208,0.587862867403445,True,False,False,False,False,False,0
1.4357837370344342,0.6752282105736062,-1.042417869490058,0.8848189996471855,0.8084361535388619,1,1,1.3884888888214384,0,1.4165182832801098,-1.6216298091562056,True,False,True,True,False,False,0
-0.5878738165255575,-1.7966551327209506,-0.348369102820301,0.3158694492617722,-0.9166876736979732,1,0,1.3441233222033575,0,1.4165182832801098,-1.5860645346844204,True,False,False,True,False,False,0
0.927274915883462,2.006242318501444,-0.0013447194854226,-1.2184705569895626,-0.9166876736979732,1,1,-1.0695719679972011,0,-1.4321861577055308,-0.1945731709758276,False,False,False,False,True,False,0
0.034790046108286,-0.4656410247931123,-0.348369102820301,0.5392749482836019,0.8084361535388619,1,0,0.5842448079773228,0,-1.4321861577055308,1.6814950574108374,False,False,True,False,True,False,0
-0.1208759195501748,-0.0853512796708728,1.3867528138540912,-1.2184705569895626,0.8084361535388619,1,0,-0.2017483111805973,0,-0.7200100474591208,0.9123959969584844,True,False,False,True,False,False,0
0.8961417227517697,0.9604455194152858,-0.6953934861551795,-1.2184705569895626,2.533559980775697,1,1,-0.6148762877726247,1,-0.7200100474591208,-0.6524760798000611,True,False,True,False,True,False,0
2.058447599668278,-0.2754961522319926,-1.736466636159815,1.420949704133506,-0.9166876736979732,1,1,-0.6556313384351031,0,-1.4321861577055308,-1.0214658024448318,False,False,False,False,True,False,0
-0.3906969266915071,1.1505903919764056,-0.6953934861551795,-1.2184705569895626,0.8084361535388619,1,1,-1.649628496857075,0,0.7043421730336995,0.4367104508983582,True,False,False,True,False,False,0
1.217851385112589,0.8653730831347259,-1.042417869490058,0.3272649508018287,0.8084361535388619,0,1,1.6944080483103272,0,-0.0078339372127105,0.9790808865930812,True,False,False,False,False,False,0
-0.2038977679013539,-0.7508583336347919,-0.6953934861551795,0.967933166788574,-0.9166876736979732,1,0,-0.3178015536013484,1,0.7043421730336995,1.5881362119224016,True,False,True,False,False,True,0
0.0140345840204912,-0.2754961522319926,-0.6953934861551795,-1.2184705569895626,0.8084361535388619,0,0,0.1755064440372791,0,-0.7200100474591208,-0.4568670702052429,False,False,True,False,True,False,0
0.034790046108286,-1.0360756424764714,1.7337771971889695,-1.2184705569895626,0.8084361535388619,0,1,0.4543818549331664,0,-0.7200100474591208,-1.2970966796011665,True,False,False,False,False,True,0
-0.7020288580084288,-0.1804237159514327,1.7337771971889695,0.9297527208435102,4.258683808012532,1,1,-0.5129794461811669,1,-0.7200100474591208,-0.9414439348833152,False,True,False,False,False,False,0
1.4980501232978185,-1.511437823879271,-0.6953934861551795,1.1284873665108002,0.8084361535388619,0,0,0.43491904232669,0,0.7043421730336995,0.8679394038687528,False,False,True,False,False,True,0
-0.6086292786133524,-1.226220515037591,1.3867528138540912,0.0019975367309797,-0.9166876736979732,1,0,1.1672285566498,0,1.4165182832801098,0.0054814979279636,True,False,True,True,False,False,0
-1.1690267549838116,0.2949384654513666,-1.3894422528249364,1.6271393867208086,-0.9166876736979732,1,0,0.0796716389144734,0,1.4165182832801098,1.3569619278557985,True,True,False,False,True,False,0
-2.0096229695395005,-0.3705685885125524,1.3867528138540912,1.1316308040747065,0.8084361535388619,1,1,-1.685723050544213,0,-0.0078339372127105,0.7879175363072363,True,True,False,False,True,False,0
0.4498992878641817,-0.7508583336347919,-0.0013447194854226,0.4801225077728424,-0.9166876736979732,0,0,-0.0155368983439347,0,0.7043421730336995,-1.257085745820408,False,False,False,True,False,False,0
-1.2624263343788882,1.530880137098645,-0.348369102820301,0.7173386059873523,-0.9166876736979732,0,1,0.4006686927588372,1,1.4165182832801098,0.618982482566257,False,False,False,False,False,False,0
0.034790046108286,-1.0360756424764714,-0.6953934861551795,0.6037697756529602,0.8084361535388619,0,1,-0.4101004315841615,0,1.4165182832801098,1.259157423058389,False,False,True,False,True,False,0
0.8961417227517697,-0.5607134610736721,-0.348369102820301,0.2653687070244943,-0.9166876736979732,1,0,0.0936505218399494,0,-1.4321861577055308,1.7126146725736495,True,False,False,True,False,False,0
-1.314314989598375,-0.5607134610736721,-1.3894422528249364,0.5881030224502779,-0.9166876736979732,0,1,1.2996061438202144,0,-0.0078339372127105,-0.0745403696335528,True,False,False,False,True,False,0
-0.1208759195501748,0.770300646854166,0.3456796638494558,0.2193076520591342,0.8084361535388619,0,1,-1.5065118589058772,1,0.7043421730336995,1.1124506658622757,False,False,False,False,True,False,0
1.248984578244281,-0.8459307699153518,-0.348369102820301,0.0408425988492097,-0.9166876736979732,1,0,-1.7150352380119491,0,-0.7200100474591208,1.5214513222878043,True,False,True,False,False,False,0
-1.1690267549838116,-0.0853512796708728,1.0397284305192127,-0.0743145216412439,0.8084361535388619,1,1,-1.571011537470923,0,-0.0078339372127105,0.6367651198021496,True,False,True,False,False,False,0
-0.5671183544377627,0.1047935928902469,1.3867528138540912,0.4907987956656176,0.8084361535388619,1,0,0.8821414100539314,0,-0.0078339372127105,0.4189278136624657,False,True,False,False,True,False,0
-1.0444939824570427,-0.0853512796708728,1.7337771971889695,-1.2184705569895626,0.8084361535388619,1,1,-1.742405508273284,0,-0.7200100474591208,1.3569619278557985,False,False,False,False,False,True,0
-0.7020288580084288,-1.226220515037591,-0.348369102820301,-1.2184705569895626,0.8084361535388619,1,0,0.8201162024067389,0,-0.7200100474591208,-0.8836503638666644,True,False,False,False,False,True,0
0.3564997084691052,2.006242318501444,1.3867528138540912,-1.2184705569895626,2.533559980775697,1,1,-0.4378846784654662,1,0.7043421730336995,-1.3860098657806292,True,False,False,True,False,False,0
0.7404757570933088,-0.8459307699153518,-1.3894422528249364,-1.2184705569895626,2.533559980775697,1,0,1.1165099007021555,1,-0.0078339372127105,-0.8258567928500136,True,False,True,False,False,True,0
-0.9095834788863768,-0.5607134610736721,-1.042417869490058,0.634985761395568,-0.9166876736979732,0,1,0.207230336543066,1,-0.7200100474591208,0.8234828107790214,False,True,False,False,True,False,0
-1.023738520369248,0.8653730831347259,-0.6953934861551795,-1.2184705569895626,-0.9166876736979732,0,1,-1.2118568276409922,1,-0.0078339372127105,-0.8258567928500136,False,False,True,False,True,False,0
-1.127515830808222,0.1998660291708067,-0.0013447194854226,-1.2184705569895626,0.8084361535388619,0,1,0.7571721092339101,0,1.4165182832801098,-1.0525854176076437,True,False,True,False,False,True,0
0.1904560117667469,-0.0853512796708728,0.6927040471843343,-1.2184705569895626,0.8084361535388619,1,1,-0.3923628982720817,0,-1.4321861577055308,0.8323741293969678,True,False,False,True,False,False,0
-0.3491860025159174,-1.7015826964403906,-1.042417869490058,0.7938352710682391,-0.9166876736979732,0,0,-0.7418768732844165,0,-1.4321861577055308,0.7834718769982632,False,False,False,False,True,False,0
-0.2869196162525331,0.2949384654513666,-0.6953934861551795,1.1056105445270936,-0.9166876736979732,1,0,-0.491370596858905,1,-0.7200100474591208,1.0057548424469205,True,False,False,False,True,False,0
-1.885090197012732,-0.7508583336347919,-1.042417869490058,0.4094503204436896,0.8084361535388619,1,0,-0.963178759598085,0,-1.4321861577055308,0.8057001735431288,False,False,True,False,False,True,0
-2.466243135470985,2.006242318501444,-0.6953934861551795,-1.2184705569895626,0.8084361535388619,1,1,-0.1145167782582691,0,1.4165182832801098,-1.2970966796011665,True,False,True,False,False,False,0
-2.2067998593735507,-0.2754961522319926,-1.042417869490058,1.43192908005707,0.8084361535388619,1,1,0.4090308118421801,0,-0.0078339372127105,1.2013638520417382,True,False,False,False,False,False,0
1.062185419454128,0.1047935928902469,-1.042417869490058,1.353297349529502,-0.9166876736979732,0,1,-1.6843625435928216,0,-1.4321861577055308,0.9301786341943769,True,False,True,False,False,False,0
0.8131198744005905,0.5801557742930463,0.3456796638494558,1.229305044826167,-0.9166876736979732,0,0,1.0787876069410336,0,0.7043421730336995,1.1080050065533025,True,True,False,False,True,False,0
0.667831639786027,0.009721156609687,1.7337771971889695,0.6276175040385169,-0.9166876736979732,1,0,-0.9893691704125012,1,1.4165182832801098,-0.6302477832551954,False,True,False,False,False,False,0
0.532921136215361,-1.0360756424764714,1.3867528138540912,-1.2184705569895626,0.8084361535388619,0,1,-1.7087640398995236,0,-1.4321861577055308,-0.6435847611821148,True,False,False,False,False,True,0
-1.397336837949554,1.3407352645375252,-1.736466636159815,0.5294952758015065,-0.9166876736979732,1,0,-0.7955303991795984,1,0.7043421730336995,-0.2657037199193979,True,True,False,True,False,False,0
-1.3558259137739646,-0.0853512796708728,0.3456796638494558,-1.2184705569895626,0.8084361535388619,1,0,-0.8515509463701465,0,0.7043421730336995,-0.1545622371950694,True,False,False,False,False,True,0
-0.9407166720180687,0.5801557742930463,-1.042417869490058,1.4727426933314265,0.8084361535388619,0,1,0.2658037685345438,0,0.7043421730336995,1.7392886284274882,False,True,False,True,False,False,0
-0.6190070096572498,2.956966681307043,-0.0013447194854226,-0.0686134886183729,0.8084361535388619,1,0,0.0811180360171729,1,-1.4321861577055308,-1.5638362381395547,False,True,False,False,False,False,0
-1.3039372585544775,-0.2754961522319926,-1.3894422528249364,-1.2184705569895626,-0.9166876736979732,1,0,1.0478151663258428,0,-1.4321861577055308,-0.808074155614121,True,False,False,False,True,False,0
0.2008337428106443,-0.4656410247931123,-0.0013447194854226,0.8778326043891472,4.258683808012532,1,1,-1.2551965807110594,1,-1.4321861577055308,-0.0923230068694454,False,False,True,False,True,False,0
-0.5567406233938653,2.386532063623684,1.3867528138540912,-1.2184705569895626,-0.9166876736979732,0,1,-1.5169855890978012,1,1.4165182832801098,0.650102097729069,False,False,False,True,False,False,0
-2.134155742066269,1.1505903919764056,-0.348369102820301,0.4635820348744315,-0.9166876736979732,0,0,-0.5184317321222115,0,-0.7200100474591208,0.5522975929316599,False,False,False,False,False,False,0
0.7300980260494114,-0.9410032061959116,1.3867528138540912,-1.2184705569895626,0.8084361535388619,1,1,0.723316437081988,0,1.4165182832801098,-1.470477392651119,False,False,True,False,True,False,0
-0.8058061684474028,0.3900109017319265,-0.6953934861551795,1.0446736792391866,-0.9166876736979732,1,1,-0.0042399093130541,0,1.4165182832801098,-0.4790953667501086,False,True,False,False,False,False,0
0.3149887842935157,1.8160974459403243,-0.348369102820301,-1.2184705569895626,-0.9166876736979732,1,0,1.31451434427351,0,-0.7200100474591208,-0.4968780039860012,False,False,True,False,False,True,0
-0.2869196162525331,-0.4656410247931123,0.3456796638494558,-1.2184705569895626,-0.9166876736979732,1,0,-1.73603642320704,1,1.4165182832801098,-0.616910805328276,False,False,True,False,True,False,0
-1.013360789325351,0.1047935928902469,-0.348369102820301,-1.2184705569895626,-0.9166876736979732,0,1,1.188357186138229,0,1.4165182832801098,-0.2790406978463173,True,False,False,False,False,True,0
1.5603165095612028,0.1047935928902469,-0.348369102820301,-1.2184705569895626,0.8084361535388619,1,1,-0.3220567672918721,0,-0.0078339372127105,1.0413201169187054,True,False,True,False,False,False,0
-1.023738520369248,-0.7508583336347919,0.3456796638494558,-1.2184705569895626,0.8084361535388619,0,0,0.4201548035035228,0,-0.7200100474591208,0.5967541860213913,True,False,False,False,False,True,0
-1.137893561852119,0.3900109017319265,1.0397284305192127,1.1130236326546787,-0.9166876736979732,0,1,-1.5662008196641444,0,-0.0078339372127105,-1.3993468437075487,False,False,False,False,True,False,0
1.9650480202732008,-0.7508583336347919,-0.6953934861551795,1.3865438489575097,0.8084361535388619,1,1,0.458369487767691,0,-0.0078339372127105,-1.666086402245937,False,False,False,False,True,False,0
-0.1831423058135592,0.1998660291708067,1.0397284305192127,-0.1262970809545651,-0.9166876736979732,1,1,-1.635195995703333,0,-0.0078339372127105,1.352516268546825,False,False,False,False,False,True,0
0.5017879430836688,0.1047935928902469,-1.042417869490058,-1.2184705569895626,0.8084361535388619,1,0,1.726890695108238,0,1.4165182832801098,0.2099818261407281,False,False,True,False,False,True,0
-0.0897427264184826,-0.6557858973542321,-1.042417869490058,-1.2184705569895626,-0.9166876736979732,0,0,0.5367343404344157,0,-0.7200100474591208,0.3744712205727343,False,False,True,False,False,True,0
0.6470761776982322,-0.3705685885125524,0.3456796638494558,0.8001538479552157,0.8084361535388619,1,1,-0.8080811410061957,0,-0.7200100474591208,-1.1326072851691602,False,True,False,False,False,False,0
-0.6916511269645315,-0.8459307699153518,0.3456796638494558,-1.2184705569895626,0.8084361535388619,1,1,0.648981814592036,0,1.4165182832801098,1.188026874114819,False,False,False,False,True,False,0
-0.6501402027889419,0.6752282105736062,1.3867528138540912,-1.2184705569895626,0.8084361535388619,1,0,1.221333266639405,0,-1.4321861577055308,-0.7013783321987657,True,False,False,True,False,False,0
0.3876329016007974,2.671749372465364,1.3867528138540912,1.2967723123918238,-0.9166876736979732,1,1,-0.0163657209173892,0,-0.7200100474591208,0.2811123750842983,True,True,False,True,False,False,0
0.1281896255033626,-1.416365387598711,0.6927040471843343,-1.2184705569895626,-0.9166876736979732,0,1,-1.1270029218829165,0,-0.7200100474591208,0.0010358386189905,True,False,False,True,False,False,0
-0.2765418852086357,-0.2754961522319926,1.0397284305192127,0.8620677038209743,0.8084361535388619,0,0,1.712300322988124,0,-1.4321861577055308,1.7081690132646763,False,False,False,False,False,False,0
-2.134155742066269,-0.6557858973542321,1.0397284305192127,-1.2184705569895626,0.8084361535388619,0,0,0.5713546783463659,0,-0.7200100474591208,-0.7236066287436314,True,False,False,False,False,True,0
0.3357442463813104,0.6752282105736062,-0.6953934861551795,0.4299431060943561,0.8084361535388619,1,0,0.9337692149918404,0,-0.7200100474591208,1.6859407167198106,False,True,False,False,True,False,0
2.058447599668278,-0.5607134610736721,1.7337771971889695,-1.2184705569895626,-0.9166876736979732,1,0,-1.661636600703443,1,-1.4321861577055308,-1.1014876700063485,True,False,False,False,False,True,0
0.9895413021468462,0.3900109017319265,-1.3894422528249364,0.87558610245571,-0.9166876736979732,0,1,0.018494379178071,1,0.7043421730336995,-1.3993468437075487,True,False,False,False,True,False,0
-0.494474237130481,1.6259525733792048,-1.736466636159815,-0.2140587580112755,-0.9166876736979732,0,1,0.4263780144059053,0,-0.0078339372127105,1.517005662978831,False,False,False,True,False,False,0
-0.2038977679013539,0.009721156609687,-0.0013447194854226,0.3482747313026889,0.8084361535388619,1,0,-0.1198795228472416,0,0.7043421730336995,-1.492705689195985,False,False,True,False,False,False,0
0.034790046108286,-0.1804237159514327,1.3867528138540912,0.7243387706963405,-0.9166876736979732,1,1,1.3876327691756047,0,-1.4321861577055308,-1.3682272285447366,True,True,False,False,False,True,0
0.8650085296200775,-0.0853512796708728,0.6927040471843343,0.1605833454069744,0.8084361535388619,0,0,-0.1208778654561729,0,1.4165182832801098,0.3789168798817074,True,False,True,False,True,False,0
-0.1935200368574565,2.006242318501444,1.0397284305192127,-0.1078642692099355,-0.9166876736979732,1,1,-1.5672874865582267,0,0.7043421730336995,-0.7547262439064433,False,False,False,False,False,False,0
-0.3803191956476097,-1.8917275690015103,-0.0013447194854226,-1.2184705569895626,0.8084361535388619,1,0,1.034326587502977,0,-0.0078339372127105,-0.0567577323976603,True,False,True,False,False,False,0
-0.1831423058135592,0.6752282105736062,-0.0013447194854226,0.7611659678108562,-0.9166876736979732,1,1,-0.8816107606610113,1,-1.4321861577055308,0.6412107791111227,False,True,False,False,True,False,0
-0.8680725547107871,0.4850833380124864,0.6927040471843343,-1.2184705569895626,0.8084361535388619,0,0,-0.6617474474484051,1,-0.7200100474591208,1.1657985775699533,False,False,False,False,False,True,0
-0.9303389409741716,1.1505903919764056,-1.3894422528249364,0.7775000590549159,-0.9166876736979732,1,1,-0.6092433543271077,1,1.4165182832801098,-0.714715310125685,False,False,False,False,True,False,0
1.8820261719220224,-0.8459307699153518,-1.3894422528249364,-1.2184705569895626,0.8084361535388619,1,0,0.7203181057878357,0,1.4165182832801098,-1.0081288245179123,True,False,False,False,False,False,0
0.4083883636885922,0.1998660291708067,-1.042417869490058,-1.2184705569895626,-0.9166876736979732,1,1,-0.757717520866186,1,-0.7200100474591208,1.285831378912228,True,False,False,False,False,True,0
2.058447599668278,-0.6557858973542321,0.6927040471843343,-1.2184705569895626,0.8084361535388619,0,0,0.9527149480234368,0,-1.4321861577055308,1.703723353955703,False,False,False,True,False,False,0
-0.6812733959206341,-0.0853512796708728,-1.042417869490058,-1.2184705569895626,0.8084361535388619,1,0,-0.2305964484178844,0,-0.7200100474591208,0.1921991889048355,False,False,False,False,False,True,0
0.3668774395130026,-0.9410032061959116,0.6927040471843343,0.2804313655942312,-0.9166876736979732,0,1,0.2194133502927055,0,-0.7200100474591208,1.1080050065533025,False,False,True,False,True,False,0
0.6989648329177193,-0.0853512796708728,-1.736466636159815,-1.2184705569895626,-0.9166876736979732,1,0,0.4597936299323997,0,-1.4321861577055308,1.5436796188326702,True,False,True,False,False,True,0
-2.2586885145930378,1.8160974459403243,1.3867528138540912,0.7957284104639317,0.8084361535388619,1,0,-0.6874600725628311,1,-0.7200100474591208,0.3700255612637611,False,True,False,False,True,False,0
0.4706547499519766,-0.4656410247931123,-1.042417869490058,0.8078629792782199,-0.9166876736979732,1,0,-0.4711241670217679,0,1.4165182832801098,0.8990590190315648,False,False,False,False,True,False,0
0.5744320603909505,-0.8459307699153518,1.0397284305192127,-1.2184705569895626,0.8084361535388619,1,0,-1.1696346897381509,0,1.4165182832801098,-0.9103243197205032,True,False,False,True,False,False,0
-0.2454086920769435,-1.1311480787570314,-0.0013447194854226,0.3158063659632353,0.8084361535388619,1,0,0.9661019886917196,1,-0.7200100474591208,0.9390699528123232,True,True,False,False,False,True,0
-0.5671183544377627,2.006242318501444,-1.736466636159815,0.0390299947305834,-0.9166876736979732,0,1,-0.902862140041796,0,-1.4321861577055308,0.7968088549251826,False,True,False,False,False,False,0
-0.8784502857546845,0.8653730831347259,-0.6953934861551795,-1.2184705569895626,-0.9166876736979732,1,0,-0.7835970580155432,0,1.4165182832801098,-0.270149379228371,False,False,False,False,False,False,0
1.5499387785173055,-0.6557858973542321,-0.348369102820301,-0.0149158321123371,-0.9166876736979732,1,1,-1.0872369988941075,0,-1.4321861577055308,-0.6924870135808193,False,False,False,False,False,True,0
0.4187660947324896,-0.9410032061959116,-0.348369102820301,-1.2184705569895626,0.8084361535388619,0,0,0.6684992213432709,0,-0.7200100474591208,1.6726037387928911,False,False,True,False,False,False,0
-0.0897427264184826,-0.5607134610736721,-1.736466636159815,0.9880319219882256,-0.9166876736979732,1,1,1.4678800766362865,0,-0.0078339372127105,-1.5327166229767428,False,False,False,True,False,False,0
-0.785050706359608,-0.9410032061959116,0.6927040471843343,0.8721685567519668,-0.9166876736979732,0,1,1.272678016584743,0,-0.0078339372127105,-1.661640742936964,True,True,False,False,True,False,0
1.2593623092881785,0.2949384654513666,1.0397284305192127,1.2203979712705368,0.8084361535388619,1,0,1.239703153150489,0,0.7043421730336995,0.0943946841074264,False,True,False,True,False,False,0
-1.013360789325351,-0.3705685885125524,0.3456796638494558,0.6661378632901648,0.8084361535388619,0,0,-0.0896133287798527,1,-0.7200100474591208,0.1610795737420235,False,False,False,False,False,False,0
1.2593623092881785,0.1998660291708067,-0.0013447194854226,-1.2184705569895626,-0.9166876736979732,1,0,-1.254698452606812,1,0.7043421730336995,-0.4879866853680549,False,False,True,False,False,False,0
-0.7227843200962236,1.0555179556958456,-1.042417869490058,1.166238237608211,-0.9166876736979732,1,1,0.2871062647260259,0,-1.4321861577055308,0.0232641351638562,True,False,False,False,True,False,0
1.010296764234641,-1.0360756424764714,-0.6953934861551795,-1.2184705569895626,-0.9166876736979732,1,0,-1.6868997803904768,0,-1.4321861577055308,0.907950337649511,False,False,True,True,False,False,0
-0.5463628923499679,1.8160974459403243,-0.348369102820301,-1.2184705569895626,-0.9166876736979732,0,0,1.3209672330906257,1,-0.7200100474591208,0.9390699528123232,True,False,False,True,False,False,0
1.0414299573663333,-0.5607134610736721,-0.348369102820301,-1.2184705569895626,0.8084361535388619,1,1,-1.05816161787593,0,-0.7200100474591208,-0.8792047045576913,True,False,False,False,False,True,0
-0.2765418852086357,0.009721156609687,1.7337771971889695,0.8604805344341762,-0.9166876736979732,1,1,-0.0693103922642231,0,1.4165182832801098,0.0366011130907756,False,True,False,True,False,False,0
0.8857639917078723,-0.8459307699153518,1.0397284305192127,1.573143605590722,-0.9166876736979732,0,0,-1.1910354206168583,0,1.4165182832801098,-0.90587866041153,True,False,False,False,True,False,0
0.0140345840204912,-0.8459307699153518,-1.042417869490058,0.1943918305656048,0.8084361535388619,1,1,-0.0656004245544745,0,-1.4321861577055308,1.192472533423792,False,False,True,False,True,False,0
0.719720295005514,1.530880137098645,-0.6953934861551795,-0.513652550456676,-0.9166876736979732,1,0,-0.6010031158026052,1,-0.0078339372127105,0.4678300660611702,False,False,False,True,False,False,0
0.3668774395130026,0.1047935928902469,-1.3894422528249364,-1.2184705569895626,0.8084361535388619,1,0,-1.6034670610631576,0,-0.0078339372127105,-1.4126838216344682,False,False,True,False,False,False,0
0.4083883636885922,-1.416365387598711,0.3456796638494558,-1.2184705569895626,0.8084361535388619,1,1,-0.1324879884192525,0,-0.0078339372127105,-0.0700947103245797,True,False,False,True,False,False,0
-0.4840965060865836,-0.8459307699153518,1.3867528138540912,0.9497746232936752,-0.9166876736979732,0,1,1.4950373601863811,0,1.4165182832801098,-1.6260754684651788,False,False,False,False,False,False,0
-0.5256074302621732,0.1047935928902469,1.7337771971889695,0.8285001840539639,-0.9166876736979732,0,0,1.2659997965204706,0,-1.4321861577055308,-1.0259114617538048,True,False,False,True,False,False,0
0.3046110532496183,0.1998660291708067,-1.736466636159815,0.7116428565910086,0.8084361535388619,1,0,1.3090601457987312,0,1.4165182832801098,-1.5549449195216083,False,False,False,False,False,True,0
0.1074341634155678,1.4358077008180852,-1.3894422528249364,1.791549833258432,-0.9166876736979732,0,0,0.1914519332409896,1,0.7043421730336995,1.1124506658622757,False,False,True,False,False,True,0
-0.7435397821840184,-0.4656410247931123,0.3456796638494558,-1.2184705569895626,0.8084361535388619,1,1,1.0373586489375213,0,1.4165182832801098,0.5078409998419284,True,False,False,False,False,False,0
-0.785050706359608,0.009721156609687,1.3867528138540912,0.13798015123342,-0.9166876736979732,0,0,1.575789924286135,0,1.4165182832801098,0.5211779777688479,True,False,False,True,False,False,0
-2.3520880939881144,0.009721156609687,-0.0013447194854226,-1.2184705569895626,0.8084361535388619,1,0,0.7043371477767024,0,-1.4321861577055308,-0.8036284963051479,False,False,True,False,False,False,0
-0.3803191956476097,-0.2754961522319926,0.3456796638494558,-1.2184705569895626,-0.9166876736979732,1,1,-1.276520462507017,1,-0.7200100474591208,-0.1812361930489082,True,False,False,True,False,False,0
-1.314314989598375,1.9111698822208845,0.3456796638494558,-0.3326081268420994,-0.9166876736979732,1,0,-0.2971131546050502,1,0.7043421730336995,0.9879722052110276,False,False,False,False,False,True,0
-2.165288935197961,1.9111698822208845,-0.348369102820301,0.557777407832454,-0.9166876736979732,1,0,-0.4796062541302174,1,1.4165182832801098,-1.3459989319998709,True,True,False,False,True,False,0
0.5951875224787453,-0.6557858973542321,-1.042417869490058,-1.2184705569895626,0.8084361535388619,0,0,0.1608267044317955,0,1.4165182832801098,1.2636030823673623,False,False,False,False,False,False,0
-0.2038977679013539,3.052039117587603,-0.6953934861551795,0.1123097318058669,-0.9166876736979732,1,1,-1.2663325691749128,0,1.4165182832801098,0.6011998453303644,True,False,False,False,True,False,0
-0.2765418852086357,1.2456628282569653,1.0397284305192127,0.7214460652276347,-0.9166876736979732,1,0,-0.8944226502755943,0,-0.0078339372127105,-1.474923051960092,True,False,True,False,False,False,0
0.086678701327773,-0.3705685885125524,0.3456796638494558,0.3949371590327837,-0.9166876736979732,1,0,-1.412348434399522,0,-0.7200100474591208,0.2322101226855938,False,False,False,False,False,False,0
-0.5463628923499679,0.3900109017319265,-0.348369102820301,-1.2184705569895626,-0.9166876736979732,1,0,1.215603141706881,0,1.4165182832801098,-0.2523667419924785,False,False,False,False,True,False,0
1.7159824752196635,0.6752282105736062,-1.736466636159815,0.207914712277394,-0.9166876736979732,0,1,-0.2171497714704543,1,-1.4321861577055308,0.8057001735431288,False,True,False,False,False,True,0
-1.469980955256836,-1.226220515037591,0.3456796638494558,0.9624516444314246,-0.9166876736979732,0,0,1.03122150205315,0,-0.7200100474591208,1.094668028626383,False,False,False,False,True,False,0
-0.6397624717450445,-0.9410032061959116,1.7337771971889695,-1.2184705569895626,-0.9166876736979732,1,1,-0.8436633095194357,1,-1.4321861577055308,-0.3723995433347533,True,False,True,True,False,False,0
-0.1208759195501748,-0.9410032061959116,-0.6953934861551795,-1.2184705569895626,0.8084361535388619,1,0,-1.6984620900102163,0,-1.4321861577055308,1.5525709374506165,False,False,False,False,False,True,0
0.927274915883462,1.3407352645375252,-0.6953934861551795,-1.2184705569895626,0.8084361535388619,1,1,-1.0695863989335546,0,-0.0078339372127105,-1.608292831229286,True,False,True,True,False,False,0
-0.6501402027889419,-0.0853512796708728,1.0397284305192127,0.258050243844715,-0.9166876736979732,1,0,-0.0230255111111383,0,-0.7200100474591208,-0.2345841047565859,True,True,False,False,True,False,0
-0.836939361579095,0.770300646854166,0.6927040471843343,-1.2184705569895626,0.8084361535388619,0,0,0.207521911004086,0,1.4165182832801098,-0.52355195983984,False,False,False,False,False,True,0
-0.785050706359608,-1.0360756424764714,-1.3894422528249364,0.6922215263561043,0.8084361535388619,0,1,-0.7207546768640006,0,-1.4321861577055308,-0.0656490510156066,True,True,False,True,False,False,0
0.3357442463813104,0.1047935928902469,0.3456796638494558,0.9802649909932116,-0.9166876736979732,1,0,1.504734775549173,0,-1.4321861577055308,-0.3412799281719413,False,True,False,False,True,False,0
0.0036568529765938,-0.5607134610736721,0.6927040471843343,0.8331134304518064,-0.9166876736979732,1,0,1.008538851972832,0,1.4165182832801098,0.2855580343932715,True,True,False,False,False,False,0
1.5706942406051003,-0.7508583336347919,1.3867528138540912,1.2971898789973686,0.8084361535388619,1,0,0.71058000561653,0,-0.0078339372127105,1.5836905526134284,True,False,False,True,False,False,0
0.9168971848395644,1.6259525733792048,-0.348369102820301,0.3681757507823069,-0.9166876736979732,1,1,-0.2680094333142747,1,0.7043421730336995,0.9612982493571888,False,False,True,False,True,False,0
1.5706942406051003,0.1998660291708067,1.3867528138540912,0.9869295653627737,0.8084361535388619,1,1,1.1566748477744715,0,1.4165182832801098,-0.176790533739935,True,True,False,False,False,True,0
0.4187660947324896,-1.416365387598711,-1.042417869490058,0.7124056201296655,-0.9166876736979732,0,1,1.3919636148819563,0,1.4165182832801098,-0.6258021239462223,True,True,False,False,False,False,0
-0.0689872643306878,0.9604455194152858,-0.0013447194854226,0.5448605420723477,2.533559980775697,0,1,1.5171368613446592,1,-0.0078339372127105,-0.9636722314281808,False,False,True,True,False,False,0
-1.9888675074517057,-1.1311480787570314,0.6927040471843343,-1.2184705569895626,0.8084361535388619,1,0,0.96876423564887,1,-0.0078339372127105,-1.3682272285447366,False,False,False,False,True,False,0
-1.4907364173446307,2.386532063623684,-1.042417869490058,-1.2184705569895626,-0.9166876736979732,1,1,-1.640513534949512,0,-0.0078339372127105,1.7170603318826223,False,False,False,True,False,False,0
-0.5048519681743784,1.530880137098645,0.6927040471843343,0.8265050546553064,0.8084361535388619,1,0,0.6787377098859636,1,0.7043421730336995,-1.3593359099267903,False,True,False,False,False,True,0
0.4187660947324896,1.4358077008180852,-0.0013447194854226,-1.2184705569895626,0.8084361535388619,1,1,-0.2035883424990092,0,-0.0078339372127105,-0.2434754233745322,True,False,False,False,True,False,0
-0.6916511269645315,-1.0360756424764714,1.3867528138540912,0.9484165711662847,0.8084361535388619,1,1,-1.0439944373110477,0,-0.0078339372127105,1.6237014863941868,False,True,False,False,False,False,0
1.0414299573663333,-0.6557858973542321,1.3867528138540912,0.6321995290068805,0.8084361535388619,0,1,0.0216667510419795,0,1.4165182832801098,0.5122866591509017,True,True,False,False,False,False,0
-0.9718498651497612,-0.0853512796708728,1.0397284305192127,0.5907859839568423,-0.9166876736979732,1,1,0.9117761202558315,0,-0.7200100474591208,0.7879175363072363,True,False,False,True,False,False,0
-0.8265616305351976,-1.416365387598711,-1.3894422528249364,-1.2184705569895626,0.8084361535388619,1,1,0.887233965786359,0,-0.0078339372127105,0.9790808865930812,True,False,False,True,False,False,0
-2.0718893558028846,-0.6557858973542321,-0.0013447194854226,-1.2184705569895626,0.8084361535388619,0,1,-0.4373077887447358,0,-1.4321861577055308,1.4058641802545029,False,False,False,True,False,False,0
0.3876329016007974,-0.9410032061959116,-1.3894422528249364,0.0232903915257833,0.8084361535388619,1,1,0.3923644712876109,0,-0.7200100474591208,0.3833625391906806,False,False,False,False,False,True,0
-0.10012045746238,-1.226220515037591,-1.736466636159815,-1.2184705569895626,-0.9166876736979732,0,0,-0.9207738877903348,0,1.4165182832801098,0.0410467723997487,True,False,False,False,False,True,0
0.13856735654726,-0.1804237159514327,-0.6953934861551795,0.5733453732300668,-0.9166876736979732,1,1,0.1726216477002204,1,0.7043421730336995,-0.8614220673217987,False,True,False,True,False,False,0
1.352761888683255,-0.4656410247931123,1.3867528138540912,-1.2184705569895626,-0.9166876736979732,1,0,1.4359611056896735,1,-0.7200100474591208,-0.7369436066705508,True,False,False,True,False,False,0
-0.152009112681867,0.1047935928902469,0.3456796638494558,-1.2184705569895626,0.8084361535388619,1,1,1.4114379026908344,0,-0.0078339372127105,-1.6749777208638834,False,False,True,False,True,False,0
1.3838950818149471,2.1013147547820044,-0.348369102820301,0.8606480093840997,0.8084361535388619,1,0,1.2133032329588935,1,0.7043421730336995,0.7078956687457197,False,False,True,False,False,True,0
-0.6605179338328393,0.4850833380124864,1.0397284305192127,1.253782165208042,-0.9166876736979732,1,0,-0.8885850757205837,1,-1.4321861577055308,0.5745258894765256,True,False,False,False,False,False,0
2.058447599668278,1.0555179556958456,1.7337771971889695,-1.2184705569895626,0.8084361535388619,1,1,-1.1595074758854125,0,-0.7200100474591208,0.8679394038687528,False,False,True,False,True,False,0
0.2631001290740287,-0.1804237159514327,-0.6953934861551795,0.1963089864455121,-0.9166876736979732,0,1,0.304527708371955,0,-0.7200100474591208,-1.470477392651119,True,False,False,False,False,False,0
-0.2454086920769435,1.0555179556958456,1.0397284305192127,-1.2184705569895626,-0.9166876736979732,0,0,0.7638927527737275,1,-0.7200100474591208,-0.8880960231756375,True,False,True,True,False,False,0
-0.7020288580084288,-0.7508583336347919,-0.0013447194854226,-1.2184705569895626,0.8084361535388619,1,0,-1.198932967869643,0,-0.7200100474591208,-0.1723448744309619,True,False,False,False,True,False,0
-0.7746729753157106,-1.0360756424764714,0.6927040471843343,-1.2184705569895626,-0.9166876736979732,1,0,0.7448992063987918,0,-0.7200100474591208,1.6903863760287838,True,False,True,False,False,True,0
0.4083883636885922,-0.8459307699153518,0.6927040471843343,0.6536606593010812,-0.9166876736979732,1,0,-1.3775963055266578,0,-1.4321861577055308,0.9168416562674574,True,True,False,False,False,False,0
0.1178118944594652,-1.0360756424764714,1.0397284305192127,0.7616770385949437,0.8084361535388619,1,1,-0.2163960593127189,0,-1.4321861577055308,1.4147554988724491,True,True,False,False,False,True,0
-1.656780114046989,-0.3705685885125524,1.0397284305192127,0.7198757073797868,-0.9166876736979732,0,0,-0.2609706137078696,0,-1.4321861577055308,0.2188731447586743,True,False,False,False,True,False,0
-0.4218301198231992,-1.0360756424764714,-1.042417869490058,-1.2184705569895626,0.8084361535388619,0,0,-1.3046168001203022,0,0.7043421730336995,-1.3637815692357635,True,False,False,False,False,True,0
0.0140345840204912,0.3900109017319265,-1.736466636159815,-1.2184705569895626,0.8084361535388619,1,0,-1.2617282311446585,0,-0.7200100474591208,1.3080596754570937,True,False,False,False,False,True,0
-0.1208759195501748,-0.4656410247931123,-1.3894422528249364,0.9834090689966972,-0.9166876736979732,0,0,-1.3156481208289177,0,-1.4321861577055308,1.7215059911915958,True,False,True,True,False,False,0
0.8961417227517697,-0.2754961522319926,-0.0013447194854226,-1.2184705569895626,0.8084361535388619,1,1,-0.06172215387617,0,-1.4321861577055308,1.1080050065533025,True,False,True,True,False,False,0
1.6329606268684846,-0.5607134610736721,-0.6953934861551795,-1.2184705569895626,0.8084361535388619,0,1,0.7127750727425765,0,1.4165182832801098,0.0899490247984533,False,False,True,True,False,False,0
-1.6982910382225789,-0.6557858973542321,-0.6953934861551795,0.6154342618162205,-0.9166876736979732,1,0,-0.1367152095705844,0,-0.7200100474591208,0.8768307224866991,True,True,False,True,False,False,0
2.058447599668278,-1.1311480787570314,-1.3894422528249364,0.4030944379512329,0.8084361535388619,1,1,-1.2895016982903738,0,0.7043421730336995,1.121341984480222,True,True,False,False,False,True,0
0.9999190331907436,0.009721156609687,-0.6953934861551795,1.3012035138393194,-0.9166876736979732,0,1,-0.0468916718391396,0,-1.4321861577055308,-0.430193114351404,False,False,False,False,True,False,0
-1.023738520369248,0.3900109017319265,0.3456796638494558,0.1456788754132646,0.8084361535388619,1,1,1.0456830389463017,0,1.4165182832801098,-0.2523667419924785,True,True,False,False,True,False,0
-1.2728040654227857,-1.1311480787570314,-1.3894422528249364,-1.2184705569895626,0.8084361535388619,1,1,-1.089471533761747,0,1.4165182832801098,-1.21707481203965,False,False,False,False,True,False,0
-0.1831423058135592,-0.4656410247931123,-0.6953934861551795,1.103617976886753,-0.9166876736979732,1,1,-1.0190438699561033,0,1.4165182832801098,-0.3457255874809144,True,False,False,False,False,False,0
-0.10012045746238,-0.0853512796708728,-0.6953934861551795,-1.2184705569895626,0.8084361535388619,0,0,1.2350193580369389,0,-0.7200100474591208,0.5789715487854987,True,False,False,True,False,False,0
1.9961812134048933,-1.9868000052820705,-1.042417869490058,1.358979009255106,-0.9166876736979732,0,0,0.7911802624844095,0,1.4165182832801098,0.9524069307392424,True,False,False,False,False,False,0
0.4498992878641817,1.0555179556958456,1.0397284305192127,-1.2184705569895626,-0.9166876736979732,1,0,0.4511894883984069,1,-0.7200100474591208,0.3255689681740297,False,False,False,False,True,False,0
0.481032480995874,-0.2754961522319926,-1.042417869490058,0.098839206029666,0.8084361535388619,1,1,-0.1248715836253048,0,1.4165182832801098,1.4147554988724491,True,False,False,True,False,False,0
-2.082267086846782,-0.0853512796708728,1.3867528138540912,-0.2340753768349132,-0.9166876736979732,1,1,1.1667737213546128,0,-1.4321861577055308,0.0943946841074264,False,True,False,True,False,False,0
-0.1727645747696618,0.1998660291708067,1.7337771971889695,-1.2184705569895626,0.8084361535388619,1,1,-0.6682930072182482,0,1.4165182832801098,1.2280378078955771,False,False,True,False,True,False,0
-1.438847762125144,-0.7508583336347919,-0.0013447194854226,1.5811063509870324,-0.9166876736979732,1,0,-0.2815364366785153,0,1.4165182832801098,0.1477425958151041,False,False,True,False,False,True,0
0.3357442463813104,0.1998660291708067,-1.3894422528249364,0.9298369386481564,-0.9166876736979732,0,0,1.340084050958026,0,-1.4321861577055308,-0.6702587170359536,False,False,True,False,True,False,0
-0.785050706359608,-1.416365387598711,-0.6953934861551795,-1.2184705569895626,-0.9166876736979732,0,1,-0.381346182366523,1,-0.7200100474591208,1.4725490698891,True,False,False,False,False,True,0
-0.4840965060865836,-0.3705685885125524,0.3456796638494558,-1.2184705569895626,0.8084361535388619,1,1,-0.9601739952359198,0,-0.0078339372127105,-1.6260754684651788,True,False,False,False,False,True,0
0.3668774395130026,-0.0853512796708728,-0.348369102820301,0.664954651167857,-0.9166876736979732,0,1,-0.2092431831491107,0,1.4165182832801098,0.9790808865930812,True,True,False,False,False,False,0
-0.152009112681867,-0.5607134610736721,1.3867528138540912,0.6053977730629231,-0.9166876736979732,0,1,-0.610529272462889,0,-1.4321861577055308,0.4367104508983582,False,False,False,False,True,False,0
-1.7501796934420657,1.0555179556958456,1.3867528138540912,-1.2184705569895626,0.8084361535388619,1,1,0.1841065866371017,0,1.4165182832801098,0.4411561102073313,False,False,False,False,False,True,0
0.2734778601179261,-1.1311480787570314,-1.042417869490058,-1.2184705569895626,0.8084361535388619,1,1,-1.516292208686025,0,0.7043421730336995,1.748179947045435,True,False,True,True,False,False,0
1.4772946612100235,0.1998660291708067,0.6927040471843343,-1.2184705569895626,0.8084361535388619,1,1,-0.4547693955990701,0,-0.7200100474591208,-1.5149339857408504,False,False,False,True,False,False,0
0.3668774395130026,-0.9410032061959116,-0.348369102820301,0.0454233429384149,-0.9166876736979732,1,0,0.3773476041449075,1,0.7043421730336995,1.2680487416763355,False,True,False,False,False,True,0
-1.7398019623981682,-0.4656410247931123,-0.348369102820301,1.1551512678353657,-0.9166876736979732,0,1,-1.159569546298402,0,-0.0078339372127105,0.7434609432175049,False,True,False,False,False,False,0
-1.0652494445448375,0.5801557742930463,0.3456796638494558,0.7707496657817602,-0.9166876736979732,1,1,0.7987648496716988,0,0.7043421730336995,-0.9859005279730466,True,True,False,False,False,False,0
2.058447599668278,0.009721156609687,-1.736466636159815,1.0523627968253455,-0.9166876736979732,1,1,-0.1335840441152996,0,-0.0078339372127105,-0.3857365212616727,True,False,True,False,False,False,0
-0.3699414646037122,1.9111698822208845,-0.0013447194854226,1.244997895941696,-0.9166876736979732,1,1,-1.4384307001246392,0,0.7043421730336995,0.3300146274830028,True,False,False,False,False,True,0
1.5706942406051003,0.3900109017319265,-0.6953934861551795,-1.2184705569895626,-0.9166876736979732,1,0,-0.4934310911567882,0,0.7043421730336995,-1.1370529444781334,True,False,True,False,False,True,0
-1.6982910382225789,-0.4656410247931123,-0.6953934861551795,-1.2184705569895626,0.8084361535388619,1,1,0.4441958741347956,0,-1.4321861577055308,1.632592805012133,True,False,False,True,False,False,0
1.3631396197271524,0.009721156609687,1.3867528138540912,-1.2184705569895626,0.8084361535388619,1,0,0.7532162940060437,0,0.7043421730336995,-1.3593359099267903,True,False,True,False,False,False,0
1.1140740746736149,-1.606510260159831,-0.0013447194854226,-1.2184705569895626,-0.9166876736979732,1,0,-1.3583878599067485,0,-1.4321861577055308,0.6723303942739347,False,False,False,False,False,False,0
-0.8576948236668898,-0.3705685885125524,-0.6953934861551795,0.6543244749247739,-0.9166876736979732,0,0,-0.1033197625816441,0,-1.4321861577055308,-0.8614220673217987,True,False,True,True,False,False,0
0.0451677771521834,0.4850833380124864,1.7337771971889695,1.080251538844857,-0.9166876736979732,0,0,0.4696635210646198,0,-1.4321861577055308,0.0321554537818024,True,False,False,False,False,False,0
1.217851385112589,0.009721156609687,1.0397284305192127,-1.2184705569895626,-0.9166876736979732,0,1,-1.3807674603236448,0,-0.0078339372127105,0.9835265459020543,False,False,False,True,False,False,0
0.3046110532496183,0.8653730831347259,1.0397284305192127,1.0147451371603782,-0.9166876736979732,1,1,1.097974840823171,0,-1.4321861577055308,-0.8303024521589867,False,True,False,True,False,False,0
0.0555455081960808,-0.0853512796708728,-0.0013447194854226,0.7632169755627864,-0.9166876736979732,0,0,-0.92865039717205,1,-1.4321861577055308,-0.9859005279730466,False,True,False,False,False,True,0
0.3046110532496183,1.7210250096597648,-1.042417869490058,1.556332066640475,-0.9166876736979732,0,1,0.5482603119132176,0,-0.0078339372127105,1.1702442368789263,False,False,True,False,False,False,0
-1.1171380997643243,-1.606510260159831,-0.348369102820301,-1.2184705569895626,0.8084361535388619,1,0,-0.5289654463266887,0,-0.0078339372127105,-0.0434207544707409,True,False,True,False,False,True,0
0.5951875224787453,-0.8459307699153518,-0.0013447194854226,-1.2184705569895626,0.8084361535388619,0,1,1.0598380488419703,0,-0.0078339372127105,-0.839193770776933,False,False,False,False,True,False,0
1.3631396197271524,-0.0853512796708728,1.3867528138540912,0.608946448770478,-0.9166876736979732,1,0,0.918688886502523,0,-0.7200100474591208,-1.1726182189499186,True,False,False,True,False,False,0
-0.7227843200962236,-0.8459307699153518,-1.042417869490058,-1.2184705569895626,0.8084361535388619,1,1,0.5493954876174519,0,-0.7200100474591208,-1.470477392651119,True,False,False,True,False,False,0
1.6018274337367924,0.8653730831347259,-0.348369102820301,1.418566308240045,-0.9166876736979732,1,1,-1.3734043793160455,0,-0.7200100474591208,1.0857767100084368,True,False,False,False,True,False,0
0.6470761776982322,2.291459627343124,-0.348369102820301,0.992361453652546,-0.9166876736979732,0,1,1.151801711821297,0,-1.4321861577055308,1.503668685051912,True,False,False,True,False,False,0
-2.663420025305036,-0.4656410247931123,-0.0013447194854226,0.478879894879577,-0.9166876736979732,1,1,-1.4440450298329297,1,-0.0078339372127105,-0.2568124013014516,False,True,False,True,False,False,0
-1.708668769266476,1.3407352645375252,-0.348369102820301,1.9787557659532216,-0.9166876736979732,1,1,-1.3252716428429114,1,-1.4321861577055308,0.5300692963867942,True,False,False,False,False,True,0
-0.1831423058135592,-0.1804237159514327,-0.0013447194854226,0.6283307936196917,0.8084361535388619,0,0,1.188387786677966,0,-0.0078339372127105,-1.537162282285716,True,False,False,True,False,False,0
1.3320064265954603,-1.226220515037591,-0.6953934861551795,1.028779089656255,-0.9166876736979732,1,0,0.2905809907865437,0,-0.7200100474591208,-0.90587866041153,False,False,False,False,False,True,0
-0.4737187750426862,0.5801557742930463,-0.0013447194854226,-0.1964501920048923,-0.9166876736979732,1,1,-0.1168990998235039,0,1.4165182832801098,1.4814403885070462,True,True,False,False,False,True,0
-0.9614721341058636,0.5801557742930463,1.0397284305192127,-0.8335111320625989,-0.9166876736979732,0,1,1.2057683716486778,1,1.4165182832801098,1.0857767100084368,True,False,False,False,False,False,0
0.9999190331907436,0.1047935928902469,-0.6953934861551795,0.3073304683542051,-0.9166876736979732,0,0,1.2359236387595187,0,0.7043421730336995,0.2677753971573789,True,False,False,True,False,False,0
-1.8228238107493475,0.1047935928902469,-0.348369102820301,-1.2184705569895626,0.8084361535388619,0,0,1.4277194762315468,0,-1.4321861577055308,-0.5279976191488132,False,False,False,True,False,False,0
0.8857639917078723,0.4850833380124864,0.6927040471843343,-1.2184705569895626,0.8084361535388619,0,0,-0.7395022018541162,0,-0.7200100474591208,-1.2970966796011665,True,False,False,False,True,False,0
-0.2454086920769435,-1.321292951318151,0.6927040471843343,-1.2184705569895626,0.8084361535388619,1,1,1.661234802967889,0,-0.7200100474591208,-0.4968780039860012,True,False,False,False,True,False,0
-1.2728040654227857,-0.6557858973542321,1.3867528138540912,1.1430525636375046,-0.9166876736979732,1,0,-1.1609938623298142,0,0.7043421730336995,-1.5860645346844204,True,False,False,False,True,False,0
0.5848097914348479,-0.6557858973542321,1.7337771971889695,0.1683062461809281,0.8084361535388619,1,1,1.2465889700582071,0,0.7043421730336995,-1.2304117899665694,True,False,False,False,True,False,0
-0.2142754989452513,0.1047935928902469,-0.6953934861551795,0.509906950946363,-0.9166876736979732,1,0,-0.8342414728809836,1,0.7043421730336995,0.5389606150047405,True,True,False,False,False,False,0
-1.5426250725641175,-0.7508583336347919,-0.348369102820301,-1.2184705569895626,0.8084361535388619,1,1,-1.3698302015013812,0,-1.4321861577055308,1.0502114355366516,True,False,True,False,False,False,0
0.086678701327773,-0.4656410247931123,-1.3894422528249364,-1.2184705569895626,0.8084361535388619,1,0,-1.5776440305922927,0,-0.0078339372127105,1.094668028626383,True,False,False,False,False,False,0
-0.6605179338328393,-0.5607134610736721,-1.042417869490058,-1.2184705569895626,0.8084361535388619,1,1,-1.5291181815035555,0,-1.4321861577055308,-0.6124651460193028,True,False,True,False,True,False,0
-0.7124065890523262,0.4850833380124864,1.0397284305192127,-1.2184705569895626,0.8084361535388619,1,1,-1.2692211905794384,0,0.7043421730336995,1.0235374796828127,False,False,False,False,False,False,0
-1.7916906176176552,-1.1311480787570314,-1.042417869490058,1.5428399260284809,-0.9166876736979732,1,1,-1.0452174157003236,0,-0.0078339372127105,0.4322647915893851,True,False,True,False,False,False,0
-0.4322078508670966,1.7210250096597648,0.6927040471843343,-0.0641910932150895,4.258683808012532,0,1,0.2225064389400218,1,-0.7200100474591208,1.303614016148121,False,False,False,True,False,False,0
-0.6397624717450445,0.3900109017319265,1.0397284305192127,-1.2184705569895626,0.8084361535388619,1,1,0.751052349019844,0,-0.7200100474591208,-1.0837050327704556,True,False,False,False,False,True,0
0.8442530675322827,-0.8459307699153518,-1.736466636159815,0.1155535582737908,-0.9166876736979732,0,0,-0.7417516892582183,0,-0.7200100474591208,0.0899490247984533,False,False,True,False,True,False,0
-1.8643347349249368,-0.9410032061959116,1.0397284305192127,0.4225000774164503,-0.9166876736979732,0,1,1.404725952486169,0,0.7043421730336995,0.9123959969584844,True,False,False,False,False,True,0
-1.075627175588735,1.7210250096597648,0.3456796638494558,0.0010168636255486,-0.9166876736979732,1,1,0.5756072840363436,0,-0.7200100474591208,0.9301786341943769,True,False,False,False,True,False,0
-1.978489776407808,-1.0360756424764714,1.0397284305192127,-1.2184705569895626,-0.9166876736979732,1,1,0.0507421320601573,0,0.7043421730336995,1.1302333030981682,False,False,False,False,False,False,0
1.2904955024198703,-0.2754961522319926,-1.3894422528249364,-1.2184705569895626,0.8084361535388619,1,0,-0.8163655416732737,0,-0.0078339372127105,-1.2348574492755424,True,False,False,False,False,False,0
0.1697005496789521,0.2949384654513666,-0.6953934861551795,1.1905600513921648,-0.9166876736979732,1,0,0.1340154156207763,0,-1.4321861577055308,-1.2081834934217035,True,False,False,False,False,False,0
-1.7398019623981682,-0.9410032061959116,-0.348369102820301,0.8647895720319667,-0.9166876736979732,1,0,1.105559254143757,0,-1.4321861577055308,-1.5905101939933937,False,False,False,True,False,False,0
-1.366203644817862,-0.4656410247931123,-0.348369102820301,0.9271285196683242,-0.9166876736979732,1,1,1.613097372093772,0,1.4165182832801098,-0.3723995433347533,True,False,False,False,True,False,0
0.532921136215361,-0.1804237159514327,1.0397284305192127,0.4780807863948085,0.8084361535388619,0,1,-0.4567911176221725,0,-1.4321861577055308,0.0543837503266681,True,False,False,False,False,False,0
1.311250964507665,-0.4656410247931123,-0.0013447194854226,1.0080826442194482,0.8084361535388619,0,0,-0.5647532991496407,0,-0.7200100474591208,1.2991683568391474,True,False,False,False,False,True,0
-0.5878738165255575,1.2456628282569653,1.3867528138540912,-1.2184705569895626,-0.9166876736979732,1,1,0.10274427200974,1,0.7043421730336995,-0.5680085529295714,True,False,False,True,False,False,0
-1.656780114046989,-0.9410032061959116,-1.3894422528249364,1.0965897929461808,-0.9166876736979732,1,1,1.666729164651073,0,-0.0078339372127105,-1.5816188753754474,True,False,False,False,False,True,0
-0.1312536505940722,-0.3705685885125524,1.0397284305192127,-1.2184705569895626,0.8084361535388619,1,0,1.2179816382046484,0,-0.0078339372127105,-0.7369436066705508,True,False,False,False,False,False,0
0.13856735654726,-1.0360756424764714,1.0397284305192127,1.8460779797886104,0.8084361535388619,1,0,-0.2989271059180041,0,0.7043421730336995,-1.2748683830563008,True,False,False,False,False,True,0
0.0244123150643886,0.1047935928902469,0.3456796638494558,-1.2184705569895626,-0.9166876736979732,0,0,1.45077141918915,1,0.7043421730336995,0.5033953405329553,True,False,False,False,False,False,0
0.325366515337413,0.1998660291708067,-1.736466636159815,1.164976091307785,-0.9166876736979732,1,1,1.1037063566893193,0,-0.7200100474591208,-1.3860098657806292,True,False,True,True,False,False,0
0.5536765983031557,0.009721156609687,1.0397284305192127,1.088750172058944,-0.9166876736979732,1,1,-1.5430483817521763,0,-0.7200100474591208,-1.7238799732625878,False,False,True,True,False,False,0
0.6885871018738219,1.2456628282569653,1.0397284305192127,0.0540076349462006,2.533559980775697,1,1,-1.1824669217569914,1,-0.0078339372127105,1.4369837954173148,True,False,False,False,False,True,0
-0.9614721341058636,1.2456628282569653,-1.042417869490058,-1.2184705569895626,-0.9166876736979732,1,0,0.4969510307753016,1,-0.0078339372127105,1.2991683568391474,True,False,False,False,False,False,0
-0.6916511269645315,-0.6557858973542321,1.0397284305192127,1.0984136047574404,0.8084361535388619,0,0,1.2353450103717578,0,-1.4321861577055308,0.712341328054693,False,False,False,False,True,False,0
0.1074341634155678,0.009721156609687,-0.0013447194854226,0.9927551638837712,-0.9166876736979732,0,0,-1.405443839887874,0,-0.7200100474591208,1.067994072772544,False,False,False,False,True,False,0
-1.314314989598375,0.770300646854166,-1.3894422528249364,0.6722300447859447,-0.9166876736979732,1,0,-0.2140387745527238,1,-0.0078339372127105,-1.3193249761460322,False,True,False,False,False,False,0
1.2697400403320758,-0.6557858973542321,-0.348369102820301,-1.2184705569895626,0.8084361535388619,0,0,0.2515475682176981,0,-0.7200100474591208,-0.6346934425641685,False,False,False,True,False,False,0
-0.1104981885062774,-0.2754961522319926,-1.3894422528249364,-1.2184705569895626,0.8084361535388619,1,0,0.0276465485600875,0,-0.7200100474591208,-1.5327166229767428,False,False,True,True,False,False,0
-1.4492254931690411,0.1998660291708067,0.3456796638494558,-1.2184705569895626,-0.9166876736979732,1,1,0.0013304321193637,0,-0.0078339372127105,1.3925272023275834,False,False,False,False,True,False,0
1.3942728128588446,0.009721156609687,0.6927040471843343,-1.2184705569895626,0.8084361535388619,0,0,0.0086637819207409,0,-0.0078339372127105,1.5614622560685627,False,False,True,False,False,True,0
0.034790046108286,0.5801557742930463,-1.736466636159815,-1.2184705569895626,0.8084361535388619,1,0,1.1544648281119625,0,-0.7200100474591208,-0.7680632218333627,False,False,False,True,False,False,0
-1.6671578450908864,-0.2754961522319926,-1.736466636159815,-0.3639779781935757,-0.9166876736979732,1,1,0.060902554453179,0,-1.4321861577055308,-0.2968233350822098,False,False,False,True,False,False,0
0.0451677771521834,0.770300646854166,-1.3894422528249364,-1.2184705569895626,0.8084361535388619,1,1,1.6957330864542954,0,1.4165182832801098,-0.9103243197205032,True,False,True,False,False,True,0
1.0414299573663333,0.8653730831347259,-0.0013447194854226,0.6397661625235443,-0.9166876736979732,1,0,0.9769064133528508,1,1.4165182832801098,-1.5193796450498234,True,False,True,False,True,False,0
0.7508534881372062,-0.8459307699153518,0.6927040471843343,0.6278373349240282,-0.9166876736979732,1,0,-1.4816009331592297,0,-1.4321861577055308,1.6814950574108374,True,True,False,False,False,True,0
-0.494474237130481,3.052039117587603,1.7337771971889695,-1.2184705569895626,0.8084361535388619,1,1,0.5138267068403467,0,-1.4321861577055308,0.6367651198021496,False,False,True,True,False,False,0
0.3357442463813104,-1.321292951318151,-1.3894422528249364,-1.2184705569895626,0.8084361535388619,0,1,0.7745271357992726,0,-0.7200100474591208,1.3213966533840131,False,False,False,False,False,False,0
1.3320064265954603,-0.1804237159514327,-0.6953934861551795,-1.2184705569895626,0.8084361535388619,0,0,1.420934675878302,1,0.7043421730336995,1.7081690132646763,False,False,False,False,True,False,0
-0.6605179338328393,-0.8459307699153518,-1.736466636159815,0.5451157572446019,-0.9166876736979732,1,0,-1.6454812543891475,1,0.7043421730336995,-1.030357121062778,False,True,False,True,False,False,0
-0.8161838994913002,0.770300646854166,-0.348369102820301,1.2235651050988685,-0.9166876736979732,0,1,1.1059101171505183,1,0.7043421730336995,-1.4838143705780382,False,True,False,True,False,False,0
0.667831639786027,-0.3705685885125524,-0.348369102820301,1.0939785606724706,-0.9166876736979732,1,0,0.5859544392684446,0,-0.7200100474591208,-0.4968780039860012,True,False,False,False,True,False,0
-1.1897822170716064,-0.1804237159514327,-0.6953934861551795,-1.2184705569895626,0.8084361535388619,1,1,-1.3879425914252437,0,-0.7200100474591208,1.067994072772544,True,False,False,False,False,True,0
0.2215892048984391,2.481604499904244,-1.736466636159815,-1.2184705569895626,-0.9166876736979732,1,1,-0.255548580573156,0,-0.0078339372127105,-0.0523120730886871,True,False,False,False,False,True,0
-0.3906969266915071,-0.1804237159514327,1.3867528138540912,-1.2184705569895626,0.8084361535388619,1,1,-0.6677905324464245,0,-0.7200100474591208,0.1432969365061309,False,False,True,False,False,True,0
-0.5152296992182758,1.6259525733792048,-0.6953934861551795,0.6371265907984609,2.533559980775697,1,0,-1.673556032531254,1,0.7043421730336995,1.072439732081517,False,False,False,False,True,False,0
-0.3076750783403279,-0.8459307699153518,-1.042417869490058,1.320629327151277,2.533559980775697,1,0,0.7286972638080776,1,-0.7200100474591208,1.663712420174945,False,False,False,False,False,False,0
-0.0586095332867904,0.1047935928902469,-0.0013447194854226,0.2814458218874572,0.8084361535388619,1,1,1.3742766767804653,0,0.7043421730336995,-1.3726728878537098,True,False,False,False,False,True,0
0.7093425639616167,-0.4656410247931123,-0.6953934861551795,-1.2184705569895626,0.8084361535388619,1,1,-0.4065613748435139,0,0.7043421730336995,-1.06147673622559,True,False,True,False,False,False,0
1.2074736540686914,0.9604455194152858,-1.3894422528249364,0.9171498305870368,-0.9166876736979732,1,0,0.0341809808609354,1,-0.7200100474591208,0.3433516054099223,True,True,False,False,True,False,0
-0.5982515475694549,-0.0853512796708728,-0.348369102820301,-1.2184705569895626,0.8084361535388619,0,0,1.5031254653457125,0,-1.4321861577055308,-0.5768998715475178,True,False,False,False,False,True,0
-0.5463628923499679,0.9604455194152858,-1.042417869490058,-1.2184705569895626,0.8084361535388619,1,0,0.1870673627233943,0,1.4165182832801098,-0.7991828369961748,False,False,True,False,False,True,0
0.0451677771521834,3.4323288627098423,-0.6953934861551795,-1.2184705569895626,0.8084361535388619,1,1,-1.7239652057474637,0,-0.7200100474591208,-1.092596351388402,False,False,False,False,False,False,0
0.3461219774252078,0.3900109017319265,0.3456796638494558,0.659660457387582,-0.9166876736979732,0,0,-0.5516713945452163,0,0.7043421730336995,1.637038464321106,False,False,True,False,False,False,0
-0.1208759195501748,3.4323288627098423,-1.3894422528249364,0.4836242712812315,0.8084361535388619,0,1,0.2259829036675701,0,-0.7200100474591208,0.4278191322804119,False,True,False,False,True,False,0
-0.5359851613060705,-0.4656410247931123,-1.736466636159815,-1.2184705569895626,0.8084361535388619,0,1,-1.6808573908592694,0,-0.7200100474591208,1.5881362119224016,True,False,False,True,False,False,0
-0.7124065890523262,-1.226220515037591,1.7337771971889695,-0.0523011723200012,0.8084361535388619,1,0,-0.0632725232672954,0,-0.0078339372127105,-0.5413345970757326,False,True,False,False,False,False,0
0.3668774395130026,-1.226220515037591,0.3456796638494558,-1.2184705569895626,0.8084361535388619,1,1,-1.173985530115354,0,-0.7200100474591208,-1.5549449195216083,False,False,False,False,False,True,0
-0.1312536505940722,-1.1311480787570314,-1.042417869490058,-1.2184705569895626,0.8084361535388619,0,0,0.4314135418597315,0,-0.0078339372127105,-0.2923776757732367,False,False,False,False,True,False,0
0.3772551705569,-0.6557858973542321,-0.0013447194854226,-1.2184705569895626,0.8084361535388619,0,1,1.3418420171925969,0,-0.7200100474591208,1.1435702810250876,False,False,False,False,False,True,0
0.2527223980301313,-0.2754961522319926,-0.6953934861551795,0.2499227453666916,-0.9166876736979732,1,1,-0.0875916067567503,0,1.4165182832801098,-1.4971513485049577,False,False,False,False,True,False,0
0.5744320603909505,-0.7508583336347919,-1.042417869490058,0.107046119015492,0.8084361535388619,0,0,-0.1566121673345847,0,1.4165182832801098,-0.0967686661784185,False,False,False,False,True,False,0
1.8197597856586376,0.6752282105736062,-1.3894422528249364,1.7159646738084382,-0.9166876736979732,1,1,-1.512136446749648,0,0.7043421730336995,-0.4257474550424309,True,False,True,False,False,False,0
-0.0378540711989956,1.3407352645375252,0.3456796638494558,0.5619740482841199,-0.9166876736979732,1,1,0.3670500009231766,0,0.7043421730336995,0.4811670439880896,False,False,True,False,True,False,0
0.0036568529765938,0.1998660291708067,1.3867528138540912,1.334226019524552,-0.9166876736979732,1,0,1.3551629885137193,0,1.4165182832801098,1.1080050065533025,True,True,False,True,False,False,0
-0.9614721341058636,0.009721156609687,-1.042417869490058,-1.2184705569895626,0.8084361535388619,1,1,0.3602485093664392,0,-1.4321861577055308,-0.6835956949628731,False,False,True,False,True,False,0
-0.2557864231208409,-0.3705685885125524,0.6927040471843343,-1.2184705569895626,-0.9166876736979732,1,0,1.5176297734478152,0,0.7043421730336995,-1.5593905788305815,False,False,True,True,False,False,0
-1.1897822170716064,-0.1804237159514327,0.3456796638494558,-1.2184705569895626,-0.9166876736979732,1,1,-1.4366409162834095,0,-0.7200100474591208,-1.2037378341127305,True,False,False,False,True,False,0
-0.2765418852086357,-0.1804237159514327,0.6927040471843343,0.6371297929963561,-0.9166876736979732,1,0,-0.9031512803689732,0,1.4165182832801098,1.6281471457031598,False,False,False,True,False,False,0
1.5499387785173055,1.8160974459403243,-1.3894422528249364,0.0616818623121461,0.8084361535388619,1,1,-1.2161471624055329,0,-1.4321861577055308,0.6812217128918809,True,False,True,True,False,False,0
0.0555455081960808,-0.8459307699153518,-1.3894422528249364,1.0192594356432565,0.8084361535388619,1,1,-1.3407454316812386,0,1.4165182832801098,0.5522975929316599,True,True,False,False,False,True,0
-0.0274763401550982,-0.2754961522319926,1.0397284305192127,-1.2184705569895626,0.8084361535388619,0,1,0.152109027940709,0,-0.0078339372127105,0.2988950123201909,False,False,False,False,False,False,0
0.0659232392399782,-0.9410032061959116,-0.348369102820301,0.0666130869609905,-0.9166876736979732,1,1,-1.3877774180573432,0,-0.7200100474591208,-0.8303024521589867,True,False,False,True,False,False,0
0.2734778601179261,-0.7508583336347919,-1.042417869490058,-1.2184705569895626,0.8084361535388619,1,1,-0.7237724812288947,0,-1.4321861577055308,1.2502661044404428,True,False,False,False,False,False,0
1.311250964507665,-0.5607134610736721,-1.3894422528249364,-1.2184705569895626,0.8084361535388619,1,0,-0.2606533069747976,0,-0.7200100474591208,0.0766120468715338,True,False,False,False,False,False,0
-1.5322473415202202,-0.6557858973542321,1.0397284305192127,2.090420569419077,-0.9166876736979732,0,0,-1.4630770007492402,0,-1.4321861577055308,1.2991683568391474,False,False,False,False,False,True,0
0.429143825776387,0.1047935928902469,-0.348369102820301,0.8735567095395731,-0.9166876736979732,1,1,0.0258656319207139,0,-0.0078339372127105,1.348070609237852,True,False,False,False,False,True,0
0.3876329016007974,0.770300646854166,-1.3894422528249364,0.2845122465919824,2.533559980775697,1,0,0.981427643099046,1,0.7043421730336995,-1.2126291527306767,True,False,False,False,False,False,0
1.0829408815419228,-0.9410032061959116,-1.042417869490058,0.6614147815045142,0.8084361535388619,1,0,-1.661163857137841,0,-1.4321861577055308,-0.1856818523578813,True,False,True,False,False,False,0
0.3876329016007974,0.009721156609687,0.6927040471843343,-1.2184705569895626,0.8084361535388619,0,0,-1.486807197715454,0,-0.7200100474591208,0.3255689681740297,True,False,False,False,True,False,0
1.933914827141509,-0.7508583336347919,-1.042417869490058,-1.2184705569895626,0.8084361535388619,1,0,-1.6031958290063946,0,-1.4321861577055308,0.7834718769982632,True,False,False,True,False,False,0
0.9168971848395644,-0.2754961522319926,0.6927040471843343,-1.2184705569895626,-0.9166876736979732,1,1,-1.5170546141789134,0,1.4165182832801098,-0.6258021239462223,True,False,False,False,False,True,0
-0.4840965060865836,0.770300646854166,0.6927040471843343,1.065393660830524,-0.9166876736979732,1,0,1.5453095264405847,0,-0.0078339372127105,-1.5638362381395547,True,False,True,False,True,False,0
1.3838950818149471,-0.2754961522319926,-1.042417869490058,-1.2184705569895626,-0.9166876736979732,0,1,-0.671476506551152,0,-0.7200100474591208,0.0010358386189905,True,False,False,False,True,False,0
1.2386068472003835,-1.511437823879271,0.6927040471843343,1.2812248410607407,-0.9166876736979732,1,0,-0.4771018781394394,0,-0.0078339372127105,0.7212326466726392,False,False,False,False,False,False,0
0.2734778601179261,-0.0853512796708728,-0.6953934861551795,-1.2184705569895626,0.8084361535388619,1,0,-0.5888811292657371,0,-1.4321861577055308,-1.2259661306575962,True,False,False,False,False,True,0
-0.1416313816379696,-1.416365387598711,-1.3894422528249364,-1.2184705569895626,0.8084361535388619,0,1,1.0808573161741788,0,-1.4321861577055308,-0.176790533739935,True,False,False,True,False,False,0
-1.023738520369248,-1.1311480787570314,-0.6953934861551795,-1.2184705569895626,0.8084361535388619,0,0,1.0322269731969067,0,1.4165182832801098,-1.3637815692357635,False,False,False,True,False,False,0
0.0555455081960808,1.0555179556958456,1.3867528138540912,-1.2184705569895626,0.8084361535388619,0,0,-1.0998778036728865,0,0.7043421730336995,1.6192558270852135,True,False,False,True,False,False,0
-0.3906969266915071,-1.8917275690015103,-0.0013447194854226,0.3417281579255682,0.8084361535388619,1,0,0.3893231949178047,0,1.4165182832801098,-0.047866413779714,False,False,False,False,True,False,0
-0.3284305404281227,-1.7015826964403906,1.3867528138540912,-1.2184705569895626,0.8084361535388619,0,0,0.9467302822376434,0,0.7043421730336995,-0.9192156383384495,True,False,True,False,False,True,0
-0.7227843200962236,1.2456628282569653,-1.042417869490058,1.2065199658121606,-0.9166876736979732,0,1,-1.0351620087959457,0,1.4165182832801098,1.254711763749416,True,False,False,False,False,False,0
0.6470761776982322,0.6752282105736062,-1.3894422528249364,-1.2184705569895626,-0.9166876736979732,1,0,0.8995254723587041,1,-0.7200100474591208,0.6234281418752301,True,False,False,False,True,False,0
-0.2142754989452513,0.6752282105736062,1.3867528138540912,1.355081934416544,-0.9166876736979732,0,1,-0.120459542168627,0,-0.0078339372127105,-0.1367795999591768,True,False,True,False,False,True,0
0.875386260663975,1.0555179556958456,1.3867528138540912,0.6437517781339109,-0.9166876736979732,1,0,1.476634439001717,1,-1.4321861577055308,0.6812217128918809,True,True,False,True,False,False,0
-0.0067208780673035,-1.0360756424764714,0.6927040471843343,-1.2184705569895626,0.8084361535388619,1,0,-1.7318398025954451,0,-1.4321861577055308,-0.9947918465909928,True,False,False,False,False,True,0
-1.1482712928960168,-0.1804237159514327,1.3867528138540912,0.6810239206459767,-0.9166876736979732,1,1,-0.4673510856988107,0,-0.7200100474591208,0.7301239652905855,True,False,False,True,False,False,0
-0.2972973472964305,-1.416365387598711,0.6927040471843343,1.1538430098852466,0.8084361535388619,1,1,0.1571589863308887,0,-0.0078339372127105,1.2324834672045504,False,False,False,False,True,False,0
-1.9058456591005264,0.6752282105736062,0.6927040471843343,0.2456343619453259,-0.9166876736979732,1,0,-1.5556394606538817,0,-1.4321861577055308,0.6278738011842032,True,False,False,True,False,False,0
-1.8747124659688343,0.2949384654513666,-0.6953934861551795,1.4225671342904145,-0.9166876736979732,1,0,1.5665473442185311,0,-0.0078339372127105,-1.092596351388402,True,False,False,False,False,False,0
0.2319669359423365,0.4850833380124864,-0.6953934861551795,0.2049417917514114,-0.9166876736979732,1,0,-0.4642235714442899,0,-0.0078339372127105,0.5434062743137136,True,True,False,False,False,True,0
-1.3558259137739646,-1.606510260159831,-0.0013447194854226,-1.2184705569895626,0.8084361535388619,1,1,-0.0104813762192572,0,-1.4321861577055308,0.77902621768929,True,False,False,False,True,False,0
-0.5567406233938653,0.009721156609687,-1.3894422528249364,-1.2184705569895626,0.8084361535388619,1,0,1.0205806859595925,0,0.7043421730336995,-0.5057693226039475,True,False,True,True,False,False,0
1.0206744952785385,-0.2754961522319926,0.3456796638494558,-1.2184705569895626,0.8084361535388619,1,1,-0.7061575239424674,0,-0.0078339372127105,-1.0481397582986705,False,False,True,False,True,False,0
1.010296764234641,-0.5607134610736721,1.7337771971889695,0.0094477703541501,-0.9166876736979732,0,1,-1.2176730165915273,0,-0.0078339372127105,-0.176790533739935,False,True,False,False,False,True,0
1.2801177713759733,0.1047935928902469,1.3867528138540912,0.8023186938423232,-0.9166876736979732,1,0,-0.525681104306014,0,-0.0078339372127105,-1.5327166229767428,True,False,False,False,False,False,0
-0.1935200368574565,0.4850833380124864,0.6927040471843343,-1.2184705569895626,0.8084361535388619,1,0,-1.2287159863692474,0,-0.7200100474591208,0.0899490247984533,False,False,False,False,False,True,0
0.1904560117667469,-0.2754961522319926,-1.042417869490058,0.1307185270662821,0.8084361535388619,0,0,-1.0747848394881416,0,1.4165182832801098,-0.4390844329693503,False,True,False,False,False,True,0
0.1178118944594652,-0.5607134610736721,1.3867528138540912,-1.2184705569895626,0.8084361535388619,0,0,-0.1550311974037222,0,1.4165182832801098,1.16135291826098,True,False,True,False,True,False,0
0.6885871018738219,0.009721156609687,0.3456796638494558,-1.2184705569895626,0.8084361535388619,0,1,-0.6353470056567005,0,-1.4321861577055308,-0.1056599847963648,True,False,True,False,False,True,0
-0.2142754989452513,-0.7508583336347919,1.0397284305192127,0.9860460789634644,-0.9166876736979732,1,0,1.558468627861165,0,-1.4321861577055308,-0.4835410260590818,False,False,False,True,False,False,0
1.5810719716489976,1.0555179556958456,-0.348369102820301,-1.2184705569895626,-0.9166876736979732,1,1,-1.5975641126277993,1,-0.7200100474591208,-0.554671575002652,False,False,False,True,False,False,0
0.3980106326446948,0.009721156609687,0.3456796638494558,-1.2184705569895626,0.8084361535388619,1,0,1.0449665342630197,0,-1.4321861577055308,-0.3990734991885921,True,False,False,False,True,False,0
0.034790046108286,-0.2754961522319926,-1.042417869490058,1.137539979960771,-0.9166876736979732,1,1,-0.2193229313919161,0,1.4165182832801098,0.3255689681740297,False,False,False,True,False,False,0
-0.3595637335598148,1.8160974459403243,-0.6953934861551795,0.6872334626946188,0.8084361535388619,1,0,-1.1341681425824417,1,-0.7200100474591208,-0.6880413542718462,False,True,False,False,True,False,0
-2.435109942339293,-0.4656410247931123,0.6927040471843343,-1.2184705569895626,0.8084361535388619,1,0,-0.7898329611872487,0,0.7043421730336995,1.6103645084672673,True,False,False,False,False,True,0
-1.708668769266476,0.6752282105736062,-0.348369102820301,0.944143077965132,0.8084361535388619,1,1,-0.9769013630032604,1,-0.7200100474591208,-0.9192156383384495,False,True,False,False,True,False,0
-0.7227843200962236,0.6752282105736062,1.0397284305192127,-0.1367151115870858,-0.9166876736979732,1,0,-0.9723530100513892,1,-1.4321861577055308,-0.6791500356539,False,False,True,False,False,True,0
-0.5671183544377627,-1.0360756424764714,-1.736466636159815,1.0663929066837476,-0.9166876736979732,1,0,0.4659992802977739,0,0.7043421730336995,1.059102754154598,False,False,False,False,True,False,0
0.3980106326446948,-0.8459307699153518,-0.0013447194854226,-1.2184705569895626,0.8084361535388619,0,1,-0.3778342488315517,0,-0.0078339372127105,1.5436796188326702,False,False,True,False,False,True,0
0.3668774395130026,0.4850833380124864,0.6927040471843343,-1.2184705569895626,2.533559980775697,1,0,0.9636080447031248,1,-0.7200100474591208,-1.2037378341127305,False,False,True,False,False,True,0
0.9687858400590514,0.6752282105736062,-1.042417869490058,0.7383956189071682,-0.9166876736979732,1,1,0.3058803913217088,0,-0.0078339372127105,0.7745805583803169,True,False,False,False,False,False,0
0.5848097914348479,1.4358077008180852,1.0397284305192127,1.1055469808988725,-0.9166876736979732,0,1,0.4325782749034849,1,0.7043421730336995,1.1391246217161144,False,True,False,False,True,False,0
-0.8576948236668898,-0.4656410247931123,0.3456796638494558,1.1008067673544817,-0.9166876736979732,0,0,1.6712768221361318,0,0.7043421730336995,0.4011451764265731,False,False,True,True,False,False,0
-0.7124065890523262,-0.0853512796708728,1.0397284305192127,-1.2184705569895626,-0.9166876736979732,1,0,-0.9142385861559718,0,-1.4321861577055308,-0.8569764080128255,True,False,False,False,True,False,0
1.09331861258582,0.4850833380124864,-0.0013447194854226,1.0367759384601505,0.8084361535388619,1,0,1.0137091261215243,0,1.4165182832801098,-1.3949011843985757,True,False,True,False,False,False,0
-1.438847762125144,0.8653730831347259,-1.042417869490058,-1.2184705569895626,-0.9166876736979732,1,1,0.2482441008596875,1,-0.0078339372127105,-0.4879866853680549,True,False,True,False,False,True,0
-0.8161838994913002,-0.5607134610736721,-1.736466636159815,0.2245141056170781,-0.9166876736979732,1,0,0.6440965079696475,0,1.4165182832801098,-0.1456709185771231,False,False,False,False,False,False,0
2.058447599668278,-0.1804237159514327,1.3867528138540912,-1.2184705569895626,-0.9166876736979732,0,0,-0.0057415960273244,0,1.4165182832801098,0.9212873155764304,False,False,False,False,False,False,0
-1.0548717135009402,0.2949384654513666,1.7337771971889695,0.8422608289594777,-0.9166876736979732,1,0,-0.6491946192213712,1,0.7043421730336995,-1.1992921748037573,False,True,False,False,True,False,0
1.0518076884102303,5.04856027947936,-0.6953934861551795,0.7270777706660724,-0.9166876736979732,0,1,1.65404089426236,0,-0.0078339372127105,-1.3326619540729516,True,False,False,False,True,False,0
-0.733162051140121,0.1047935928902469,-1.736466636159815,0.3989040417854628,-0.9166876736979732,0,1,-1.6083528892856551,1,-0.0078339372127105,0.7834718769982632,True,True,False,False,False,True,0
-1.283181796466683,-0.3705685885125524,-0.6953934861551795,1.2902449522020747,-0.9166876736979732,1,0,1.719358789531974,0,0.7043421730336995,1.668158079483918,True,False,False,False,True,False,0
-0.7227843200962236,-0.6557858973542321,-1.3894422528249364,0.6453615230158708,-0.9166876736979732,0,1,0.9103596282260572,0,0.7043421730336995,-0.3901821805706458,False,False,False,False,False,True,0
-1.5737582656958098,-0.1804237159514327,1.3867528138540912,0.7960675232210426,-0.9166876736979732,1,0,0.1958905763032342,0,1.4165182832801098,-1.5149339857408504,True,False,True,False,True,False,0
1.0414299573663333,-0.2754961522319926,-1.3894422528249364,0.171890946614805,-0.9166876736979732,1,1,0.084312488952369,0,1.4165182832801098,0.0366011130907756,False,False,False,False,False,True,0
-1.314314989598375,1.7210250096597648,-1.042417869490058,1.1185788055634192,-0.9166876736979732,1,1,-0.6256233364217482,0,1.4165182832801098,-1.1992921748037573,False,False,True,False,True,False,0
-0.4218301198231992,0.3900109017319265,1.0397284305192127,-0.1793933646958666,-0.9166876736979732,1,0,0.253237552571375,0,0.7043421730336995,0.3789168798817074,False,False,False,False,False,True,0
0.8961417227517697,-0.0853512796708728,-0.0013447194854226,1.6314386576150188,-0.9166876736979732,0,1,-1.4117607649432022,0,1.4165182832801098,0.8546024259418334,True,False,True,False,True,False,0
1.010296764234641,-0.4656410247931123,-1.042417869490058,-1.2184705569895626,-0.9166876736979732,0,0,1.2824016858196958,1,-1.4321861577055308,0.2055361668317549,True,False,True,False,True,False,0
1.37351735077105,-0.0853512796708728,-1.3894422528249364,0.9992919705573112,-0.9166876736979732,1,1,1.24032107541314,0,-0.7200100474591208,1.4903317071249924,True,True,False,False,True,False,0
-1.4077145689934516,0.6752282105736062,-1.3894422528249364,0.4618462835052922,-0.9166876736979732,1,0,0.2670237911898679,1,1.4165182832801098,0.2588840785394326,False,False,False,False,False,False,0
-1.5841359967397073,1.3407352645375252,-1.3894422528249364,-0.0140353878010284,0.8084361535388619,0,0,0.7722778222618737,1,0.7043421730336995,-0.8125198149230941,False,False,True,False,False,True,0
1.4772946612100235,-1.0360756424764714,-0.0013447194854226,-1.2184705569895626,0.8084361535388619,0,1,-0.2387417557225201,0,-0.0078339372127105,0.5656345708585793,False,False,True,False,False,False,0
-1.2624263343788882,-1.606510260159831,0.6927040471843343,-1.2184705569895626,0.8084361535388619,1,0,0.0650120678465441,0,1.4165182832801098,-0.4035191584975652,False,False,True,False,True,False,0
-0.7954284374035054,-0.2754961522319926,-1.3894422528249364,-1.2184705569895626,-0.9166876736979732,0,1,-0.1018985761508876,0,0.7043421730336995,-1.2793140423652738,True,False,False,True,False,False,0
-0.0586095332867904,-0.5607134610736721,-1.042417869490058,-1.2184705569895626,0.8084361535388619,0,0,1.7000114244163251,0,-1.4321861577055308,-0.1634535558130156,False,False,False,False,True,False,0
1.2904955024198703,-0.3705685885125524,1.0397284305192127,0.4845429818573886,-0.9166876736979732,1,1,0.8362339935131748,0,1.4165182832801098,-0.6791500356539,True,False,True,True,False,False,0
-0.5256074302621732,0.3900109017319265,-0.6953934861551795,1.052834320465426,0.8084361535388619,1,1,0.1880947410717355,0,1.4165182832801098,0.8546024259418334,True,True,False,True,False,False,0
1.8405152477464324,-0.2754961522319926,-0.348369102820301,0.0911601753668775,0.8084361535388619,1,0,-0.1795060654591126,0,-0.7200100474591208,0.618982482566257,True,True,False,False,False,False,0
0.8961417227517697,-0.3705685885125524,-0.6953934861551795,-1.2184705569895626,-0.9166876736979732,1,1,-1.4740516409126605,0,-0.7200100474591208,0.7078956687457197,True,False,True,False,False,False,0
1.3216286955515628,-1.416365387598711,1.7337771971889695,0.7380773204363767,0.8084361535388619,1,0,-0.9862715612309058,0,-1.4321861577055308,1.632592805012133,False,True,False,False,False,True,0
-0.3699414646037122,0.5801557742930463,-0.6953934861551795,1.0731729202874347,0.8084361535388619,0,1,-0.6277288621957221,0,1.4165182832801098,-1.3282162947639784,True,True,False,True,False,False,0
1.4669169301661262,1.2456628282569653,-1.042417869490058,-1.2184705569895626,-0.9166876736979732,1,0,1.0204676726026076,1,1.4165182832801098,1.2280378078955771,True,False,True,True,False,False,0
-0.836939361579095,-0.5607134610736721,1.3867528138540912,-1.2184705569895626,0.8084361535388619,0,1,-0.3983576483266526,0,-0.7200100474591208,0.4233734729714388,False,False,False,False,True,False,0
1.2282291161564862,-1.416365387598711,1.3867528138540912,0.4118815891956849,-0.9166876736979732,1,0,1.1618652904607183,0,0.7043421730336995,0.5478519336226867,True,False,False,True,False,False,0
1.0725631504980253,0.1998660291708067,0.3456796638494558,0.4597598914666192,-0.9166876736979732,1,0,0.4447908459926436,1,-1.4321861577055308,-1.701651676717722,True,False,False,True,False,False,0
-0.2661641541647383,-0.1804237159514327,-1.042417869490058,0.9265050517381122,0.8084361535388619,1,0,0.8390521989029639,0,-0.7200100474591208,-1.2704227237473276,False,False,False,False,False,False,0
-1.231293141247196,0.3900109017319265,-0.348369102820301,0.0694864191324297,0.8084361535388619,0,1,-1.528181735440911,0,-0.7200100474591208,-0.0612033917066334,True,True,False,False,False,True,0
1.3942728128588446,-0.3705685885125524,-0.6953934861551795,-1.2184705569895626,0.8084361535388619,1,0,-0.1341958810433438,0,-0.0078339372127105,-0.3457255874809144,True,False,False,False,True,False,0
0.5640543293470531,2.7668218087459238,-0.348369102820301,0.6129760946019049,-0.9166876736979732,1,1,-1.2488777431219973,0,1.4165182832801098,-1.501597007813931,True,False,True,False,False,False,0
-0.7227843200962236,-0.9410032061959116,-0.348369102820301,-1.2184705569895626,0.8084361535388619,0,0,0.968819699127144,0,1.4165182832801098,-0.2612580606104248,True,False,False,False,False,False,0
-0.1208759195501748,0.009721156609687,1.3867528138540912,0.8886922181114276,4.258683808012532,0,1,-1.6247819017905565,1,-0.7200100474591208,-0.7591719032154165,True,True,False,True,False,False,0
-0.0689872643306878,-1.7015826964403906,-1.3894422528249364,-1.2184705569895626,0.8084361535388619,0,0,-1.246715015202719,0,1.4165182832801098,-0.6124651460193028,False,False,True,True,False,False,0
2.058447599668278,-1.321292951318151,1.0397284305192127,-0.1075453302995651,0.8084361535388619,1,0,-0.2190207510620096,0,0.7043421730336995,0.5122866591509017,False,True,False,False,False,True,0
-0.7435397821840184,0.5801557742930463,-1.042417869490058,1.6528575188970014,0.8084361535388619,1,1,1.1974610205767964,0,1.4165182832801098,1.4280924767993686,True,True,False,False,False,True,0
0.2215892048984391,0.3900109017319265,-0.0013447194854226,1.4724921213461204,-0.9166876736979732,1,1,0.8095398908600134,1,0.7043421730336995,0.556743252240633,False,False,False,True,False,False,0
-1.604891458827502,-0.1804237159514327,1.0397284305192127,0.8413450003614262,0.8084361535388619,1,1,1.099015606907647,0,-1.4321861577055308,-0.363508224716807,True,False,True,False,False,True,0
0.4187660947324896,-0.5607134610736721,1.3867528138540912,-1.2184705569895626,-0.9166876736979732,1,0,0.2273244591483283,1,-0.0078339372127105,-1.4882600298870114,True,False,False,False,True,False,0
0.4914102120397713,-1.226220515037591,0.3456796638494558,0.0613264183457695,-0.9166876736979732,0,0,0.8660500466863593,0,0.7043421730336995,1.188026874114819,True,False,True,False,False,True,0
0.13856735654726,-0.0853512796708728,1.3867528138540912,-1.2184705569895626,-0.9166876736979732,0,1,-0.2263492325957013,0,-0.0078339372127105,-1.3237706354550052,True,False,True,True,False,False,0
0.9376526469273592,0.3900109017319265,0.3456796638494558,0.3356792061013746,-0.9166876736979732,0,1,-0.6869692468601121,1,1.4165182832801098,-1.030357121062778,False,True,False,True,False,False,0
-0.2869196162525331,-0.2754961522319926,1.7337771971889695,-1.2184705569895626,0.8084361535388619,0,1,1.4908918563854845,0,1.4165182832801098,-1.6749777208638834,False,False,True,True,False,False,0
0.3357442463813104,-0.4656410247931123,1.3867528138540912,-1.2184705569895626,0.8084361535388619,1,1,-0.6115538689439814,0,1.4165182832801098,-1.5282709636677696,True,False,False,False,False,True,0
0.9999190331907436,-0.2754961522319926,-0.348369102820301,1.048262062200643,-0.9166876736979732,1,0,-0.3177092303820272,0,-0.0078339372127105,-0.4790953667501086,True,False,True,False,False,True,0
2.0273144065365853,0.1998660291708067,-0.6953934861551795,0.4073415130197494,4.258683808012532,1,0,-1.467541376083537,1,0.7043421730336995,1.410309839563476,False,True,False,False,True,False,0
-0.8680725547107871,0.6752282105736062,-0.6953934861551795,-1.2184705569895626,0.8084361535388619,1,1,-1.2354736635168155,0,1.4165182832801098,-0.714715310125685,False,False,True,False,False,False,0
-1.023738520369248,0.2949384654513666,0.6927040471843343,-1.2184705569895626,0.8084361535388619,1,0,-1.6126320965812002,0,-0.0078339372127105,1.1657985775699533,True,False,True,False,False,True,0
0.8857639917078723,1.4358077008180852,1.3867528138540912,-1.2184705569895626,-0.9166876736979732,1,0,-0.2948933984071702,1,1.4165182832801098,1.6903863760287838,True,False,False,False,True,False,0
0.2423446669862339,-0.7508583336347919,-1.042417869490058,0.2357478961634227,0.8084361535388619,1,0,-0.6982559777555124,0,-0.0078339372127105,0.24110144130354,True,False,True,False,False,True,0
1.0518076884102303,0.4850833380124864,-0.6953934861551795,0.992270351122425,-0.9166876736979732,1,0,-1.4762708755104312,1,-0.7200100474591208,-1.408238162325495,True,True,False,False,False,True,0
-0.1831423058135592,-1.1311480787570314,-0.6953934861551795,0.4951459394183621,-0.9166876736979732,1,0,1.2691293971754278,0,-1.4321861577055308,0.0143728165459099,True,True,False,False,True,False,0
0.8131198744005905,2.196387191062564,-1.042417869490058,-1.2184705569895626,0.8084361535388619,1,1,1.4962735524450896,0,0.7043421730336995,-0.0567577323976603,True,False,True,True,False,False,0
0.8961417227517697,-1.226220515037591,1.3867528138540912,-1.2184705569895626,0.8084361535388619,1,1,-0.9003921896582223,0,-1.4321861577055308,-0.3679538840257801,True,False,False,False,True,False,0
1.8508929787903297,0.1047935928902469,-0.348369102820301,-1.2184705569895626,0.8084361535388619,0,1,-0.3270218787309618,0,1.4165182832801098,-0.2834863571552904,True,False,True,False,False,False,0
0.9480303779712568,0.009721156609687,-0.6953934861551795,0.6979768366333005,-0.9166876736979732,0,1,-1.291745448093275,0,0.7043421730336995,1.0235374796828127,True,True,False,True,False,False,0
-0.9303389409741716,-0.3705685885125524,-0.6953934861551795,1.0598312829765189,-0.9166876736979732,0,1,1.3332343983245432,0,-0.0078339372127105,1.0190918203738395,True,True,False,False,False,False,0
-0.9095834788863768,0.1998660291708067,1.3867528138540912,0.4390311038310701,0.8084361535388619,1,1,-1.1491385873154294,0,-1.4321861577055308,-0.0345294358527946,True,True,False,True,False,False,0
-0.3284305404281227,-0.7508583336347919,-1.042417869490058,1.45270461978189,0.8084361535388619,1,1,0.6040183203821553,0,-1.4321861577055308,-1.310433657528086,True,False,True,False,True,False,0
1.1970959230247942,0.3900109017319265,-1.3894422528249364,0.0049107362662155,0.8084361535388619,1,0,-0.3928285133028582,0,-0.7200100474591208,-1.3326619540729516,True,False,False,False,True,False,0
0.4498992878641817,-0.2754961522319926,0.3456796638494558,0.6069023257440228,0.8084361535388619,1,0,0.3075630732738574,0,-1.4321861577055308,-0.3279429502450218,True,False,False,False,False,False,0
-0.2454086920769435,-0.7508583336347919,-0.0013447194854226,-1.2184705569895626,-0.9166876736979732,0,0,0.8264193919925259,1,-1.4321861577055308,-0.901433001102557,False,False,False,False,False,False,0
-0.7746729753157106,0.009721156609687,1.7337771971889695,-1.2184705569895626,0.8084361535388619,1,0,-1.562678801860396,0,-0.7200100474591208,-0.047866413779714,False,False,False,False,True,False,0
0.3564997084691052,0.1998660291708067,0.6927040471843343,1.216890123586147,0.8084361535388619,0,1,0.5553845000708217,0,-1.4321861577055308,0.2588840785394326,False,False,False,False,False,True,0
-2.030378431627295,-0.6557858973542321,1.3867528138540912,0.9119617896669908,-0.9166876736979732,1,1,0.430087634382248,0,-0.7200100474591208,0.2144274854497012,True,True,False,False,False,False,0
-0.6086292786133524,-1.1311480787570314,1.7337771971889695,-1.2184705569895626,2.533559980775697,0,0,-0.1010389791709926,1,-0.7200100474591208,-0.9147699790294764,True,False,True,False,True,False,0
0.086678701327773,2.1013147547820044,-0.0013447194854226,1.2781408042677913,-0.9166876736979732,1,1,1.0068116601447017,0,-1.4321861577055308,1.2324834672045504,False,False,True,False,True,False,0
0.875386260663975,-1.321292951318151,1.3867528138540912,0.0901537245683894,0.8084361535388619,1,0,0.6270674814725096,0,-0.0078339372127105,1.570353574686509,False,True,False,False,True,False,0
1.61220516478069,-0.7508583336347919,-1.3894422528249364,1.0401865994384183,2.533559980775697,1,1,1.6313186025737456,0,0.7043421730336995,-1.0348027803717512,False,True,False,False,False,False,0
1.3423841576393576,-0.9410032061959116,1.3867528138540912,-1.2184705569895626,0.8084361535388619,0,0,1.2460350307422796,0,0.7043421730336995,1.1569072589520069,True,False,False,False,False,True,0
-0.442585581910994,-0.4656410247931123,0.6927040471843343,1.0341920849784447,0.8084361535388619,1,0,-0.941743081512064,0,-0.0078339372127105,0.5300692963867942,True,False,True,False,False,False,0
-1.5841359967397073,-0.2754961522319926,-0.0013447194854226,0.8812511107522588,0.8084361535388619,1,0,1.295083870873801,0,1.4165182832801098,1.4858860478160194,True,True,False,False,True,False,0
-1.0444939824570427,-1.1311480787570314,-1.042417869490058,0.6047523700771285,-0.9166876736979732,1,1,-0.2660424793026339,1,1.4165182832801098,-0.3768452026437264,True,False,True,True,False,False,0
1.1763404609369994,1.0555179556958456,1.3867528138540912,0.8076849370752421,-0.9166876736979732,1,1,-0.3625355437631989,1,-1.4321861577055308,-1.1103789886242943,False,False,False,False,True,False,0
1.5291833164295108,-1.606510260159831,1.0397284305192127,1.570419335731308,0.8084361535388619,0,1,1.6030955161339349,0,-0.0078339372127105,-1.7238799732625878,False,False,False,False,True,False,0
-0.4322078508670966,-0.4656410247931123,-1.736466636159815,0.4323932678139335,-0.9166876736979732,0,0,0.4384141107914651,0,-1.4321861577055308,0.5834172080944718,True,False,False,False,False,False,0
1.0310522263224358,-0.9410032061959116,-0.6953934861551795,1.3368425354247897,-0.9166876736979732,1,0,-1.051839302952807,0,1.4165182832801098,0.8190371514700483,True,False,False,False,True,False,0
0.1489450875911573,-0.7508583336347919,-1.042417869490058,0.0558349691751449,-0.9166876736979732,0,0,-1.6757397983216018,0,1.4165182832801098,-0.1678992151219888,False,False,False,False,False,False,0
0.3046110532496183,-1.9868000052820705,-1.3894422528249364,0.3649264805779611,-0.9166876736979732,1,1,-1.5793162805422585,0,-1.4321861577055308,-0.239029764065559,False,False,False,True,False,False,0
-0.5878738165255575,0.009721156609687,1.3867528138540912,0.9657872138690486,-0.9166876736979732,1,1,0.8923972852669295,0,-1.4321861577055308,-1.0125744838268855,False,False,False,False,True,False,0
-0.3699414646037122,0.3900109017319265,-0.6953934861551795,0.7167325900356695,-0.9166876736979732,1,0,-1.4199584061254569,1,0.7043421730336995,-0.9814548686640736,False,False,True,False,False,False,0
1.3942728128588446,-0.6557858973542321,-1.042417869490058,0.7100915518206378,0.8084361535388619,0,0,-0.3621370412798011,0,0.7043421730336995,0.4544930881342508,True,False,False,True,False,False,0
0.3149887842935157,-0.2754961522319926,-0.0013447194854226,-0.0596972887987412,0.8084361535388619,1,0,-1.1046673097418924,0,-0.7200100474591208,-0.4524214108962698,True,True,False,True,False,False,0
0.2215892048984391,0.770300646854166,-1.3894422528249364,-1.2184705569895626,0.8084361535388619,0,0,0.1448460941540684,0,1.4165182832801098,-0.999237505899966,True,False,False,False,False,True,0
0.034790046108286,-1.416365387598711,1.3867528138540912,0.4957509947106761,-0.9166876736979732,1,1,-0.8427574639965286,0,1.4165182832801098,1.1835812148058458,True,False,False,True,False,False,0
0.4706547499519766,-0.9410032061959116,-1.736466636159815,1.5465238945971116,-0.9166876736979732,0,0,0.7192463914302161,0,-0.7200100474591208,-1.5104883264318771,True,True,False,False,False,False,0
0.2319669359423365,-1.7015826964403906,1.3867528138540912,0.7052560728888625,0.8084361535388619,1,1,-1.1556443316102736,0,-0.0078339372127105,-0.4079648178065383,False,False,False,False,False,False,0
-0.0274763401550982,2.956966681307043,1.3867528138540912,0.6524889750911965,0.8084361535388619,0,1,0.1163950684665545,0,-0.0078339372127105,1.69927769464673,True,True,False,False,False,False,0
1.4980501232978185,0.1047935928902469,-1.042417869490058,0.5944278436231503,0.8084361535388619,1,1,-0.9391618564385366,0,-1.4321861577055308,-1.661640742936964,True,True,False,False,True,False,0
0.6470761776982322,-0.2754961522319926,-1.3894422528249364,0.4083902328304553,0.8084361535388619,1,1,-1.7383811895644152,0,-0.0078339372127105,1.7348429691185152,False,True,False,False,True,False,0
0.5121656741275662,-0.1804237159514327,-1.3894422528249364,-1.2184705569895626,0.8084361535388619,1,0,1.0958168073048746,0,-0.0078339372127105,1.512560003669858,True,False,False,True,False,False,0
-0.1623868437257644,-0.9410032061959116,0.3456796638494558,1.304484645912723,0.8084361535388619,1,1,0.0116681985495,0,-1.4321861577055308,-1.221520471348623,False,False,True,False,True,False,0
1.5084278543417158,0.5801557742930463,1.0397284305192127,-1.2184705569895626,-0.9166876736979732,0,0,0.4290809461715702,0,-0.7200100474591208,-0.6702587170359536,True,False,False,False,False,False,0
-0.5048519681743784,0.8653730831347259,-0.0013447194854226,-1.2184705569895626,-0.9166876736979732,1,0,0.0008225674797455,1,-0.7200100474591208,0.4544930881342508,False,False,False,False,True,False,0
-0.8576948236668898,0.3900109017319265,1.0397284305192127,1.3680516364419224,0.8084361535388619,0,1,1.351917766501232,0,-0.7200100474591208,-0.8525307487038524,True,False,True,False,True,False,0
0.4914102120397713,1.1505903919764056,-1.042417869490058,0.258481419791315,0.8084361535388619,0,1,-0.1579624161504957,0,1.4165182832801098,-1.506042667122904,False,True,False,False,True,False,0
1.1970959230247942,-0.3705685885125524,1.3867528138540912,-1.2184705569895626,0.8084361535388619,1,0,-1.0591903871578956,0,-1.4321861577055308,1.663712420174945,False,False,False,False,False,False,0
1.0829408815419228,-0.4656410247931123,-1.042417869490058,1.1543696113291264,-0.9166876736979732,0,0,1.637010476831598,0,-0.0078339372127105,1.0857767100084368,False,True,False,False,False,True,0
1.8093820546147403,1.6259525733792048,1.0397284305192127,1.5755447736825017,0.8084361535388619,0,1,1.0670465623505556,1,-0.0078339372127105,0.8946133597225917,False,False,True,False,False,False,0
-1.1171380997643243,-0.8459307699153518,1.0397284305192127,1.1069916524793304,-0.9166876736979732,1,1,-0.3434642789719983,0,-1.4321861577055308,-0.9725635500461272,True,False,True,False,False,False,0
-0.1727645747696618,0.4850833380124864,-1.042417869490058,0.0474359243156018,0.8084361535388619,0,1,0.2236005821023353,0,-1.4321861577055308,1.1035593472443292,False,True,False,False,True,False,0
-0.8784502857546845,-0.4656410247931123,1.7337771971889695,-1.2184705569895626,0.8084361535388619,0,1,1.063029719909918,0,1.4165182832801098,-0.9592265721192078,True,False,True,False,False,False,0
1.425406005990537,-0.1804237159514327,0.3456796638494558,0.5537709779357681,-0.9166876736979732,1,1,-0.5096076492088566,1,-1.4321861577055308,0.8234828107790214,False,True,False,False,False,True,0
1.1555849988492046,-0.1804237159514327,0.3456796638494558,-1.2184705569895626,0.8084361535388619,1,1,0.8567101012650453,0,1.4165182832801098,0.8546024259418334,False,False,True,False,False,True,0
1.186718191980897,-1.0360756424764714,-0.348369102820301,0.2336746331361203,-0.9166876736979732,0,1,-1.370662327542194,0,-1.4321861577055308,-0.0345294358527946,False,True,False,False,True,False,0
-0.733162051140121,1.0555179556958456,-0.348369102820301,-1.2184705569895626,0.8084361535388619,1,1,-0.3430315247480989,0,-0.0078339372127105,-1.666086402245937,False,False,True,True,False,False,0
0.7093425639616167,1.7210250096597648,-1.3894422528249364,1.3766276027351805,4.258683808012532,0,0,-1.2741918657530258,1,1.4165182832801098,0.3789168798817074,False,True,False,False,False,True,0
1.2593623092881785,-0.5607134610736721,1.7337771971889695,-1.2184705569895626,-0.9166876736979732,1,1,-0.0280133990883281,0,0.7043421730336995,0.0143728165459099,False,False,True,False,False,True,0
0.3046110532496183,-0.9410032061959116,1.0397284305192127,-1.2184705569895626,-0.9166876736979732,1,0,-0.5922588377059513,0,-0.7200100474591208,-0.5680085529295714,True,False,False,True,False,False,0
0.0763009702838756,-0.9410032061959116,1.3867528138540912,0.1091043317126865,-0.9166876736979732,1,1,-0.2833646450611197,0,1.4165182832801098,0.2010905075227818,True,True,False,False,False,True,0
0.8650085296200775,-1.7015826964403906,-1.3894422528249364,1.6429845023462586,0.8084361535388619,1,0,-1.356912948664748,0,-1.4321861577055308,-0.3546169060988607,False,False,False,False,True,False,0
1.4772946612100235,-0.0853512796708728,1.3867528138540912,1.6568039075831509,-0.9166876736979732,1,0,-1.33590567813505,0,0.7043421730336995,0.9212873155764304,True,False,True,False,True,False,0
0.9999190331907436,0.5801557742930463,-1.042417869490058,0.7004787138488866,-0.9166876736979732,0,0,-0.4620916179314518,1,-0.7200100474591208,0.5967541860213913,True,True,False,False,True,False,0
-0.3388082714720201,1.7210250096597648,-0.6953934861551795,0.9901876416113318,-0.9166876736979732,1,1,-0.4861886736411078,1,1.4165182832801098,-1.0659223955345631,True,True,False,False,True,False,0
-0.5152296992182758,-1.321292951318151,-1.736466636159815,-1.2184705569895626,0.8084361535388619,1,1,0.0146548807745475,0,-1.4321861577055308,-0.4657583888231892,False,False,False,False,True,False,0
-0.1935200368574565,-0.0853512796708728,-1.042417869490058,0.2529803640270047,0.8084361535388619,1,1,0.1259153136589348,0,1.4165182832801098,1.3614075871647713,True,False,False,True,False,False,0
-1.1482712928960168,-0.6557858973542321,1.0397284305192127,-1.2184705569895626,0.8084361535388619,0,0,-1.0352397272122105,0,1.4165182832801098,0.525623637077821,True,False,False,False,True,False,0
-2.2586885145930378,3.052039117587603,1.3867528138540912,0.6947925710462288,-0.9166876736979732,1,0,0.4419272613933577,0,-0.0078339372127105,0.3700255612637611,True,True,False,False,False,True,0
-0.10012045746238,0.1047935928902469,1.0397284305192127,0.5302469917574245,-0.9166876736979732,1,0,-0.8276712240393069,0,1.4165182832801098,-0.3857365212616727,True,False,False,False,False,True,0
-0.6190070096572498,-0.0853512796708728,1.0397284305192127,0.6912884058894183,0.8084361535388619,0,1,-1.409373227376876,0,-0.0078339372127105,0.0543837503266681,False,False,False,True,False,False,0
0.1074341634155678,-0.0853512796708728,-0.348369102820301,-1.2184705569895626,0.8084361535388619,1,0,0.6229358870078567,0,1.4165182832801098,-1.5949558533023669,True,False,True,True,False,False,0
-0.836939361579095,-0.3705685885125524,1.0397284305192127,-1.2184705569895626,0.8084361535388619,0,0,-0.2757901421426076,0,-0.0078339372127105,-1.2348574492755424,False,False,False,False,False,True,0
-1.5426250725641175,-1.0360756424764714,-0.0013447194854226,-1.2184705569895626,0.8084361535388619,1,0,0.4431319837788131,0,-0.7200100474591208,1.16135291826098,False,False,False,False,True,False,0
-1.366203644817862,-0.0853512796708728,-0.348369102820301,-1.2184705569895626,0.8084361535388619,1,0,-0.7657552046816317,0,-0.7200100474591208,1.1569072589520069,False,False,False,False,False,False,0
-1.0029830582814532,-1.226220515037591,1.3867528138540912,-1.2184705569895626,0.8084361535388619,0,1,1.016889669720476,0,-0.0078339372127105,-0.2345841047565859,False,False,True,False,False,True,0
-0.10012045746238,3.1471115538681627,-1.3894422528249364,1.3519497045452709,0.8084361535388619,1,1,0.726635030843164,0,1.4165182832801098,1.0190918203738395,True,False,False,False,False,True,0
-0.3388082714720201,-0.0853512796708728,-1.3894422528249364,-1.2184705569895626,-0.9166876736979732,1,0,0.2088372126126835,1,0.7043421730336995,1.69927769464673,False,False,True,False,True,False,0
0.6263207156104375,0.3900109017319265,-1.3894422528249364,1.0510830384364944,0.8084361535388619,0,1,-0.165625938820971,0,0.7043421730336995,1.5570165967595897,True,True,False,False,True,False,0
2.058447599668278,0.9604455194152858,-0.0013447194854226,0.7426590251849507,-0.9166876736979732,0,1,-0.7073436425906963,0,-0.0078339372127105,1.0902223693174098,True,False,False,False,False,False,0
-2.0718893558028846,-0.8459307699153518,0.6927040471843343,0.5897444690914009,-0.9166876736979732,1,1,-0.024583878370604,0,-1.4321861577055308,-0.1412252592681499,True,False,False,False,False,False,0
-0.4218301198231992,0.1047935928902469,0.6927040471843343,0.8387320068788737,0.8084361535388619,1,0,-1.570395701608709,0,1.4165182832801098,-0.2123558082117202,False,True,False,False,False,False,0
1.6537160889562794,0.5801557742930463,-0.0013447194854226,-1.2184705569895626,0.8084361535388619,1,1,0.7944300050311767,0,-0.0078339372127105,-1.0436940989896974,False,False,False,False,False,False,0
0.6782093708299244,-0.0853512796708728,0.6927040471843343,-1.2184705569895626,0.8084361535388619,1,1,1.0110133228906844,0,0.7043421730336995,0.4767213846791165,True,False,False,False,False,True,0
-0.6293847407011471,0.3900109017319265,-0.6953934861551795,-1.2184705569895626,0.8084361535388619,0,1,1.7125013128968534,0,-0.0078339372127105,0.7923631956162095,True,False,False,False,True,False,0
-1.0652494445448375,-0.4656410247931123,0.3456796638494558,2.0480498874181383,0.8084361535388619,1,0,0.1583414537783535,0,-1.4321861577055308,1.1791355554968723,True,True,False,True,False,False,0
0.532921136215361,0.4850833380124864,0.3456796638494558,0.3644165305631369,-0.9166876736979732,1,0,0.8882051851896144,0,0.7043421730336995,-0.8880960231756375,True,False,False,False,True,False,0
-0.3076750783403279,-0.4656410247931123,0.6927040471843343,0.3614256777289407,-0.9166876736979732,1,0,0.6689618806400957,1,1.4165182832801098,1.725951650500569,False,True,False,True,False,False,0
-1.708668769266476,-0.4656410247931123,-1.042417869490058,0.3188966470420801,-0.9166876736979732,0,0,-1.588207823736398,0,-0.7200100474591208,0.5923085267124182,False,False,False,True,False,False,0
2.058447599668278,-0.4656410247931123,0.3456796638494558,0.4029064689347796,-0.9166876736979732,1,0,-1.163677842624846,0,-1.4321861577055308,1.3080596754570937,False,False,False,False,False,False,0
-0.3076750783403279,-0.7508583336347919,0.6927040471843343,-1.2184705569895626,-0.9166876736979732,1,0,-1.130525113553368,0,-0.7200100474591208,1.6503754422480257,True,False,False,False,True,False,0
-0.919961209930274,0.4850833380124864,0.6927040471843343,0.4628003783681923,0.8084361535388619,1,1,1.693129084842668,0,0.7043421730336995,-0.5591172343116252,True,True,False,True,False,False,0
-0.3388082714720201,-0.3705685885125524,1.0397284305192127,0.899665349749096,-0.9166876736979732,1,0,-0.6041582748629114,0,-1.4321861577055308,-0.4390844329693503,False,False,False,False,False,False,0
-0.4010746577354044,1.9111698822208845,1.0397284305192127,0.2451862143498806,-0.9166876736979732,0,0,-1.2599474883719877,1,-0.7200100474591208,-0.8214111335410405,True,True,False,False,False,False,0
-1.7813128865737575,0.009721156609687,-0.0013447194854226,0.7288964589606995,-0.9166876736979732,1,1,-0.3128411365632411,0,-1.4321861577055308,-0.6435847611821148,True,False,True,False,False,True,0
0.5640543293470531,-0.6557858973542321,0.3456796638494558,0.2943513198450354,-0.9166876736979732,1,1,0.8088009573720374,0,1.4165182832801098,1.3213966533840131,True,False,False,False,False,False,0
0.7923644123127958,-0.1804237159514327,-0.348369102820301,-1.2184705569895626,-0.9166876736979732,0,0,-1.6672410200096592,0,-0.7200100474591208,-0.3812908619526995,False,False,True,False,False,False,0
0.8234976054444879,-0.8459307699153518,0.6927040471843343,-1.2184705569895626,0.8084361535388619,0,1,0.7416249486468942,0,1.4165182832801098,1.1746898961878995,True,False,False,False,False,False,0
0.4187660947324896,0.9604455194152858,1.3867528138540912,-1.2184705569895626,0.8084361535388619,1,0,1.354618785733163,0,-1.4321861577055308,-1.0392484396807242,False,False,True,False,True,False,0
1.0829408815419228,0.1047935928902469,-1.3894422528249364,0.2989407098685581,-0.9166876736979732,1,0,0.2407765259635533,0,0.7043421730336995,-0.0967686661784185,True,False,False,False,True,False,0
-0.1416313816379696,1.7210250096597648,0.3456796638494558,-1.2184705569895626,-0.9166876736979732,1,0,-1.160643868656568,1,0.7043421730336995,-0.3723995433347533,True,False,False,True,False,False,0
-0.2765418852086357,-1.0360756424764714,-0.6953934861551795,-1.2184705569895626,-0.9166876736979732,0,0,1.4468338599651045,0,0.7043421730336995,0.4945040219150091,False,False,False,True,False,False,0
1.4669169301661262,0.009721156609687,-0.6953934861551795,0.9881243053975044,-0.9166876736979732,0,0,-0.2857238423548484,0,1.4165182832801098,-1.5771732160664742,True,False,False,False,True,False,0
-2.103022548934577,-0.7508583336347919,-1.3894422528249364,0.601866869553687,-0.9166876736979732,0,0,-0.3066139267266884,0,-1.4321861577055308,-0.9414439348833152,False,False,True,True,False,False,0
-1.4492254931690411,-0.2754961522319926,-1.736466636159815,0.8598226428765899,-0.9166876736979732,1,0,-0.8243088158689614,0,-0.7200100474591208,-1.1459442630960797,True,False,False,False,True,False,0
0.8857639917078723,-0.6557858973542321,0.6927040471843343,0.8397639151506292,0.8084361535388619,0,1,1.5469167502436083,0,-0.7200100474591208,-1.3015423389101397,False,False,False,True,False,False,0
0.6885871018738219,-0.9410032061959116,-0.6953934861551795,-1.2184705569895626,-0.9166876736979732,0,1,0.59168578126789,0,0.7043421730336995,-1.5727275567575012,False,False,False,False,True,False,0
0.325366515337413,1.7210250096597648,-0.0013447194854226,1.3824937090595533,-0.9166876736979732,0,0,-1.5858296749720366,1,1.4165182832801098,0.618982482566257,False,True,False,False,False,True,0
-0.0067208780673035,-1.321292951318151,-1.042417869490058,0.529531460637723,0.8084361535388619,1,0,0.2457637184739308,0,-1.4321861577055308,0.2010905075227818,False,True,False,False,False,True,0
-0.6812733959206341,1.2456628282569653,0.3456796638494558,1.037493390898589,-0.9166876736979732,1,1,-0.5762359778193822,0,-0.0078339372127105,-0.936998275574342,False,False,False,False,False,True,0
0.5536765983031557,0.1047935928902469,-0.6953934861551795,0.2687888144865535,-0.9166876736979732,1,1,0.1576171250934339,0,-1.4321861577055308,-0.6924870135808193,False,True,False,False,True,False,0
-0.5152296992182758,0.009721156609687,0.3456796638494558,1.2491642756232515,0.8084361535388619,1,0,1.324578618379743,1,1.4165182832801098,0.9257329748854036,False,False,False,True,False,False,0
0.2423446669862339,0.009721156609687,0.3456796638494558,-1.2184705569895626,0.8084361535388619,0,0,-0.2957844652603178,0,0.7043421730336995,-1.0659223955345631,False,False,False,False,False,False,0
-0.3906969266915071,-0.3705685885125524,-1.042417869490058,0.8194687051101017,-0.9166876736979732,1,1,-1.2019220842285336,0,-1.4321861577055308,0.272221056466352,True,False,True,False,False,True,0
1.4669169301661262,2.291459627343124,1.3867528138540912,0.6431387173468587,-0.9166876736979732,1,1,1.4572109202701309,0,-0.0078339372127105,-1.6483037650100445,False,False,False,False,False,False,0
-0.1935200368574565,0.770300646854166,-1.736466636159815,-1.2184705569895626,-0.9166876736979732,1,1,-1.63588485558083,1,-0.0078339372127105,-1.1414986037871064,False,False,False,True,False,False,0
1.1140740746736149,-0.5607134610736721,1.3867528138540912,1.3519554685014823,0.8084361535388619,0,0,-0.1197967622965884,0,0.7043421730336995,-0.4879866853680549,False,False,False,False,False,True,0
-1.2935595275105802,0.009721156609687,1.3867528138540912,0.3305749026562901,0.8084361535388619,1,0,-0.0994493159049774,0,-0.7200100474591208,-0.3234972909360487,False,True,False,False,False,True,0
1.404650543902742,0.2949384654513666,1.7337771971889695,1.1189521818380097,0.8084361535388619,1,1,-0.3637451344163401,0,0.7043421730336995,-0.936998275574342,False,False,False,False,False,False,0
0.1904560117667469,1.4358077008180852,-1.042417869490058,0.3106929362541491,-0.9166876736979732,1,1,-0.6470967435823316,0,-0.7200100474591208,0.1388512771971578,False,False,False,False,False,True,0
0.0036568529765938,0.8653730831347259,1.0397284305192127,0.9157501498870076,-0.9166876736979732,1,0,-0.3941022607694259,0,-1.4321861577055308,0.0543837503266681,False,False,False,True,False,False,0
-0.5567406233938653,1.3407352645375252,1.7337771971889695,1.4677405399992014,-0.9166876736979732,1,1,0.6338409804900553,0,1.4165182832801098,0.3522429240278685,True,True,False,False,False,True,0
0.2423446669862339,0.009721156609687,0.6927040471843343,-1.2184705569895626,0.8084361535388619,0,1,-1.1155997002964706,0,1.4165182832801098,-1.2926510202921933,True,False,False,True,False,False,0
-0.1831423058135592,-1.226220515037591,1.0397284305192127,-1.2184705569895626,-0.9166876736979732,1,0,-1.3678150864129948,0,0.7043421730336995,0.7834718769982632,True,False,False,False,False,False,0
-1.1171380997643243,-0.1804237159514327,-1.042417869490058,-1.2184705569895626,0.8084361535388619,0,0,0.6022000224016248,0,1.4165182832801098,-1.2659770644383543,True,False,True,False,False,False,0
1.2074736540686914,-0.2754961522319926,-0.6953934861551795,1.0444418401115685,-0.9166876736979732,0,1,0.4423031612053586,0,-0.0078339372127105,-1.4660317333421458,False,False,False,False,False,False,0
-0.0067208780673035,0.1998660291708067,-0.348369102820301,-0.6001709741805421,-0.9166876736979732,1,1,0.0772926208165967,0,-1.4321861577055308,0.7301239652905855,False,False,False,False,False,True,0
0.6263207156104375,-0.5607134610736721,-1.042417869490058,1.7097485672541106,-0.9166876736979732,1,0,-1.6929451256556358,0,-1.4321861577055308,-1.4615860740331723,True,False,False,False,False,True,0
1.248984578244281,0.770300646854166,1.3867528138540912,1.220755816885335,-0.9166876736979732,0,1,-1.4389123108920967,0,-1.4321861577055308,1.312505334766067,True,False,False,False,False,True,0
-0.6397624717450445,-0.8459307699153518,-0.6953934861551795,-1.2184705569895626,0.8084361535388619,1,0,-0.3015012024567063,0,0.7043421730336995,-1.221520471348623,True,False,True,False,True,False,0
-1.3350704516861698,2.291459627343124,0.3456796638494558,0.642443039854108,-0.9166876736979732,1,1,0.3298832112783099,0,1.4165182832801098,0.5834172080944718,True,True,False,False,False,False,0
0.5744320603909505,1.3407352645375252,0.3456796638494558,0.537350107128746,-0.9166876736979732,1,1,-0.8401385098484385,0,-1.4321861577055308,-0.8480850893948793,False,False,True,False,False,True,0
0.0036568529765938,-0.7508583336347919,-0.6953934861551795,0.4418205384176529,2.533559980775697,0,0,0.95261149733512,1,0.7043421730336995,1.2902770382212012,False,False,False,False,False,True,0
-2.165288935197961,-0.3705685885125524,0.3456796638494558,1.361083173492098,-0.9166876736979732,0,0,-1.503679744179844,0,1.4165182832801098,0.7034500094367466,True,False,False,False,False,True,0
-1.137893561852119,-0.3705685885125524,1.3867528138540912,0.8236208350110232,0.8084361535388619,1,0,-1.7380124182872394,1,0.7043421730336995,0.556743252240633,False,True,False,False,False,True,0
0.2423446669862339,-0.3705685885125524,1.0397284305192127,-1.2184705569895626,0.8084361535388619,1,1,-0.761333078956177,0,-0.0078339372127105,0.8857220411046454,True,False,False,False,True,False,0
0.0036568529765938,-0.0853512796708728,0.3456796638494558,0.7521914879895302,0.8084361535388619,1,1,1.5339682014004257,0,1.4165182832801098,-1.341553272690898,False,False,True,False,True,False,0
-0.5567406233938653,1.6259525733792048,-0.348369102820301,0.3564557064855634,-0.9166876736979732,1,1,-0.976782438178372,0,1.4165182832801098,1.0813310506994636,False,False,True,False,False,False,0
-1.8332015417932448,-0.6557858973542321,1.0397284305192127,0.6872099265400885,-0.9166876736979732,1,0,0.0066938721751483,0,-1.4321861577055308,-1.4615860740331723,False,False,False,False,True,False,0
-1.0029830582814532,0.1047935928902469,1.7337771971889695,-0.5295373733360275,-0.9166876736979732,1,0,1.2185086281816029,0,-0.7200100474591208,1.7348429691185152,True,False,False,True,False,False,0
-1.4596032242129386,0.5801557742930463,-0.0013447194854226,-0.1237148285718072,-0.9166876736979732,1,0,1.6122478593826544,1,-1.4321861577055308,-1.1370529444781334,True,False,False,False,False,False,0
0.13856735654726,-0.0853512796708728,-0.0013447194854226,-1.2184705569895626,0.8084361535388619,1,0,0.9737973289688536,0,0.7043421730336995,1.0235374796828127,False,False,False,False,True,False,0
0.5848097914348479,-1.8917275690015103,0.6927040471843343,0.58462079234905,-0.9166876736979732,1,1,-1.6680687993828955,0,1.4165182832801098,1.219146489277631,True,False,True,False,True,False,0
-2.2483107835491403,-0.1804237159514327,1.0397284305192127,0.6123268489786359,-0.9166876736979732,0,1,-1.7291106169576196,1,-1.4321861577055308,-0.8036284963051479,True,True,False,False,True,False,0
0.5432988672592584,1.4358077008180852,0.3456796638494558,0.9215088224719936,2.533559980775697,1,0,0.7761416620038243,1,-1.4321861577055308,-1.2348574492755424,False,True,False,False,True,False,0
-0.3076750783403279,-0.3705685885125524,-0.0013447194854226,-1.2184705569895626,0.8084361535388619,1,0,-0.8574843214785394,0,1.4165182832801098,0.747906602526478,False,False,False,True,False,False,0
0.2008337428106443,-0.4656410247931123,1.7337771971889695,-1.2184705569895626,-0.9166876736979732,1,0,-1.342179831981427,0,1.4165182832801098,1.7081690132646763,False,False,True,False,False,True,0
-0.6190070096572498,-0.7508583336347919,0.6927040471843343,0.5438766667690214,-0.9166876736979732,0,0,-0.982519517779018,0,-0.0078339372127105,0.4233734729714388,True,False,True,True,False,False,0
-0.6190070096572498,-0.0853512796708728,-0.6953934861551795,-1.2184705569895626,-0.9166876736979732,1,1,-1.5217752690335102,1,-1.4321861577055308,1.6726037387928911,True,False,True,False,True,False,0
-0.2142754989452513,0.1998660291708067,-1.736466636159815,-1.2184705569895626,-0.9166876736979732,0,0,-0.2168371591383647,0,-0.7200100474591208,-0.2212471268296665,False,False,True,False,True,False,0
0.2527223980301313,0.1047935928902469,-1.042417869490058,1.1480094058695112,-0.9166876736979732,1,0,-0.0912840139294907,1,1.4165182832801098,-1.474923051960092,False,False,False,False,False,False,0
-1.2105376791594011,0.1047935928902469,0.6927040471843343,0.5708615884325889,-0.9166876736979732,1,0,-1.6048413034840905,1,-0.7200100474591208,-0.176790533739935,True,True,False,True,False,False,0
-0.2765418852086357,-0.2754961522319926,-0.6953934861551795,-1.2184705569895626,0.8084361535388619,1,0,-1.0281814345350635,1,-0.7200100474591208,1.0413201169187054,False,False,False,False,True,False,0
-0.5256074302621732,1.4358077008180852,-1.3894422528249364,0.8796090236715567,0.8084361535388619,1,1,1.7252829497051054,0,-1.4321861577055308,1.4325381361083416,False,True,False,False,False,False,0
0.0140345840204912,-0.4656410247931123,-0.0013447194854226,0.6842554186520037,-0.9166876736979732,1,1,-0.8277995376661602,0,-0.7200100474591208,-1.097042010697375,True,False,False,True,False,False,0
-1.9266011211883207,0.1998660291708067,-1.042417869490058,1.2168358463318214,0.8084361535388619,1,0,1.4161142215361526,0,0.7043421730336995,-1.2659770644383543,True,True,False,False,True,False,0
-0.5463628923499679,0.5801557742930463,1.7337771971889695,0.4399965664964986,-0.9166876736979732,1,0,0.5510948607730937,1,-0.7200100474591208,-1.0259114617538048,True,True,False,False,False,True,0
0.1697005496789521,-0.0853512796708728,-1.3894422528249364,1.149623793938419,-0.9166876736979732,1,1,-0.5400515350467657,0,-0.0078339372127105,-0.4657583888231892,True,False,True,False,False,True,0
0.481032480995874,-1.1311480787570314,0.6927040471843343,-1.2184705569895626,0.8084361535388619,1,0,0.1919533648125949,0,1.4165182832801098,0.7078956687457197,True,False,False,True,False,False,0
1.4150282749466394,0.3900109017319265,1.7337771971889695,-1.2184705569895626,0.8084361535388619,1,1,0.2726268195624597,0,0.7043421730336995,0.8457111073238871,False,False,False,False,False,False,0
-0.4114523887793018,-0.3705685885125524,-1.3894422528249364,-1.2184705569895626,-0.9166876736979732,1,1,-0.2986165799863511,1,-1.4321861577055308,-1.3726728878537098,True,False,True,False,False,True,0
-0.3906969266915071,0.1047935928902469,0.3456796638494558,-1.2184705569895626,-0.9166876736979732,1,1,-1.3925245006508042,1,0.7043421730336995,-0.7502805845974702,True,False,False,False,True,False,0
0.6885871018738219,0.3900109017319265,-0.0013447194854226,0.9048385004489292,0.8084361535388619,1,0,-1.1724212513879846,0,-0.0078339372127105,0.8368197887059409,True,True,False,False,False,True,0
0.3149887842935157,0.8653730831347259,1.3867528138540912,0.4018097161556445,-0.9166876736979732,1,1,-0.8814761878328481,0,0.7043421730336995,0.2900036937022446,False,False,True,True,False,False,0
-0.4218301198231992,-0.1804237159514327,0.3456796638494558,-1.2184705569895626,0.8084361535388619,1,0,0.1799796865734313,0,1.4165182832801098,-0.4702040481321623,False,False,False,False,False,False,0
0.3461219774252078,-0.3705685885125524,-0.348369102820301,0.9902215849090216,-0.9166876736979732,1,0,0.2296492308348525,0,-1.4321861577055308,-0.901433001102557,True,False,True,False,True,False,0
0.719720295005514,-0.3705685885125524,0.3456796638494558,0.6752104904769815,-0.9166876736979732,0,1,-1.6924949847614312,0,-0.0078339372127105,0.8768307224866991,False,False,False,True,False,False,0
-1.013360789325351,0.6752282105736062,0.6927040471843343,0.1841457579600613,2.533559980775697,0,1,-0.0608889846351391,1,0.7043421730336995,0.9390699528123232,False,False,True,False,True,False,0
-0.442585581910994,-0.4656410247931123,-1.3894422528249364,-1.2184705569895626,-0.9166876736979732,1,1,1.4039146904497228,0,0.7043421730336995,-1.692760358099776,True,False,False,False,True,False,0
0.0659232392399782,-1.0360756424764714,1.3867528138540912,1.228210053255874,-0.9166876736979732,1,0,1.1518891667729327,0,-0.7200100474591208,0.8145914921610752,False,True,False,False,False,False,0
0.8961417227517697,0.009721156609687,-0.0013447194854226,-1.2184705569895626,0.8084361535388619,1,1,0.2426777583614397,0,-0.0078339372127105,-0.4124104771155115,True,False,False,False,False,True,0
-0.2454086920769435,-0.2754961522319926,-0.6953934861551795,-1.2184705569895626,0.8084361535388619,1,1,-1.5941556297811443,0,0.7043421730336995,-1.470477392651119,True,False,False,False,True,False,0
0.875386260663975,-1.0360756424764714,-1.042417869490058,-1.2184705569895626,0.8084361535388619,1,1,0.295570095830655,0,-0.0078339372127105,-0.6658130577269805,False,False,True,False,True,False,0
0.1281896255033626,0.009721156609687,0.6927040471843343,-0.2535966156441503,-0.9166876736979732,1,0,1.2240916618833435,0,1.4165182832801098,-0.6258021239462223,True,True,False,False,False,True,0
2.058447599668278,-0.7508583336347919,-0.348369102820301,1.1285371606880716,-0.9166876736979732,1,1,-0.183541859370383,0,-0.7200100474591208,0.3566885833368417,True,True,False,True,False,False,0
0.7093425639616167,-0.1804237159514327,-1.042417869490058,0.7081138744005098,0.8084361535388619,1,1,0.6613701649179812,0,-1.4321861577055308,-1.354890250617817,False,False,False,False,False,False,0
0.2838555911618235,0.009721156609687,-1.042417869490058,1.1221164336882357,0.8084361535388619,1,1,1.6264044340786508,0,0.7043421730336995,-0.8658677266307718,True,True,False,False,False,True,0
-0.2454086920769435,2.861894245026483,-0.0013447194854226,-1.2184705569895626,0.8084361535388619,1,1,1.417592783978917,0,-0.0078339372127105,-1.150389922405053,True,False,False,False,False,False,0
1.4772946612100235,1.530880137098645,0.3456796638494558,0.6355491881152433,-0.9166876736979732,1,0,1.0448531731726285,1,-1.4321861577055308,-0.7324979473615776,False,True,False,True,False,False,0
0.1489450875911573,3.052039117587603,-1.3894422528249364,-0.369675328688867,0.8084361535388619,1,1,0.2050123190122164,0,-1.4321861577055308,-0.8347481114679598,True,True,False,True,False,False,0
-0.8992057478424793,1.530880137098645,-0.348369102820301,0.6836886296245384,0.8084361535388619,1,1,0.4814961934076072,1,-0.7200100474591208,-0.3190516316270755,True,False,False,True,False,False,0
0.13856735654726,-0.4656410247931123,-0.0013447194854226,-0.1326577667438647,-0.9166876736979732,1,1,-1.2307973446714968,0,1.4165182832801098,-1.3193249761460322,False,False,False,False,False,True,0
-1.4492254931690411,-0.5607134610736721,0.3456796638494558,0.7298316608560176,0.8084361535388619,1,1,-0.2912149005706739,0,0.7043421730336995,1.6281471457031598,False,False,False,True,False,False,0
1.2074736540686914,0.8653730831347259,-0.6953934861551795,0.7481845777631599,-0.9166876736979732,1,1,-1.3196030667232683,1,-0.7200100474591208,0.9168416562674574,True,True,False,False,True,False,0
-1.81244607970545,0.770300646854166,1.3867528138540912,1.101531104518395,-0.9166876736979732,1,0,-0.6800956006216075,1,0.7043421730336995,-0.4835410260590818,True,False,False,True,False,False,0
-1.252048603334991,-0.7508583336347919,-0.6953934861551795,0.3231997605737641,-0.9166876736979732,1,0,-0.7586944778706418,0,0.7043421730336995,-1.59940151261134,True,False,False,False,False,False,0
-1.5426250725641175,-0.1804237159514327,0.3456796638494558,-1.2184705569895626,0.8084361535388619,0,0,0.6272340457740343,0,-0.0078339372127105,0.4900583626060359,True,False,True,False,False,True,0
-1.5322473415202202,0.1047935928902469,-0.0013447194854226,-1.2184705569895626,0.8084361535388619,0,0,0.8045172295422129,0,-0.7200100474591208,-0.3057146537001561,True,False,True,False,False,True,0
-0.1831423058135592,0.5801557742930463,-1.042417869490058,-1.2184705569895626,-0.9166876736979732,1,1,0.7480966150679398,0,-0.0078339372127105,1.1391246217161144,False,False,False,False,False,False,0
-0.6812733959206341,0.2949384654513666,-1.042417869490058,-1.2184705569895626,-0.9166876736979732,1,0,0.0427373090515885,0,-0.0078339372127105,-1.1948465154947845,False,False,True,False,True,False,0
0.0970564323716704,-0.1804237159514327,-0.0013447194854226,0.965831564309898,-0.9166876736979732,1,0,-0.3360579051553389,0,-0.7200100474591208,0.3566885833368417,False,False,False,False,True,False,0
0.5536765983031557,-0.0853512796708728,-1.3894422528249364,1.814710850305345,-0.9166876736979732,0,1,0.1080979755301536,0,-0.0078339372127105,0.1833078702868892,True,False,False,False,True,False,0
-0.8161838994913002,3.1471115538681627,1.0397284305192127,0.3628682678807666,-0.9166876736979732,1,1,-0.0767753591598117,0,-1.4321861577055308,-1.5638362381395547,False,False,True,False,True,False,0
-0.7746729753157106,0.8653730831347259,0.3456796638494558,1.6611420851817886,-0.9166876736979732,1,0,1.6195514779778095,0,-0.7200100474591208,0.77902621768929,True,False,True,True,False,False,0
0.3357442463813104,0.3900109017319265,0.6927040471843343,-1.2184705569895626,0.8084361535388619,1,0,0.5331222596784858,0,1.4165182832801098,-1.1059333293153213,False,False,False,False,True,False,0
-0.3076750783403279,-0.9410032061959116,0.6927040471843343,0.4064360915648578,-0.9166876736979732,1,1,-1.5933655794824708,0,-1.4321861577055308,-1.2437487678934886,True,False,False,False,True,False,0
0.667831639786027,0.4850833380124864,-1.3894422528249364,-1.2184705569895626,-0.9166876736979732,1,1,0.8984940950761925,0,0.7043421730336995,-0.6835956949628731,False,False,False,True,False,False,0
0.6574539087421296,0.2949384654513666,0.3456796638494558,-1.2184705569895626,0.8084361535388619,1,1,0.4922931418005069,0,0.7043421730336995,-1.4126838216344682,True,False,True,False,False,True,0
-0.0586095332867904,0.2949384654513666,-0.6953934861551795,1.5860127586021882,0.8084361535388619,0,0,-0.5790945202842797,1,-0.0078339372127105,0.1521882551240772,False,False,False,False,False,False,0
0.8961417227517697,-0.9410032061959116,-1.042417869490058,-1.2184705569895626,0.8084361535388619,1,1,1.2168902769095835,0,-0.0078339372127105,-1.5771732160664742,True,False,False,True,False,False,0
0.7093425639616167,0.4850833380124864,-0.6953934861551795,0.1601119818767884,-0.9166876736979732,1,0,1.38578004558787,1,-0.7200100474591208,-0.5591172343116252,True,False,False,False,False,False,0
-1.4492254931690411,0.6752282105736062,-0.6953934861551795,-1.2184705569895626,0.8084361535388619,1,1,-0.7654159907439749,0,0.7043421730336995,0.2766667157753252,False,False,True,False,True,False,0
-1.3246927206422725,-1.321292951318151,0.6927040471843343,0.8854088444994969,-0.9166876736979732,0,0,1.6210844606986292,0,0.7043421730336995,1.7348429691185152,False,True,False,False,True,False,0
1.3631396197271524,3.1471115538681627,-0.0013447194854226,0.7223159422858886,0.8084361535388619,1,1,0.0830246582828539,0,-0.0078339372127105,-0.4346387736603772,False,False,False,True,False,False,0
-1.8332015417932448,0.6752282105736062,1.7337771971889695,-1.2184705569895626,0.8084361535388619,0,0,0.3915775505895923,1,-0.0078339372127105,0.8590480852508066,False,False,False,False,False,False,0
1.933914827141509,0.1998660291708067,-0.0013447194854226,-1.2184705569895626,0.8084361535388619,1,0,-0.3323945337220083,0,-1.4321861577055308,1.1569072589520069,False,False,True,False,False,True,0
0.3461219774252078,-0.8459307699153518,-0.348369102820301,0.1418006935422848,0.8084361535388619,0,1,1.6328244620888896,0,-0.7200100474591208,1.6903863760287838,False,True,False,True,False,False,0
0.481032480995874,-0.0853512796708728,-1.3894422528249364,1.5329920467312157,-0.9166876736979732,0,0,-1.4513321310912948,0,1.4165182832801098,0.8857220411046454,False,False,True,False,True,False,0
0.3564997084691052,-0.4656410247931123,-0.6953934861551795,0.7664359849970216,0.8084361535388619,1,0,0.823490781246298,0,1.4165182832801098,-0.8747590452487181,False,False,False,False,True,False,0
0.0659232392399782,-0.3705685885125524,1.3867528138540912,-0.0684117501509701,-0.9166876736979732,1,1,-0.5614046264488365,0,-1.4321861577055308,-1.4304664588703606,True,False,True,False,False,True,0
-0.4737187750426862,-0.1804237159514327,0.3456796638494558,0.1004177294821467,-0.9166876736979732,0,0,1.2535026056384138,1,-0.0078339372127105,0.112177321343319,True,False,False,False,True,False,0
-0.1312536505940722,-0.1804237159514327,-0.348369102820301,0.6407550012336083,0.8084361535388619,0,1,1.4156131376979533,0,-1.4321861577055308,-0.4613127295142161,False,False,False,False,True,False,0
0.2734778601179261,0.3900109017319265,-1.042417869490058,1.2375060337458867,0.8084361535388619,1,1,1.623862502880013,0,-1.4321861577055308,-1.4793687112690652,False,True,False,True,False,False,0
-0.0897427264184826,-0.5607134610736721,-0.348369102820301,-1.2184705569895626,0.8084361535388619,1,1,0.9138564353578628,0,-0.7200100474591208,0.5033953405329553,True,False,False,False,True,False,0
0.2215892048984391,1.7210250096597648,-0.348369102820301,-1.2184705569895626,0.8084361535388619,1,1,-0.8823248312104508,0,-1.4321861577055308,-0.7947371776872015,False,False,True,False,False,True,0
0.2734778601179261,2.006242318501444,1.0397284305192127,1.7539465834839938,-0.9166876736979732,0,0,1.5947966845305035,1,-0.7200100474591208,-0.4390844329693503,True,False,False,False,True,False,0
-1.1171380997643243,-0.6557858973542321,1.3867528138540912,0.554400530041981,-0.9166876736979732,1,1,-1.4930224107494965,0,-1.4321861577055308,0.0988403434163995,False,False,False,False,False,True,0
-0.0689872643306878,0.3900109017319265,1.3867528138540912,1.0250080213048725,-0.9166876736979732,1,0,-1.5496494050002936,1,-1.4321861577055308,0.6456564384200958,True,True,False,False,False,False,0
0.0659232392399782,0.4850833380124864,0.3456796638494558,1.1588586124486318,-0.9166876736979732,1,0,0.5233012250898239,0,0.7043421730336995,1.4814403885070462,False,False,False,False,False,True,0
0.2112114738545417,1.3407352645375252,1.3867528138540912,1.4938924098803104,4.258683808012532,1,1,0.8150902376215804,1,0.7043421730336995,-1.666086402245937,False,False,False,False,False,False,0
-0.992605327237556,-0.2754961522319926,-1.042417869490058,0.930335841080242,-0.9166876736979732,0,1,1.342933900087771,0,0.7043421730336995,-1.1726182189499186,False,False,False,True,False,False,0
-1.0652494445448375,0.009721156609687,0.6927040471843343,-1.2184705569895626,-0.9166876736979732,0,0,-0.3333379344527748,1,-0.7200100474591208,0.4856127032970628,False,False,True,True,False,False,0
-0.1312536505940722,0.1998660291708067,-0.0013447194854226,0.360785718479568,-0.9166876736979732,1,0,1.730659603630322,0,-0.0078339372127105,-0.9592265721192078,False,True,False,False,True,False,0
0.3357442463813104,-0.6557858973542321,-0.6953934861551795,0.4247393744046231,0.8084361535388619,1,1,0.4694780052924621,0,-0.7200100474591208,0.3433516054099223,True,True,False,False,False,False,0
-1.2001599481155036,0.009721156609687,-0.348369102820301,-1.2184705569895626,0.8084361535388619,1,0,-1.2741115393362152,0,-1.4321861577055308,-0.8214111335410405,True,False,False,False,True,False,0
0.4914102120397713,1.0555179556958456,-1.736466636159815,1.3214105033278314,-0.9166876736979732,1,0,1.6231253080590675,0,-1.4321861577055308,1.0146461610648665,False,False,True,False,False,True,0
-0.6293847407011471,1.1505903919764056,1.0397284305192127,0.9031184398494764,-0.9166876736979732,1,1,1.058385566404664,1,1.4165182832801098,0.6456564384200958,False,True,False,False,False,False,0
0.6470761776982322,-0.5607134610736721,1.7337771971889695,0.4326039724354433,0.8084361535388619,1,1,-0.882534862187739,0,0.7043421730336995,0.9924178645200008,False,False,True,False,True,False,0
0.2838555911618235,-0.5607134610736721,1.3867528138540912,0.5832244739568108,0.8084361535388619,1,0,1.3375767192332964,0,-0.7200100474591208,-1.0881506920794288,False,False,False,False,False,True,0
-1.376581375861759,0.770300646854166,0.3456796638494558,1.2999943639140594,0.8084361535388619,0,0,0.8145157820346924,1,-1.4321861577055308,1.4547664326532073,False,False,True,False,True,False,0
0.9999190331907436,0.009721156609687,1.3867528138540912,0.9088385259498244,-0.9166876736979732,1,1,-0.7092867768640186,1,-0.7200100474591208,0.6634390756559884,False,False,False,False,False,False,0
-1.9577343143200132,-1.7966551327209506,1.0397284305192127,2.051342227184176,-0.9166876736979732,1,0,0.4839944840637784,0,-0.7200100474591208,1.6726037387928911,True,False,True,False,False,True,0
1.747115668351356,-0.2754961522319926,-0.348369102820301,-1.2184705569895626,0.8084361535388619,1,0,-1.1998297723239912,0,-0.7200100474591208,-1.0703680548435364,True,False,False,False,False,True,0
-1.656780114046989,1.1505903919764056,1.0397284305192127,0.6677639393813908,0.8084361535388619,1,1,-0.575849472138495,0,-0.0078339372127105,-1.5282709636677696,True,True,False,True,False,False,0
-0.1935200368574565,-1.1311480787570314,-0.6953934861551795,-1.2184705569895626,0.8084361535388619,1,0,-0.9809973147937872,0,-1.4321861577055308,0.0232641351638562,True,False,True,False,False,True,0
-0.5774960854816601,0.2949384654513666,0.6927040471843343,-1.2184705569895626,0.8084361535388619,1,1,0.3675034452847392,0,1.4165182832801098,-0.176790533739935,True,False,False,True,False,False,0
-1.553002803608015,-0.5607134610736721,1.0397284305192127,-1.2184705569895626,0.8084361535388619,1,1,0.4012447131460523,0,0.7043421730336995,0.4900583626060359,True,False,False,False,False,False,0
-2.0096229695395005,0.009721156609687,1.3867528138540912,-1.2184705569895626,0.8084361535388619,1,0,0.2766532246717654,0,0.7043421730336995,-1.163726900331972,False,False,False,False,True,False,0
0.481032480995874,0.1998660291708067,-0.6953934861551795,0.232209787708922,-0.9166876736979732,1,1,-1.4965452978867595,0,1.4165182832801098,-0.7236066287436314,True,False,False,False,False,True,0
0.9065194537956672,0.5801557742930463,0.6927040471843343,0.4259160220212455,-0.9166876736979732,0,1,0.8236352644765351,1,-0.0078339372127105,0.9790808865930812,True,True,False,False,False,True,0
0.7508534881372062,-0.6557858973542321,0.3456796638494558,-1.2184705569895626,0.8084361535388619,1,1,0.8623006112350174,0,0.7043421730336995,-0.5635628936205983,False,False,False,False,True,False,0
-0.6708956648767367,0.6752282105736062,1.3867528138540912,0.5083277870543033,-0.9166876736979732,1,0,0.6780751038806282,1,-0.0078339372127105,0.6100911639483108,True,True,False,False,False,True,0
-0.3388082714720201,0.4850833380124864,0.3456796638494558,-0.3725918905318927,-0.9166876736979732,1,1,0.2124291248310592,1,-0.0078339372127105,-1.608292831229286,False,False,True,False,False,True,0
-1.0341162514131454,0.2949384654513666,1.0397284305192127,0.4364595788112613,-0.9166876736979732,0,1,1.5028740540930972,1,-0.7200100474591208,-0.5102149819129206,False,True,False,False,False,False,0
-0.2142754989452513,-0.9410032061959116,-1.042417869490058,0.3324102423799728,0.8084361535388619,1,1,-1.1965148297635797,0,-0.0078339372127105,1.5614622560685627,False,True,False,False,False,False,0
-0.9718498651497612,0.5801557742930463,-1.3894422528249364,1.242378978393037,0.8084361535388619,0,0,-0.1832535883767211,1,-0.7200100474591208,-1.1370529444781334,False,False,False,False,False,True,0
-1.1897822170716064,0.009721156609687,-0.6953934861551795,0.9479661820323128,-0.9166876736979732,1,0,-1.194506495476612,1,-0.7200100474591208,0.618982482566257,True,True,False,False,True,False,0
-0.10012045746238,-1.8917275690015103,-0.6953934861551795,0.6052688845976378,-0.9166876736979732,1,1,1.316273701441705,0,1.4165182832801098,1.2724944009853083,False,True,False,False,True,False,0
-1.677535576134784,-0.5607134610736721,-1.3894422528249364,-1.2184705569895626,0.8084361535388619,1,1,-0.3414474252165814,0,-0.0078339372127105,1.1302333030981682,True,False,False,False,False,False,0
-1.158649023939914,-0.7508583336347919,1.7337771971889695,0.6733677856981397,-0.9166876736979732,1,1,1.0014075352804024,0,0.7043421730336995,0.1699708923599698,False,False,True,False,False,True,0
-1.0548717135009402,0.770300646854166,-1.042417869490058,-1.2184705569895626,0.8084361535388619,1,1,-0.0586627953692463,0,-0.0078339372127105,0.8323741293969678,True,False,False,True,False,False,0
0.6885871018738219,-0.3705685885125524,1.0397284305192127,-1.2184705569895626,0.8084361535388619,1,0,-0.0975468664401693,0,1.4165182832801098,0.7212326466726392,True,False,False,False,True,False,0
1.1244518057175124,0.9604455194152858,1.3867528138540912,0.2465828529619094,-0.9166876736979732,1,0,0.2921240577761407,1,1.4165182832801098,-0.4257474550424309,False,True,False,False,True,False,0
0.4498992878641817,-0.1804237159514327,-1.042417869490058,-1.2184705569895626,0.8084361535388619,1,1,-0.0128424860467195,0,-1.4321861577055308,-1.092596351388402,True,False,False,False,False,True,0
-0.4114523887793018,0.4850833380124864,-1.042417869490058,0.6254091082600336,-0.9166876736979732,1,1,-0.0478788869790755,1,-1.4321861577055308,-1.6127384905382594,True,True,False,False,False,False,0
-0.048231802242893,-0.8459307699153518,0.3456796638494558,1.0733250246874608,0.8084361535388619,1,0,-1.694780114839659,0,-0.0078339372127105,1.285831378912228,True,True,False,False,True,False,0
-0.5982515475694549,-0.0853512796708728,1.7337771971889695,-1.2184705569895626,0.8084361535388619,1,0,-0.7319506493404072,0,-0.0078339372127105,0.9790808865930812,False,False,True,False,True,False,0
0.2423446669862339,-0.6557858973542321,-1.3894422528249364,-1.2184705569895626,2.533559980775697,1,0,-0.2526317927627359,0,1.4165182832801098,1.259157423058389,True,False,False,False,True,False,0
-1.3246927206422725,-0.9410032061959116,-0.6953934861551795,1.3278443593390383,-0.9166876736979732,1,0,-1.6991293904165343,1,0.7043421730336995,-0.1189969627232842,True,False,True,True,False,False,0
0.0036568529765938,-1.1311480787570314,1.7337771971889695,0.4995681747117508,0.8084361535388619,0,0,-0.9735758145739624,0,-0.7200100474591208,1.6859407167198106,True,False,False,True,False,False,0
0.5225434051714636,-0.9410032061959116,1.7337771971889695,0.1965582775516602,-0.9166876736979732,1,0,-0.2065711996565895,0,-0.0078339372127105,-0.047866413779714,False,False,False,False,True,False,0
-0.6605179338328393,-0.6557858973542321,-1.3894422528249364,-1.2184705569895626,0.8084361535388619,1,1,-1.593791205171545,0,-1.4321861577055308,0.965743908666162,True,False,False,False,True,False,0
1.4150282749466394,-0.1804237159514327,1.0397284305192127,1.0477449072405547,-0.9166876736979732,0,0,-0.5984147621942523,0,0.7043421730336995,-0.1101056441053379,True,False,True,False,False,False,0
-0.7020288580084288,-0.0853512796708728,-0.6953934861551795,-1.2184705569895626,0.8084361535388619,1,1,-1.6674840856605275,0,-0.7200100474591208,1.4858860478160194,False,False,True,True,False,False,0
0.2319669359423365,0.4850833380124864,-0.348369102820301,0.8884771905227593,-0.9166876736979732,0,1,1.232953647737964,1,-0.7200100474591208,-0.2168014675206933,False,True,False,True,False,False,0
1.2697400403320758,0.6752282105736062,1.3867528138540912,-1.2184705569895626,0.8084361535388619,1,1,-1.1415571297287956,0,-0.7200100474591208,1.3880815430186102,True,False,True,False,False,True,0
0.5536765983031557,0.6752282105736062,-0.0013447194854226,0.2123500765821534,-0.9166876736979732,0,1,0.6734006975690432,0,0.7043421730336995,-1.2037378341127305,False,False,True,True,False,False,0
-0.048231802242893,0.2949384654513666,1.3867528138540912,-1.2184705569895626,0.8084361535388619,1,1,-0.8531373061688037,0,-1.4321861577055308,-1.1059333293153213,False,False,False,False,False,False,0
-0.6293847407011471,-0.3705685885125524,-1.042417869490058,0.225630071583585,0.8084361535388619,1,0,-0.7540028587554547,0,1.4165182832801098,1.6859407167198106,False,True,False,False,False,False,0
1.1244518057175124,0.3900109017319265,1.0397284305192127,0.7334546275547431,-0.9166876736979732,1,0,1.614892024202687,0,-0.0078339372127105,-1.701651676717722,True,False,False,False,False,True,0
-0.048231802242893,1.1505903919764056,-1.3894422528249364,0.6987136623690056,0.8084361535388619,0,0,-0.7906897762998948,1,-0.0078339372127105,1.067994072772544,False,True,False,False,False,True,0
0.3980106326446948,1.4358077008180852,-0.0013447194854226,-1.2184705569895626,-0.9166876736979732,1,0,-1.5227885641789043,1,1.4165182832801098,-0.745834925288497,True,False,False,True,False,False,0
0.2942333222057209,-1.511437823879271,-0.0013447194854226,1.0231830887243494,-0.9166876736979732,0,1,-1.1947634704637249,0,-0.0078339372127105,0.8946133597225917,True,False,False,True,False,False,0
0.5432988672592584,-1.1311480787570314,-0.0013447194854226,1.1352143837393205,-0.9166876736979732,1,0,-0.6267887649323136,1,0.7043421730336995,0.9835265459020543,True,True,False,False,False,True,0
-1.604891458827502,-0.9410032061959116,-0.348369102820301,0.1528196166098555,-0.9166876736979732,0,0,-0.6467540523106138,1,1.4165182832801098,0.6367651198021496,False,False,False,True,False,False,0
0.0036568529765938,3.907691044112642,-0.348369102820301,-1.2184705569895626,0.8084361535388619,1,1,1.5330136732006638,0,-1.4321861577055308,0.2455471006125132,False,False,False,True,False,False,0
-0.4737187750426862,-0.0853512796708728,-0.6953934861551795,0.3809877445613426,-0.9166876736979732,0,0,-1.1019087406312509,0,1.4165182832801098,-1.692760358099776,True,True,False,False,True,False,0
-0.6501402027889419,-0.2754961522319926,-1.3894422528249364,0.39696687216871,-0.9166876736979732,1,1,-0.5625657082918256,0,-0.0078339372127105,1.6014731898493209,True,False,False,False,True,False,0
1.5603165095612028,1.1505903919764056,0.6927040471843343,-1.2184705569895626,-0.9166876736979732,0,1,-1.0358195726668928,0,-0.0078339372127105,-0.0745403696335528,True,False,True,False,False,True,0
0.8338753364883853,1.530880137098645,1.3867528138540912,0.968246661962522,-0.9166876736979732,0,1,-1.689343129168483,1,-0.7200100474591208,-0.7280522880526045,True,False,False,False,True,False,0
-2.1445334731101666,-0.7508583336347919,0.6927040471843343,1.1040289789866125,-0.9166876736979732,1,1,1.312037091488408,0,0.7043421730336995,1.508114344360885,True,False,False,False,True,False,0
-0.5152296992182758,-0.0853512796708728,0.6927040471843343,0.5721335014365961,0.8084361535388619,1,0,0.4165554150169157,0,-0.0078339372127105,1.1035593472443292,True,False,False,False,False,True,0
-0.048231802242893,-1.226220515037591,1.0397284305192127,0.542068225507659,-0.9166876736979732,1,1,0.6287185196847025,1,-0.7200100474591208,-1.492705689195985,False,False,True,True,False,False,0
-2.154911204154064,0.5801557742930463,0.3456796638494558,-1.2184705569895626,-0.9166876736979732,1,0,0.5142726749336782,1,0.7043421730336995,0.2766667157753252,True,False,False,True,False,False,0
-0.992605327237556,-0.7508583336347919,-1.3894422528249364,0.8415643509172532,0.8084361535388619,1,0,0.4286162004743089,0,0.7043421730336995,1.1969181927327652,False,True,False,False,True,False,0
0.9065194537956672,0.1047935928902469,-1.3894422528249364,0.5376405464778483,-0.9166876736979732,1,1,1.6150479826353257,0,1.4165182832801098,-0.3723995433347533,True,False,True,False,True,False,0
0.4498992878641817,-1.1311480787570314,0.3456796638494558,0.791756564304515,-0.9166876736979732,1,0,0.0844987001913388,0,-1.4321861577055308,-0.2479210826835053,True,True,False,False,False,True,0
-1.3350704516861698,2.006242318501444,-1.3894422528249364,1.4056401561060423,-0.9166876736979732,0,1,-0.754052584632528,0,-1.4321861577055308,-1.3237706354550052,True,True,False,False,False,False,0
0.5225434051714636,-1.226220515037591,-0.0013447194854226,-0.310031510911076,0.8084361535388619,1,1,0.000190040414038,1,-0.0078339372127105,-1.0348027803717512,True,False,False,False,False,True,0
-0.0897427264184826,2.196387191062564,1.3867528138540912,-1.2184705569895626,0.8084361535388619,0,0,0.9639088340994072,0,1.4165182832801098,0.2010905075227818,True,False,False,False,True,False,0
-1.4077145689934516,-0.5607134610736721,1.7337771971889695,1.0046217087342235,-0.9166876736979732,1,1,0.4664045635825908,0,-0.0078339372127105,-0.6302477832551954,False,True,False,False,False,False,0
-1.5633805346519123,-0.4656410247931123,0.6927040471843343,0.274464870365841,-0.9166876736979732,0,1,1.727788890496211,0,-0.7200100474591208,-1.123715966551214,False,True,False,False,True,False,0
1.3838950818149471,0.009721156609687,-1.3894422528249364,0.8653273811684797,-0.9166876736979732,1,0,1.1017432277451458,1,-1.4321861577055308,-0.3590625654078338,False,False,False,False,False,True,0
-0.5567406233938653,-0.0853512796708728,-1.736466636159815,0.7907147292192839,-0.9166876736979732,0,0,1.0028704497198917,0,1.4165182832801098,-1.1192703072422407,True,False,False,False,False,False,0
-0.048231802242893,0.4850833380124864,-0.0013447194854226,-1.2184705569895626,2.533559980775697,1,1,1.2826830021452358,1,-0.0078339372127105,0.6456564384200958,False,False,True,False,False,False,0
1.2593623092881785,0.5801557742930463,1.0397284305192127,0.3326294328259051,-0.9166876736979732,1,1,0.2350542250326668,0,0.7043421730336995,0.6100911639483108,True,False,False,False,False,True,0
1.062185419454128,-1.1311480787570314,1.0397284305192127,-1.2184705569895626,0.8084361535388619,0,0,0.3718986216712208,0,-0.0078339372127105,-1.3326619540729516,False,False,True,False,False,False,0
0.8131198744005905,-0.6557858973542321,1.3867528138540912,0.8255194181431378,-0.9166876736979732,0,0,-0.6872217013129452,0,-0.0078339372127105,-0.2879320164642636,False,False,False,False,False,False,0
1.1452072678053071,0.3900109017319265,-0.0013447194854226,0.9302790020676008,-0.9166876736979732,1,1,0.6874640797122034,0,0.7043421730336995,0.2900036937022446,False,False,True,False,False,False,0
0.325366515337413,-0.7508583336347919,-1.042417869490058,-1.2184705569895626,0.8084361535388619,0,1,-0.4017104938283301,0,-0.7200100474591208,0.8190371514700483,True,False,False,False,False,False,0
0.6885871018738219,-1.0360756424764714,0.3456796638494558,-1.2184705569895626,0.8084361535388619,1,0,0.8075164301698804,0,0.7043421730336995,-1.2793140423652738,True,False,True,False,False,False,0
-0.3906969266915071,-0.2754961522319926,-1.3894422528249364,0.6758177873078222,-0.9166876736979732,1,0,0.7946297778729846,0,0.7043421730336995,0.4544930881342508,True,False,False,False,False,False,0
-0.3906969266915071,-0.3705685885125524,0.3456796638494558,0.8325416780176031,-0.9166876736979732,0,0,-0.538587751273761,1,0.7043421730336995,0.9924178645200008,False,True,False,False,True,False,0
1.2593623092881785,0.1998660291708067,0.6927040471843343,1.827442949246893,-0.9166876736979732,1,1,-0.7455689327237509,0,-0.7200100474591208,1.1346789624071412,False,False,False,False,False,False,0
0.0763009702838756,-0.2754961522319926,0.3456796638494558,0.764354236145297,0.8084361535388619,1,0,-0.0625622777853231,1,1.4165182832801098,1.192472533423792,True,False,False,False,True,False,0
0.6782093708299244,3.5274012989904024,1.3867528138540912,0.9988859318641892,-0.9166876736979732,1,1,-0.5569150404425972,0,-0.7200100474591208,1.125787643789195,False,False,False,True,False,False,0
-1.1171380997643243,0.770300646854166,-0.0013447194854226,0.4666093927646341,-0.9166876736979732,0,0,-0.0088534622785702,1,-0.0078339372127105,-0.5146606412218937,True,True,False,True,False,False,0
-0.8265616305351976,-0.5607134610736721,1.3867528138540912,-0.1266216237112523,-0.9166876736979732,1,0,-1.3984617008266642,0,-1.4321861577055308,-1.501597007813931,True,False,False,True,False,False,0
-0.3388082714720201,-0.7508583336347919,-0.6953934861551795,1.0511163412946056,-0.9166876736979732,0,1,-0.6763315603672091,0,0.7043421730336995,-1.6260754684651788,False,False,True,False,False,False,0
-1.2105376791594011,-0.0853512796708728,-1.042417869490058,0.6911968230296132,-0.9166876736979732,0,0,1.6598237008059091,1,1.4165182832801098,-1.1592812410229991,True,False,False,False,False,True,0
-0.2246532299891487,-0.7508583336347919,-1.736466636159815,-1.2184705569895626,0.8084361535388619,1,1,-1.1467578305505224,0,-0.7200100474591208,-1.5771732160664742,True,False,False,False,True,False,0
2.058447599668278,-0.0853512796708728,-1.042417869490058,-1.2184705569895626,0.8084361535388619,1,0,-1.5894236735908491,0,-1.4321861577055308,1.0102005017558933,False,False,False,False,False,True,0
1.0414299573663333,0.9604455194152858,-1.042417869490058,0.0408552475308959,-0.9166876736979732,1,0,-1.6123127034476914,0,-0.7200100474591208,1.69927769464673,True,False,False,False,False,True,0
-0.6293847407011471,0.4850833380124864,1.7337771971889695,0.6000893295020141,-0.9166876736979732,1,0,-1.7116460543693333,0,1.4165182832801098,0.1699708923599698,False,True,False,True,False,False,0
-1.137893561852119,1.4358077008180852,1.0397284305192127,0.4750140414704941,-0.9166876736979732,0,1,0.7041373749348945,1,0.7043421730336995,0.7701348990713438,True,False,True,False,False,False,0
-0.2246532299891487,0.9604455194152858,-1.3894422528249364,-1.2184705569895626,0.8084361535388619,0,1,1.08539767125771,0,-0.0078339372127105,1.7392886284274882,False,False,True,True,False,False,0
0.2527223980301313,-1.511437823879271,-1.3894422528249364,0.5073134908709717,-0.9166876736979732,0,1,0.2772744504017746,0,1.4165182832801098,-0.0434207544707409,True,False,False,False,False,True,0
1.3838950818149471,1.530880137098645,-0.0013447194854226,-1.2184705569895626,0.8084361535388619,1,1,-1.624308636624846,0,-0.7200100474591208,-1.5282709636677696,True,False,False,False,False,False,0
-1.013360789325351,-0.0853512796708728,-0.348369102820301,0.9855069889477932,0.8084361535388619,1,1,1.2552894337456917,0,-0.7200100474591208,-1.248194427202462,False,False,False,False,True,False,0
1.830137516702535,0.1998660291708067,0.6927040471843343,-1.2184705569895626,0.8084361535388619,1,0,1.2335404478607686,0,-0.7200100474591208,0.2633297378484058,False,False,False,False,True,False,0
-1.9681120453639107,-0.4656410247931123,-1.3894422528249364,0.2974909147714676,0.8084361535388619,1,0,0.661509084413721,0,1.4165182832801098,0.6234281418752301,True,True,False,False,True,False,0
2.058447599668278,-0.8459307699153518,-0.0013447194854226,0.7542524225549356,0.8084361535388619,1,1,0.0304089427381966,0,0.7043421730336995,0.6323194604931764,True,True,False,False,False,False,0
-0.0793649953745852,-0.3705685885125524,-0.0013447194854226,1.36876300470436,2.533559980775697,1,1,-0.6369723115968415,0,0.7043421730336995,0.4678300660611702,True,True,False,False,True,False,0
-0.5878738165255575,-0.9410032061959116,0.3456796638494558,1.1941580409473074,-0.9166876736979732,1,0,-0.2201192408918997,0,0.7043421730336995,-0.5635628936205983,True,False,False,False,False,True,0
0.1178118944594652,0.009721156609687,1.0397284305192127,-1.2184705569895626,0.8084361535388619,1,1,0.0128245859915066,0,1.4165182832801098,-0.7191609694346582,False,False,False,False,False,True,0
0.5640543293470531,0.2949384654513666,1.0397284305192127,0.3087668142201353,-0.9166876736979732,1,1,-0.4294340612302694,0,1.4165182832801098,0.5656345708585793,False,False,True,False,False,True,0
0.8442530675322827,-0.6557858973542321,-0.0013447194854226,-1.2184705569895626,0.8084361535388619,1,0,0.5423571896111561,0,-1.4321861577055308,-0.3768452026437264,False,False,True,True,False,False,0
0.9376526469273592,-0.7508583336347919,-0.348369102820301,0.4665115656189331,-0.9166876736979732,1,1,-1.4036441456445703,0,-0.0078339372127105,0.8145914921610752,True,False,False,False,False,False,0
0.1697005496789521,2.861894245026483,1.3867528138540912,-1.2184705569895626,-0.9166876736979732,0,1,0.5920470762768345,0,1.4165182832801098,-0.9325526162653688,False,False,True,False,True,False,0
0.1904560117667469,-0.3705685885125524,-0.6953934861551795,0.4381067894085961,0.8084361535388619,1,1,1.2900173951468312,0,-0.0078339372127105,0.2855580343932715,False,False,False,False,False,True,0
-1.075627175588735,-0.1804237159514327,-0.348369102820301,-1.2184705569895626,-0.9166876736979732,1,0,0.3708992358620709,0,1.4165182832801098,1.419201158181422,True,False,True,True,False,False,0
1.248984578244281,0.2949384654513666,-1.736466636159815,0.4143167005851544,-0.9166876736979732,1,0,-0.1652222203364815,0,0.7043421730336995,0.0232641351638562,False,True,False,True,False,False,0
-1.2105376791594011,0.8653730831347259,1.3867528138540912,0.5342920081387487,-0.9166876736979732,1,0,0.9897734187123016,1,-0.7200100474591208,-0.8525307487038524,True,False,True,True,False,False,0
0.6782093708299244,-0.3705685885125524,-1.3894422528249364,-1.2184705569895626,2.533559980775697,0,0,1.2925050799341165,1,-0.0078339372127105,0.903504678340538,True,False,True,True,False,False,0
0.3357442463813104,-1.416365387598711,1.0397284305192127,1.0804335837952044,-0.9166876736979732,1,1,-1.3544915070913264,0,0.7043421730336995,-0.2123558082117202,True,False,True,True,False,False,0
-0.152009112681867,1.4358077008180852,-0.0013447194854226,-1.2184705569895626,-0.9166876736979732,0,1,0.8763871176496835,0,-0.7200100474591208,-1.5460536009036625,False,False,True,False,True,False,0
-1.0029830582814532,-0.8459307699153518,-1.3894422528249364,-1.2184705569895626,0.8084361535388619,0,0,-0.213585330191161,0,-1.4321861577055308,-0.2034644895937739,True,False,False,False,False,False,0
-0.5774960854816601,0.770300646854166,0.3456796638494558,-1.2184705569895626,-0.9166876736979732,1,0,-0.4450229498260179,0,-0.7200100474591208,-0.6613673984180074,True,False,False,True,False,False,0
1.6537160889562794,1.2456628282569653,1.7337771971889695,0.0130211029854987,-0.9166876736979732,0,0,0.798544038958821,1,-0.7200100474591208,-0.5279976191488132,True,True,False,True,False,False,0
1.591449702692895,0.5801557742930463,1.3867528138540912,0.6481861817793018,-0.9166876736979732,1,0,1.547369499138359,1,-1.4321861577055308,1.2369291265135234,False,True,False,True,False,False,0
-0.3803191956476097,-0.6557858973542321,-0.348369102820301,-1.2184705569895626,0.8084361535388619,1,1,-1.637922747207316,0,0.7043421730336995,-1.3904555250896025,True,False,False,True,False,False,0
-1.158649023939914,0.1047935928902469,1.0397284305192127,-1.2184705569895626,0.8084361535388619,1,0,-1.684269177173282,0,1.4165182832801098,-0.4702040481321623,False,False,True,True,False,False,0
-1.843579272837142,-0.5607134610736721,-0.0013447194854226,-1.2184705569895626,0.8084361535388619,1,0,1.4172610463094912,1,-1.4321861577055308,-0.6791500356539,True,False,False,False,False,False,0
0.0555455081960808,0.1998660291708067,1.0397284305192127,0.533165795138977,-0.9166876736979732,1,1,-0.5905846752222523,0,0.7043421730336995,1.6948320353377568,True,False,True,True,False,False,0
0.4706547499519766,0.009721156609687,0.3456796638494558,1.2080459732191586,-0.9166876736979732,1,1,-0.964699397782988,0,0.7043421730336995,-1.7149886546446416,False,False,False,False,False,True,0
0.429143825776387,-0.0853512796708728,-0.6953934861551795,-1.2184705569895626,0.8084361535388619,0,0,-0.3876846668930299,1,1.4165182832801098,0.5211779777688479,False,False,False,True,False,False,0
0.5536765983031557,-0.5607134610736721,-0.0013447194854226,0.6510638369178997,-0.9166876736979732,0,0,1.568762406015429,1,-1.4321861577055308,0.4633844067521971,False,True,False,False,False,True,0
-0.1623868437257644,0.2949384654513666,-1.042417869490058,-1.2184705569895626,0.8084361535388619,1,1,-0.7817135600213682,0,0.7043421730336995,1.7081690132646763,True,False,False,False,True,False,0
0.0451677771521834,-0.6557858973542321,-1.3894422528249364,0.4507434628528649,-0.9166876736979732,1,1,-1.4499947484114095,0,-0.0078339372127105,0.4811670439880896,False,False,True,False,True,False,0
1.404650543902742,0.6752282105736062,0.6927040471843343,0.6657877029503154,0.8084361535388619,1,1,-0.1229400984210867,0,0.7043421730336995,1.259157423058389,True,False,False,False,False,True,0
0.667831639786027,-0.4656410247931123,1.3867528138540912,-1.2184705569895626,-0.9166876736979732,1,1,-0.5865494029110908,0,-0.0078339372127105,1.6592667608659717,True,False,True,False,False,False,0
1.6744715510440742,-1.1311480787570314,-1.3894422528249364,0.9794437873429654,-0.9166876736979732,0,1,0.2660485728524427,0,-0.7200100474591208,0.8546024259418334,True,False,True,False,True,False,0
0.5951875224787453,-0.6557858973542321,-1.042417869490058,0.1875327226739042,-0.9166876736979732,1,0,0.6632507071782046,0,-0.7200100474591208,0.1610795737420235,False,False,False,False,False,False,0
-1.2416708722910934,2.006242318501444,-0.0013447194854226,0.0096663203605033,0.8084361535388619,0,1,-1.504669567320326,0,1.4165182832801098,0.650102097729069,True,False,False,True,False,False,0
-1.013360789325351,-1.1311480787570314,-0.348369102820301,-1.2184705569895626,0.8084361535388619,1,1,0.602490553662427,0,1.4165182832801098,0.5834172080944718,False,False,True,False,False,True,0
-1.3869591069056568,1.0555179556958456,-0.348369102820301,-1.2184705569895626,-0.9166876736979732,0,0,0.1161596529506206,1,-0.7200100474591208,-1.697206017408749,True,False,True,False,True,False,0
1.3216286955515628,-0.4656410247931123,-0.0013447194854226,-1.2184705569895626,0.8084361535388619,0,1,0.1955190231588096,0,-1.4321861577055308,1.503668685051912,False,False,True,False,False,True,0
1.010296764234641,-1.1311480787570314,1.3867528138540912,-1.2184705569895626,0.8084361535388619,1,0,0.5616516992490767,0,0.7043421730336995,0.587862867403445,False,False,False,False,True,False,0
-1.0963826376765298,1.2456628282569653,-1.3894422528249364,0.4798933905134347,-0.9166876736979732,1,1,-1.3367365871089414,1,-0.0078339372127105,-0.1234426220322574,False,True,False,False,True,False,0
0.5536765983031557,-1.416365387598711,-0.0013447194854226,1.6282806500506883,0.8084361535388619,0,0,-0.357213136249335,0,-0.7200100474591208,-0.7280522880526045,False,False,True,True,False,False,0
-0.5982515475694549,-0.2754961522319926,0.3456796638494558,1.2453029052912217,-0.9166876736979732,0,0,0.6085409410619746,0,0.7043421730336995,0.4411561102073313,True,False,False,False,True,False,0
0.3046110532496183,0.3900109017319265,-0.6953934861551795,-0.1563226496296008,-0.9166876736979732,1,1,-1.4197744551536269,1,1.4165182832801098,-1.1414986037871064,True,False,False,False,False,False,0
-0.4218301198231992,-1.1311480787570314,0.6927040471843343,-1.2184705569895626,0.8084361535388619,1,1,0.991784534866518,0,-0.7200100474591208,-1.6705320615549102,True,False,False,False,False,False,0
-0.6605179338328393,0.1047935928902469,1.7337771971889695,0.7914611615486747,-0.9166876736979732,1,0,0.3663873949178409,1,1.4165182832801098,0.8634937445597797,False,True,False,False,False,True,0
0.7300980260494114,-0.9410032061959116,-1.3894422528249364,0.498449486877033,0.8084361535388619,1,0,-1.31280435703378,0,-0.7200100474591208,1.4858860478160194,True,True,False,False,False,False,0
1.165962729893102,-0.4656410247931123,0.3456796638494558,0.5228889814336385,0.8084361535388619,1,0,1.145668563871096,1,-0.0078339372127105,0.2588840785394326,True,True,False,True,False,False,0
0.2112114738545417,0.1047935928902469,-0.6953934861551795,-1.2184705569895626,-0.9166876736979732,1,0,0.2215117475318544,1,1.4165182832801098,0.6589934163470152,False,False,False,True,False,False,0
0.8442530675322827,-0.2754961522319926,-1.3894422528249364,-1.2184705569895626,0.8084361535388619,0,1,0.1381637012889224,0,-0.7200100474591208,1.445875114035261,True,False,True,False,False,True,0
0.4706547499519766,0.5801557742930463,-1.3894422528249364,-1.2184705569895626,0.8084361535388619,1,0,-0.9323370667435898,1,-0.0078339372127105,-0.2123558082117202,False,False,False,False,True,False,0
1.2593623092881785,-1.511437823879271,1.0397284305192127,-1.2184705569895626,0.8084361535388619,1,0,-0.7593019681311096,0,1.4165182832801098,-1.1014876700063485,False,False,True,False,False,False,0
0.2942333222057209,-0.1804237159514327,0.3456796638494558,0.7691428028779064,0.8084361535388619,1,0,-0.1322245803641268,0,-1.4321861577055308,-0.6524760798000611,False,False,True,True,False,False,0
0.4706547499519766,0.3900109017319265,1.0397284305192127,0.4372124155364429,-0.9166876736979732,1,0,-0.5831143184588692,1,-0.7200100474591208,-0.0612033917066334,True,True,False,True,False,False,0
1.0310522263224358,-0.0853512796708728,0.6927040471843343,-1.2184705569895626,0.8084361535388619,0,0,-0.166767373726515,0,-0.0078339372127105,0.2099818261407281,True,False,True,False,True,False,0
-0.10012045746238,-0.5607134610736721,1.3867528138540912,-1.2184705569895626,0.8084361535388619,1,1,0.8700959248664071,0,0.7043421730336995,-1.1815095375678648,False,False,True,True,False,False,0
2.058447599668278,-1.8917275690015103,1.0397284305192127,-1.2184705569895626,-0.9166876736979732,1,1,-0.5539636531582693,0,-0.0078339372127105,0.0366011130907756,True,False,False,True,False,False,0
-0.2765418852086357,0.9604455194152858,-1.042417869490058,0.0754807734825086,-0.9166876736979732,1,1,-1.3981056218188117,0,-1.4321861577055308,0.3122319902471103,False,False,True,False,True,False,0
-0.0586095332867904,-0.4656410247931123,-0.6953934861551795,0.8835019356528545,-0.9166876736979732,0,0,0.5228060527195283,0,-0.0078339372127105,-1.2393031085845156,False,False,False,False,False,True,0
0.4395215568202844,-0.3705685885125524,0.6927040471843343,-1.2184705569895626,-0.9166876736979732,1,0,0.5761793054893884,1,0.7043421730336995,-1.381564206471656,False,False,True,False,False,True,0
-0.2557864231208409,0.1998660291708067,-0.6953934861551795,-1.2184705569895626,0.8084361535388619,1,0,0.5613896821275755,0,-0.7200100474591208,1.312505334766067,True,False,False,False,False,False,0
1.6537160889562794,-0.4656410247931123,-1.3894422528249364,1.1719251809603426,0.8084361535388619,1,1,1.4936619006985274,0,-0.7200100474591208,1.508114344360885,False,True,False,True,False,False,0
0.1593228186350548,-1.1311480787570314,-0.6953934861551795,0.4805596077855488,0.8084361535388619,1,0,-1.682274752222559,0,-1.4321861577055308,0.3389059461009491,False,True,False,False,False,False,0
1.0414299573663333,-0.0853512796708728,-1.736466636159815,1.1187302695238666,0.8084361535388619,1,1,0.6478784564944606,0,1.4165182832801098,1.2324834672045504,True,False,False,False,True,False,0
0.6055652535226427,-0.5607134610736721,-1.042417869490058,-1.2184705569895626,0.8084361535388619,1,0,-0.4778894943042701,0,0.7043421730336995,-1.7149886546446416,False,False,False,False,False,False,0
-2.3001994387686278,-0.5607134610736721,1.0397284305192127,-1.2184705569895626,-0.9166876736979732,1,1,-0.5332731677615343,0,-0.7200100474591208,1.4636577512711535,False,False,False,True,False,False,0
0.3772551705569,-0.9410032061959116,-1.3894422528249364,-1.2184705569895626,0.8084361535388619,1,0,0.9434751498230816,0,1.4165182832801098,-1.1326072851691602,True,False,False,False,True,False,0
0.6263207156104375,-0.2754961522319926,-1.042417869490058,0.3946286272655729,2.533559980775697,0,0,-0.5159132729284863,1,-0.7200100474591208,-1.4037925030165217,True,False,False,False,True,False,0
1.487672392253921,-0.9410032061959116,-0.348369102820301,-1.2184705569895626,0.8084361535388619,0,0,0.9611412239202066,0,-0.0078339372127105,1.312505334766067,True,False,True,True,False,False,0
1.747115668351356,-0.7508583336347919,-1.042417869490058,0.2901253792826276,-0.9166876736979732,1,0,0.0545856293978509,0,-1.4321861577055308,1.512560003669858,False,False,True,False,True,False,0
-0.2972973472964305,-0.3705685885125524,-1.736466636159815,0.8718800387216018,-0.9166876736979732,1,1,-0.9136796047056558,0,1.4165182832801098,1.4636577512711535,False,False,False,False,False,False,0
-1.8643347349249368,-0.6557858973542321,-1.3894422528249364,1.3336451408263474,-0.9166876736979732,0,1,-0.7495064919477964,0,0.7043421730336995,0.9879722052110276,False,False,True,False,True,False,0
-1.4907364173446307,-0.7508583336347919,1.0397284305192127,-0.0570096841052284,-0.9166876736979732,1,0,0.5106776331146475,0,1.4165182832801098,0.6767760535829078,True,False,False,True,False,False,0
-2.424732211295396,-0.2754961522319926,0.6927040471843343,0.2248407298023971,-0.9166876736979732,1,1,-0.5437395955519301,0,1.4165182832801098,1.725951650500569,True,False,False,False,False,True,0
2.058447599668278,-1.416365387598711,0.3456796638494558,-1.2184705569895626,0.8084361535388619,1,1,-1.5173588809092564,0,-0.0078339372127105,1.2991683568391474,False,False,False,False,False,False,0
-1.1690267549838116,0.009721156609687,0.3456796638494558,-1.2184705569895626,0.8084361535388619,1,1,-0.2375681554769111,0,1.4165182832801098,-1.2970966796011665,True,False,False,False,True,False,0
-0.2454086920769435,0.009721156609687,0.3456796638494558,-1.2184705569895626,0.8084361535388619,0,0,0.5913260510592728,0,-0.0078339372127105,1.2458204451314698,True,False,False,False,True,False,0
1.09331861258582,-0.7508583336347919,1.7337771971889695,-0.5854057997952772,0.8084361535388619,0,0,1.6011054378507883,0,1.4165182832801098,0.8546024259418334,True,False,False,True,False,False,0
-0.6293847407011471,-0.4656410247931123,-0.348369102820301,1.193349646088642,-0.9166876736979732,1,1,-0.4895469090105802,0,1.4165182832801098,1.4814403885070462,False,True,False,False,True,False,0
-1.013360789325351,-0.7508583336347919,-1.3894422528249364,-1.2184705569895626,0.8084361535388619,0,1,1.6035597402310866,0,-0.7200100474591208,0.6767760535829078,True,False,False,False,True,False,0
1.4669169301661262,-0.3705685885125524,-1.042417869490058,-1.2184705569895626,0.8084361535388619,1,1,-0.3603764670446847,0,0.7043421730336995,-1.154835581714026,True,False,False,False,False,False,0
-1.137893561852119,-0.9410032061959116,0.6927040471843343,-1.2184705569895626,0.8084361535388619,0,1,1.6729528971535643,0,-0.0078339372127105,0.685667372200854,False,False,False,False,False,False,0
0.7923644123127958,-0.6557858973542321,1.3867528138540912,0.82728719149123,0.8084361535388619,1,1,0.907796137556241,0,1.4165182832801098,0.2277644633766206,False,True,False,False,False,False,0
-1.1897822170716064,-1.0360756424764714,-0.6953934861551795,1.3087371647176618,-0.9166876736979732,1,0,-0.2350643010862421,0,-0.0078339372127105,-1.150389922405053,True,False,False,True,False,False,0
-0.5359851613060705,-0.9410032061959116,0.3456796638494558,-0.0267710091602614,0.8084361535388619,1,1,-0.0761569152970514,0,-0.7200100474591208,-1.0703680548435364,False,True,False,False,False,False,0
0.0140345840204912,0.1047935928902469,-1.736466636159815,-1.2184705569895626,0.8084361535388619,1,0,-1.1237950812115851,0,1.4165182832801098,0.9612982493571888,False,False,False,True,False,False,0
0.2319669359423365,-0.4656410247931123,-1.042417869490058,1.2279750119303603,-0.9166876736979732,1,0,1.3088356838850894,1,0.7043421730336995,-0.9859005279730466,True,True,False,True,False,False,0
0.0555455081960808,-0.7508583336347919,-0.6953934861551795,0.7855772830259833,-0.9166876736979732,0,0,-0.0280081830872364,0,-0.7200100474591208,-1.697206017408749,True,False,True,False,False,True,0
0.7819866812688984,3.052039117587603,1.0397284305192127,-1.2184705569895626,-0.9166876736979732,1,1,1.7041652738189688,1,0.7043421730336995,1.1657985775699533,True,False,True,True,False,False,0
-0.1727645747696618,-0.3705685885125524,-1.042417869490058,0.6009407939223705,-0.9166876736979732,1,0,-0.1660108797015307,0,-1.4321861577055308,0.0277097944728293,True,False,True,False,False,True,0
-0.5567406233938653,0.1047935928902469,1.3867528138540912,-1.2184705569895626,-0.9166876736979732,1,0,-0.5558292428820301,1,-0.0078339372127105,-1.257085745820408,False,False,False,False,False,False,0
0.1800782807228495,0.4850833380124864,1.0397284305192127,0.3252784673374885,-0.9166876736979732,0,0,0.5420849143541747,1,-0.0078339372127105,1.3702989057827175,False,False,False,False,False,True,0
-1.6982910382225789,-0.4656410247931123,-1.042417869490058,-1.2184705569895626,0.8084361535388619,1,1,1.4055306075878993,0,-0.7200100474591208,-0.2212471268296665,False,False,False,False,True,False,0
0.6159429845665401,-0.9410032061959116,1.3867528138540912,-1.2184705569895626,0.8084361535388619,0,1,-1.6899233223565715,0,0.7043421730336995,-0.4702040481321623,False,False,False,False,True,False,0
-0.3284305404281227,-0.6557858973542321,0.6927040471843343,-1.2184705569895626,0.8084361535388619,1,1,-1.1434430618568134,0,-0.0078339372127105,-0.5680085529295714,True,False,False,False,True,False,0
-0.2038977679013539,0.4850833380124864,-0.6953934861551795,0.9237020078104748,-0.9166876736979732,1,1,-1.1444627900702204,1,-1.4321861577055308,0.0632750689446144,False,False,False,False,False,True,0
-1.9888675074517057,0.1047935928902469,0.3456796638494558,0.6949640487435215,0.8084361535388619,1,0,-0.1542312367029743,1,1.4165182832801098,0.7078956687457197,False,True,False,False,False,True,0
0.2423446669862339,-0.2754961522319926,-0.6953934861551795,-0.3523051663157877,0.8084361535388619,0,1,-0.7989656574985233,0,0.7043421730336995,-0.776954540451309,True,False,True,False,True,False,0
1.4772946612100235,-0.8459307699153518,1.0397284305192127,-1.2184705569895626,0.8084361535388619,1,1,-1.326905120518096,0,-0.0078339372127105,-1.06147673622559,True,False,False,False,False,False,0
1.352761888683255,-0.6557858973542321,1.3867528138540912,-1.2184705569895626,-0.9166876736979732,1,1,-0.2236676864345121,0,1.4165182832801098,-1.5638362381395547,True,False,False,False,False,True,0
1.6744715510440742,2.196387191062564,1.7337771971889695,-0.1830726900775492,0.8084361535388619,0,1,0.6958641017368119,0,0.7043421730336995,0.3744712205727343,False,False,False,False,False,True,0
0.927274915883462,-0.6557858973542321,1.0397284305192127,-1.2184705569895626,0.8084361535388619,1,0,0.7505375297121037,0,0.7043421730336995,1.1702442368789263,True,False,False,False,False,False,0
0.4083883636885922,-0.0853512796708728,0.6927040471843343,-1.2184705569895626,0.8084361535388619,0,0,-0.3271108984829252,0,0.7043421730336995,1.0057548424469205,True,False,False,True,False,False,0
0.7093425639616167,3.052039117587603,-0.0013447194854226,1.7137082450615255,0.8084361535388619,1,1,1.6909790491927124,0,-0.7200100474591208,0.5167323184598748,True,False,False,False,False,False,0
-0.7954284374035054,1.2456628282569653,1.0397284305192127,0.7656949964040527,-0.9166876736979732,0,0,0.1897123968769424,1,0.7043421730336995,0.1921991889048355,True,False,True,False,True,False,0
0.5536765983031557,-0.0853512796708728,-0.6953934861551795,0.7652018579281787,-0.9166876736979732,1,0,-1.377966467737458,0,0.7043421730336995,-1.2793140423652738,False,False,False,False,True,False,0
0.7819866812688984,-1.9868000052820705,-1.042417869490058,0.2836276394234098,0.8084361535388619,1,0,0.4475471548361457,0,-1.4321861577055308,-0.3723995433347533,False,True,False,False,False,False,0
-1.5633805346519123,-0.4656410247931123,-0.0013447194854226,-1.2184705569895626,-0.9166876736979732,1,0,-1.2701014776969966,0,0.7043421730336995,-0.4702040481321623,False,False,False,False,True,False,0
0.4083883636885922,-0.5607134610736721,0.3456796638494558,-1.2184705569895626,0.8084361535388619,1,1,-0.0003995415760153,0,-0.7200100474591208,-0.6213564646372491,False,False,False,False,False,False,0
-1.2728040654227857,0.4850833380124864,-1.3894422528249364,-1.2184705569895626,0.8084361535388619,0,0,-1.4999478692655106,0,0.7043421730336995,0.7968088549251826,False,False,True,False,False,False,0
-0.0274763401550982,0.6752282105736062,-1.042417869490058,-1.2184705569895626,0.8084361535388619,1,1,-0.5881665371161886,0,-0.0078339372127105,-0.4790953667501086,False,False,False,False,False,True,0
-1.3869591069056568,-0.3705685885125524,1.0397284305192127,1.0497363541116325,-0.9166876736979732,0,1,1.6055781587868314,0,-0.0078339372127105,0.4189278136624657,False,True,False,True,False,False,0
0.1489450875911573,1.1505903919764056,-1.042417869490058,1.1547207323283442,-0.9166876736979732,0,0,0.9827337297723814,1,-0.7200100474591208,-0.0523120730886871,True,False,False,False,False,False,0
-1.158649023939914,-1.606510260159831,-0.348369102820301,-1.2184705569895626,2.533559980775697,1,1,1.4918105680444174,1,-0.0078339372127105,-0.3412799281719413,True,False,False,False,True,False,0
-1.1897822170716064,0.1998660291708067,-1.736466636159815,-1.2184705569895626,0.8084361535388619,0,1,1.3010654070589396,0,1.4165182832801098,1.152461599643034,False,False,False,False,False,True,0
0.1697005496789521,0.5801557742930463,-0.348369102820301,0.422435072799176,0.8084361535388619,1,1,1.0075220794933768,0,0.7043421730336995,0.9612982493571888,True,False,True,True,False,False,0
-0.7539175132279158,-0.7508583336347919,1.3867528138540912,-1.2184705569895626,0.8084361535388619,1,0,0.2080261244429402,0,-0.0078339372127105,-1.377118547162683,False,False,True,True,False,False,0
0.3149887842935157,0.3900109017319265,-0.0013447194854226,0.7965433698282818,-0.9166876736979732,1,1,1.614996344224519,0,0.7043421730336995,-0.6435847611821148,False,False,False,True,False,False,0
0.2631001290740287,-0.4656410247931123,1.7337771971889695,1.530166427308416,-0.9166876736979732,1,1,-0.8633093776309302,0,-1.4321861577055308,-0.9547809128102346,False,False,True,False,False,False,0
-2.020000700583398,-0.0853512796708728,0.3456796638494558,-1.2184705569895626,0.8084361535388619,1,0,1.2655374849570522,0,-0.0078339372127105,0.0988403434163995,False,False,True,False,False,False,0
-1.0860049066326325,0.4850833380124864,-0.0013447194854226,-1.2184705569895626,2.533559980775697,0,0,-1.6512506731965613,1,-1.4321861577055308,-0.6035738274013566,False,False,True,False,False,False,0
-0.5567406233938653,0.6752282105736062,0.6927040471843343,0.8912821557691343,-0.9166876736979732,0,0,1.4700245485517442,1,-0.7200100474591208,1.352516268546825,False,True,False,True,False,False,0
0.8234976054444879,0.770300646854166,-1.3894422528249364,0.6294248245306159,2.533559980775697,0,0,1.587461769928799,1,-0.0078339372127105,0.018818475854883,False,False,False,True,False,False,0
-0.3491860025159174,-0.1804237159514327,-1.042417869490058,1.4742289934845227,0.8084361535388619,0,1,0.0146385373044605,0,-1.4321861577055308,-0.1367795999591768,True,False,False,False,False,True,0
1.6018274337367924,0.1047935928902469,-0.0013447194854226,0.0722382278937428,-0.9166876736979732,1,1,0.7373226170798435,0,-1.4321861577055308,-1.3015423389101397,True,False,False,False,False,True,0
0.1489450875911573,-0.2754961522319926,0.3456796638494558,-1.2184705569895626,0.8084361535388619,1,0,1.325934952530261,0,-0.0078339372127105,1.703723353955703,False,False,True,True,False,False,0
-1.2105376791594011,0.1047935928902469,1.0397284305192127,-1.2184705569895626,-0.9166876736979732,1,1,-1.2647328216401204,0,-1.4321861577055308,-0.4124104771155115,False,False,False,False,False,False,0
0.0659232392399782,-0.9410032061959116,-0.0013447194854226,-0.011313519590036,0.8084361535388619,0,1,-0.7913781145772824,0,0.7043421730336995,-1.3726728878537098,True,True,False,False,True,False,0
-1.1067603687204273,-0.6557858973542321,-0.348369102820301,-1.2184705569895626,-0.9166876736979732,1,0,-0.0989664880705987,0,-1.4321861577055308,-1.2793140423652738,False,False,True,False,True,False,0
-1.999245238495603,0.2949384654513666,0.3456796638494558,0.8571020555447557,0.8084361535388619,1,1,1.3431503641330718,1,-0.0078339372127105,-1.248194427202462,False,False,True,False,True,False,0
0.3772551705569,1.1505903919764056,-0.0013447194854226,-1.2184705569895626,-0.9166876736979732,1,0,-0.1531275308719928,1,0.7043421730336995,-1.2748683830563008,False,False,False,False,True,False,0
1.37351735077105,-1.511437823879271,-1.042417869490058,-1.2184705569895626,-0.9166876736979732,1,1,-1.627106499610378,0,1.4165182832801098,-1.5549449195216083,True,False,True,True,False,False,0
0.9065194537956672,-0.0853512796708728,-1.736466636159815,0.8368031629766487,-0.9166876736979732,1,0,-1.5236784139651305,0,-0.0078339372127105,0.1077316620343458,True,False,True,False,True,False,0
0.1697005496789521,-1.0360756424764714,-1.3894422528249364,0.7750739138195533,-0.9166876736979732,0,0,0.240403581885504,0,-1.4321861577055308,-0.3457255874809144,False,True,False,False,False,False,0
0.5744320603909505,-0.5607134610736721,-1.042417869490058,-0.2892514881092023,-0.9166876736979732,1,1,-0.2972339919636721,0,-1.4321861577055308,1.352516268546825,False,False,False,True,False,False,0
0.1178118944594652,0.1047935928902469,0.3456796638494558,1.2827372391266838,-0.9166876736979732,0,1,-1.1618393761067616,0,1.4165182832801098,-1.030357121062778,True,False,False,False,False,True,0
0.7404757570933088,1.2456628282569653,-0.0013447194854226,0.8900962217786154,-0.9166876736979732,0,1,-0.1314047988592311,1,0.7043421730336995,1.5214513222878043,True,True,False,False,False,True,0
-1.137893561852119,2.671749372465364,1.7337771971889695,0.8538535858898837,-0.9166876736979732,0,1,-1.3750691529977797,0,1.4165182832801098,-0.3812908619526995,True,False,False,True,False,False,0
-0.3284305404281227,-0.2754961522319926,1.0397284305192127,-1.2184705569895626,0.8084361535388619,1,1,0.7912099936906315,0,1.4165182832801098,0.303340671629164,True,False,False,False,True,False,0
1.404650543902742,0.009721156609687,1.7337771971889695,0.5256928259107501,-0.9166876736979732,1,1,0.0128141539893236,0,1.4165182832801098,0.1344056178881847,True,False,True,False,False,False,0
-0.3388082714720201,0.9604455194152858,1.3867528138540912,1.10888671319376,-0.9166876736979732,1,0,-1.082223552511569,0,0.7043421730336995,-0.616910805328276,False,False,False,False,False,False,0
0.958408109015154,-0.2754961522319926,-1.042417869490058,1.2440907132779615,-0.9166876736979732,1,1,-0.2298163085212849,0,-0.0078339372127105,-1.5771732160664742,True,False,True,False,False,True,0
2.058447599668278,0.009721156609687,1.7337771971889695,-1.2184705569895626,0.8084361535388619,1,1,0.7406512951097963,0,-0.0078339372127105,-0.7413892659795239,False,False,True,False,False,False,0
-0.0793649953745852,0.6752282105736062,1.3867528138540912,0.3096386125971266,-0.9166876736979732,1,0,0.1448267949500295,1,-1.4321861577055308,-0.1723448744309619,False,False,False,False,False,True,0
1.352761888683255,0.1998660291708067,-0.348369102820301,-1.2184705569895626,-0.9166876736979732,1,0,0.5652856872095915,0,1.4165182832801098,-0.5635628936205983,False,False,True,False,True,False,0
-0.8161838994913002,-1.1311480787570314,-1.042417869490058,0.8348272467653629,-0.9166876736979732,1,1,-1.543935449671154,0,-0.7200100474591208,-0.9947918465909928,True,False,False,False,False,False,0
-0.2142754989452513,-0.1804237159514327,1.3867528138540912,0.887286613345292,0.8084361535388619,1,1,-0.8463676322187249,0,-1.4321861577055308,-0.901433001102557,True,True,False,False,False,True,0
0.7819866812688984,0.5801557742930463,0.3456796638494558,0.6135524902230562,0.8084361535388619,1,1,0.0738497123627375,1,1.4165182832801098,-1.1592812410229991,True,True,False,False,True,False,0
-0.0689872643306878,0.1998660291708067,-1.042417869490058,0.2853664328805497,-0.9166876736979732,1,0,0.4094708684676076,1,-0.7200100474591208,0.6412107791111227,True,True,False,False,True,False,0
-0.0274763401550982,0.1047935928902469,-0.348369102820301,0.3025947378868679,-0.9166876736979732,0,1,0.3959240442992189,0,-0.0078339372127105,1.7170603318826223,True,True,False,True,False,False,0
-0.1727645747696618,-0.0853512796708728,-1.736466636159815,0.4347784249162367,-0.9166876736979732,0,0,1.0069201529674066,0,-0.7200100474591208,-0.3101603130091293,True,False,True,False,True,False,0
1.1452072678053071,0.6752282105736062,0.3456796638494558,0.7600357520637154,2.533559980775697,0,1,-0.7548791469388428,1,1.4165182832801098,0.2144274854497012,True,True,False,False,False,False,0
0.429143825776387,0.1998660291708067,-0.348369102820301,-1.2184705569895626,0.8084361535388619,0,0,0.9727873372908178,0,0.7043421730336995,-0.7058239915077388,True,False,False,False,True,False,0
0.0763009702838756,-0.6557858973542321,-0.6953934861551795,1.1979678558932223,0.8084361535388619,0,1,1.2904598859061018,0,-0.7200100474591208,1.0768853913904903,False,True,False,False,True,False,0
0.086678701327773,-0.0853512796708728,0.6927040471843343,-1.2184705569895626,0.8084361535388619,0,1,0.8024685581801375,0,-0.7200100474591208,0.7701348990713438,True,False,False,True,False,False,0
-2.0096229695395005,-0.2754961522319926,-0.0013447194854226,-1.2184705569895626,0.8084361535388619,1,0,-0.360034645106482,0,-0.0078339372127105,-0.7947371776872015,True,False,True,False,False,True,0
0.5640543293470531,-0.1804237159514327,0.6927040471843343,-1.2184705569895626,0.8084361535388619,1,1,0.1820038427303765,0,-1.4321861577055308,0.8546024259418334,False,False,True,True,False,False,0
1.954670289229304,-0.8459307699153518,1.0397284305192127,0.9636945775444796,-0.9166876736979732,1,0,-0.8053142262938072,0,-0.0078339372127105,1.4725490698891,True,False,False,False,True,False,0
-1.3039372585544775,-0.3705685885125524,1.3867528138540912,0.6794144959838063,-0.9166876736979732,1,0,-1.0336448479451037,1,-0.0078339372127105,-0.8480850893948793,False,True,False,False,False,False,0
0.13856735654726,1.1505903919764056,-1.042417869490058,-1.2184705569895626,-0.9166876736979732,0,0,-0.8185284434592552,0,-1.4321861577055308,-0.7680632218333627,True,False,False,True,False,False,0
-0.2972973472964305,0.1047935928902469,0.6927040471843343,-1.2184705569895626,-0.9166876736979732,1,1,-1.2957793294708122,0,1.4165182832801098,-1.5727275567575012,False,False,True,False,False,True,0
-0.3076750783403279,-0.2754961522319926,-1.736466636159815,0.5260868563617649,0.8084361535388619,1,0,0.1868894970861709,1,-1.4321861577055308,-0.332388609553995,False,False,True,False,True,False,0
1.1763404609369994,0.1998660291708067,-0.348369102820301,0.7698095004797046,-0.9166876736979732,0,0,-0.004831056103435,0,-1.4321861577055308,-1.283759701674247,True,False,False,False,False,True,0
-0.2869196162525331,-0.6557858973542321,-1.042417869490058,0.0523035853362245,0.8084361535388619,1,1,0.783106935994838,0,-1.4321861577055308,1.7215059911915958,False,False,False,False,False,True,0
-1.3558259137739646,-0.9410032061959116,-1.042417869490058,0.1778926660200432,-0.9166876736979732,1,1,-1.7288684206402665,0,-1.4321861577055308,1.0190918203738395,False,True,False,False,True,False,0
0.1178118944594652,-1.606510260159831,1.3867528138540912,-1.2184705569895626,-0.9166876736979732,1,0,-1.2395896099781931,1,1.4165182832801098,-0.0745403696335528,False,False,True,False,False,False,0
-0.0897427264184826,-0.5607134610736721,0.6927040471843343,0.3606982984770266,0.8084361535388619,1,1,-1.0463379866015012,0,0.7043421730336995,0.6901130315098273,True,True,False,False,True,False,0
-1.2416708722910934,-0.0853512796708728,1.3867528138540912,-1.2184705569895626,0.8084361535388619,0,0,-1.2144126681758742,0,-0.7200100474591208,-0.936998275574342,True,False,False,False,True,False,0
-0.2350309610330461,-0.3705685885125524,0.6927040471843343,1.2928097526063034,0.8084361535388619,1,0,-1.1928472855293757,0,0.7043421730336995,1.0235374796828127,True,True,False,False,False,True,0
0.034790046108286,-0.1804237159514327,-1.3894422528249364,-1.2184705569895626,-0.9166876736979732,1,1,0.0975336607859391,0,1.4165182832801098,-1.692760358099776,True,False,True,True,False,False,0
0.0244123150643886,-0.6557858973542321,-1.3894422528249364,0.6149614572969817,-0.9166876736979732,1,1,0.447045027797728,0,0.7043421730336995,-1.701651676717722,False,True,False,True,False,False,0
0.2942333222057209,0.770300646854166,-0.0013447194854226,-1.2184705569895626,0.8084361535388619,1,1,1.380710961860354,0,-1.4321861577055308,0.5700802301675525,False,False,False,False,False,False,0
1.902781634009817,-1.9868000052820705,-1.042417869490058,1.0690572954425193,-0.9166876736979732,1,1,0.2990740314972858,0,-0.0078339372127105,0.1921991889048355,True,True,False,True,False,False,0
0.0140345840204912,0.2949384654513666,-1.3894422528249364,-1.2184705569895626,0.8084361535388619,1,1,-1.6458738454046415,0,-0.7200100474591208,-0.9325526162653688,False,False,False,False,False,True,0
1.778248861483048,-0.1804237159514327,-0.0013447194854226,1.4210720280931055,-0.9166876736979732,1,1,1.270712105773321,0,1.4165182832801098,1.6148101677762403,True,False,False,False,False,False,0
-0.3284305404281227,0.4850833380124864,1.0397284305192127,-1.2184705569895626,0.8084361535388619,1,1,-1.47445535939715,0,1.4165182832801098,1.4814403885070462,True,False,True,False,False,False,0
0.5432988672592584,0.009721156609687,-1.042417869490058,0.567155364588586,-0.9166876736979732,1,0,1.7222135069294042,0,0.7043421730336995,-1.06147673622559,True,False,False,False,False,True,0
0.4914102120397713,0.4850833380124864,1.0397284305192127,1.3224352066543226,-0.9166876736979732,1,0,0.1173588116015784,0,-0.7200100474591208,1.5836905526134284,True,False,False,False,False,False,0
2.058447599668278,2.291459627343124,1.0397284305192127,1.5007169340347424,-0.9166876736979732,0,0,1.4548465069753105,1,-1.4321861577055308,1.5925818712313746,True,False,False,False,False,True,0
1.6744715510440742,-0.9410032061959116,0.3456796638494558,-1.2184705569895626,-0.9166876736979732,1,0,-1.1558209801805754,0,-0.0078339372127105,-1.5460536009036625,True,False,False,False,True,False,0
-0.7124065890523262,0.1047935928902469,-0.6953934861551795,-0.3470184977005667,-0.9166876736979732,1,0,0.1600875970771165,1,0.7043421730336995,0.1744165516689429,False,False,True,False,True,False,0
0.0555455081960808,-0.9410032061959116,0.6927040471843343,0.1246758195279842,-0.9166876736979732,1,0,0.915031426537096,0,-0.0078339372127105,0.334460286791976,True,False,True,False,False,True,0
1.5188055853856133,-0.2754961522319926,-1.3894422528249364,-1.2184705569895626,0.8084361535388619,1,1,1.0190816072458675,0,0.7043421730336995,-0.0123011393079289,True,False,False,True,False,False,0
-1.5737582656958098,0.1047935928902469,-1.3894422528249364,0.3666852877719465,-0.9166876736979732,1,1,0.9113171121597708,0,1.4165182832801098,-0.5591172343116252,True,False,True,True,False,False,0
-0.4218301198231992,0.6752282105736062,-0.0013447194854226,-1.2184705569895626,-0.9166876736979732,1,0,-0.3956189000201587,1,0.7043421730336995,0.6323194604931764,False,False,False,False,True,False,0
-0.4633410439987888,-1.0360756424764714,-1.3894422528249364,0.958000909576768,0.8084361535388619,1,1,0.1761069796296246,0,-0.7200100474591208,-0.1590078965040425,True,False,True,False,False,True,0
-0.442585581910994,-0.6557858973542321,0.6927040471843343,0.6791584802620785,-0.9166876736979732,0,0,-1.6798272306436794,0,-1.4321861577055308,0.5611889115496062,True,False,False,True,False,False,0
-1.8747124659688343,-1.511437823879271,0.3456796638494558,0.4561596603729501,0.8084361535388619,1,0,0.5442886748153738,0,-0.7200100474591208,-0.5413345970757326,True,True,False,False,False,False,0
0.5536765983031557,-1.416365387598711,0.6927040471843343,0.3853424134791408,-0.9166876736979732,1,0,0.3647247076365434,0,-1.4321861577055308,-0.1812361930489082,False,False,False,False,False,True,0
0.5121656741275662,-1.511437823879271,-0.6953934861551795,-1.2184705569895626,0.8084361535388619,1,0,-1.0687707902295325,0,-0.7200100474591208,-1.5727275567575012,True,False,False,False,True,False,0
1.0518076884102303,1.0555179556958456,-0.348369102820301,-1.2184705569895626,0.8084361535388619,1,1,-1.7311888456592142,0,1.4165182832801098,-0.6346934425641685,False,False,False,False,True,False,0
-1.5114918794324257,-0.4656410247931123,0.6927040471843343,-1.2184705569895626,0.8084361535388619,0,0,0.2679426767155041,0,-1.4321861577055308,1.4325381361083416,True,False,False,False,False,False,0
-0.5256074302621732,0.4850833380124864,-0.6953934861551795,-1.2184705569895626,0.8084361535388619,1,0,-1.2140099928916028,0,0.7043421730336995,-1.2793140423652738,True,False,False,False,False,True,0
0.2734778601179261,-1.511437823879271,1.7337771971889695,0.6318187876771311,-0.9166876736979732,1,1,-0.1529637484377167,0,-0.0078339372127105,-1.377118547162683,True,True,False,False,False,False,0
0.6989648329177193,2.861894245026483,-0.6953934861551795,-1.2184705569895626,0.8084361535388619,1,1,-0.7321740680538307,0,0.7043421730336995,-0.52355195983984,True,False,False,False,False,True,0
-0.9095834788863768,-0.3705685885125524,1.3867528138540912,-1.2184705569895626,0.8084361535388619,1,1,0.0939939085784794,0,0.7043421730336995,-0.4524214108962698,False,False,True,True,False,False,0
0.0555455081960808,1.7210250096597648,1.0397284305192127,0.4975005155307652,-0.9166876736979732,1,1,0.4509799790212278,1,-0.7200100474591208,-1.4171294809434412,True,True,False,False,False,True,0
-1.3454481827300673,-0.6557858973542321,1.0397284305192127,0.7741028473078081,0.8084361535388619,1,1,1.1363025384443242,0,-0.0078339372127105,0.5078409998419284,True,True,False,True,False,False,0
-1.2624263343788882,-0.2754961522319926,-1.042417869490058,-1.2184705569895626,0.8084361535388619,1,1,-1.4902026405593796,0,1.4165182832801098,1.6237014863941868,False,False,True,True,False,False,0
0.1074341634155678,0.2949384654513666,0.3456796638494558,0.463024051891178,-0.9166876736979732,1,0,-0.9073913676563312,0,0.7043421730336995,-1.3059879982191127,False,False,True,False,True,False,0
1.010296764234641,-0.8459307699153518,-1.3894422528249364,-1.2184705569895626,0.8084361535388619,0,1,0.4541460916838261,0,-1.4321861577055308,-0.7991828369961748,True,False,False,False,False,True,0
-0.4218301198231992,1.1505903919764056,-1.3894422528249364,0.7488756120689626,-0.9166876736979732,1,1,0.8557225383917034,0,-1.4321861577055308,-1.59940151261134,True,False,True,False,True,False,0
0.7612312191811036,-0.9410032061959116,0.3456796638494558,-1.2184705569895626,0.8084361535388619,1,1,1.5708081216435523,0,0.7043421730336995,0.9746352272841082,False,False,False,False,False,True,0
1.902781634009817,0.770300646854166,-0.0013447194854226,0.5153479655001367,0.8084361535388619,1,1,-0.948820847259953,1,1.4165182832801098,0.8012545142341557,False,True,False,True,False,False,0
-0.9303389409741716,-0.7508583336347919,-1.042417869490058,0.5860992471173031,-0.9166876736979732,0,1,1.4941932373430578,0,1.4165182832801098,-1.5905101939933937,True,True,False,False,False,True,0
0.0555455081960808,2.671749372465364,-0.0013447194854226,0.6994133426091254,0.8084361535388619,1,1,0.1234980448863864,0,-1.4321861577055308,1.1969181927327652,True,False,True,False,True,False,0
0.8131198744005905,0.009721156609687,-1.3894422528249364,0.3667882384342799,-0.9166876736979732,1,0,1.6432926285463154,0,1.4165182832801098,-1.541607941594689,False,False,False,True,False,False,0
-0.2869196162525331,-0.1804237159514327,-1.736466636159815,-1.2184705569895626,0.8084361535388619,0,0,0.2029591271158614,0,1.4165182832801098,1.4147554988724491,True,False,False,True,False,False,0
-1.5114918794324257,-0.1804237159514327,-0.0013447194854226,-1.2184705569895626,0.8084361535388619,1,1,0.4713964504939508,0,0.7043421730336995,1.0235374796828127,True,False,False,False,False,True,0
-0.4840965060865836,-1.1311480787570314,1.3867528138540912,-1.2184705569895626,0.8084361535388619,1,0,1.6979912671935502,0,-0.0078339372127105,-0.1189969627232842,True,False,False,False,True,False,0
-1.4803586863007334,-0.3705685885125524,1.0397284305192127,-1.2184705569895626,0.8084361535388619,0,1,-0.5737602898346079,0,-0.0078339372127105,0.970189567975135,True,False,False,True,False,False,0
-0.9303389409741716,-0.1804237159514327,-1.042417869490058,-1.2184705569895626,-0.9166876736979732,0,1,-0.832928257672823,1,-0.0078339372127105,-1.6705320615549102,True,False,False,False,True,False,0
1.2386068472003835,2.5766769361848034,0.6927040471843343,1.083478553773831,-0.9166876736979732,1,1,0.5284954928435378,0,-0.7200100474591208,0.081057706180507,False,False,False,False,False,False,0
-0.785050706359608,1.530880137098645,0.3456796638494558,-0.5046675033822956,2.533559980775697,0,1,-0.5718726190395594,1,-0.0078339372127105,0.0543837503266681,False,False,False,True,False,False,0
0.3564997084691052,0.3900109017319265,-1.042417869490058,0.941348359752022,-0.9166876736979732,1,1,-0.0449313247622149,0,0.7043421730336995,-0.2923776757732367,True,True,False,False,True,False,0
0.7300980260494114,-0.1804237159514327,-1.042417869490058,-1.2184705569895626,-0.9166876736979732,0,0,0.3560014674109591,0,0.7043421730336995,0.081057706180507,True,False,False,True,False,False,0
-0.1208759195501748,0.4850833380124864,-0.6953934861551795,0.977415515196092,-0.9166876736979732,1,0,-0.1399675601178974,0,-1.4321861577055308,-1.1370529444781334,True,False,False,False,True,False,0
0.1178118944594652,0.6752282105736062,0.3456796638494558,0.3096086720468055,-0.9166876736979732,1,1,-1.3803748693081508,1,0.7043421730336995,0.970189567975135,False,True,False,False,False,False,0
1.830137516702535,-0.1804237159514327,-0.348369102820301,-1.2184705569895626,0.8084361535388619,1,0,-0.0971191543506586,0,0.7043421730336995,0.2010905075227818,True,False,False,False,True,False,0
0.5121656741275662,1.9111698822208845,0.6927040471843343,-1.2184705569895626,0.8084361535388619,0,1,-1.2663355249088646,0,0.7043421730336995,-0.9770092093551004,True,False,True,False,False,True,0
0.034790046108286,0.770300646854166,1.7337771971889695,-1.2184705569895626,0.8084361535388619,1,0,1.1709458267610768,0,-0.7200100474591208,1.69927769464673,False,False,False,False,False,True,0
1.062185419454128,0.5801557742930463,0.3456796638494558,-1.2184705569895626,-0.9166876736979732,1,0,-0.4616093116971825,1,-0.7200100474591208,-0.2079101489027471,False,False,False,False,False,True,0
-0.5359851613060705,0.009721156609687,0.6927040471843343,0.1981395228723519,0.8084361535388619,1,0,-0.7267440370507766,0,1.4165182832801098,1.2013638520417382,False,True,False,True,False,False,0
-0.3699414646037122,-0.2754961522319926,1.7337771971889695,0.0343818443756824,-0.9166876736979732,1,0,0.6346764099982262,0,0.7043421730336995,0.8101458328521021,False,True,False,False,False,True,0
1.7886265925269456,-0.8459307699153518,-1.736466636159815,0.921142330922878,-0.9166876736979732,1,1,1.0714123552642212,0,-1.4321861577055308,1.6459297829390525,True,False,False,False,True,False,0
-2.33133263190032,-0.1804237159514327,-0.0013447194854226,-1.2184705569895626,0.8084361535388619,1,1,0.3660556572484156,0,-0.7200100474591208,1.1657985775699533,True,False,False,False,True,False,0
-0.7746729753157106,-0.7508583336347919,0.3456796638494558,-1.2184705569895626,-0.9166876736979732,1,1,1.6684937378203593,0,0.7043421730336995,-0.6613673984180074,True,False,True,True,False,False,0
-0.6708956648767367,0.5801557742930463,1.0397284305192127,0.94270465067057,-0.9166876736979732,1,1,0.3977771156203598,1,-1.4321861577055308,-1.3015423389101397,False,True,False,False,False,True,0
2.058447599668278,-0.8459307699153518,1.0397284305192127,1.261155866301515,-0.9166876736979732,1,1,-0.8039580660099924,0,1.4165182832801098,0.3700255612637611,False,True,False,False,True,False,0
-0.7954284374035054,-1.606510260159831,1.0397284305192127,0.4663552983616431,-0.9166876736979732,1,1,-1.1481150340345554,0,-1.4321861577055308,0.8857220411046454,False,False,True,True,False,False,0
0.086678701327773,-0.0853512796708728,0.3456796638494558,0.5406459693124682,-0.9166876736979732,1,1,0.9425421810944984,0,-0.0078339372127105,0.3611342426458148,True,False,True,False,True,False,0
-0.3595637335598148,-0.4656410247931123,-1.736466636159815,0.8828861529975913,0.8084361535388619,1,0,1.4395768376463671,0,1.4165182832801098,1.4503207733442345,False,False,False,False,False,False,0
-0.3076750783403279,1.8160974459403243,0.6927040471843343,0.6535703573204341,-0.9166876736979732,1,0,0.3474607872235806,1,-0.7200100474591208,-0.585791190165464,False,True,False,True,False,False,0
1.6640938200001767,0.009721156609687,-0.0013447194854226,0.6344926229196942,2.533559980775697,1,1,1.4807888100044695,1,-1.4321861577055308,-1.0081288245179123,True,True,False,False,False,True,0
0.429143825776387,-0.2754961522319926,1.0397284305192127,1.6332759186574386,-0.9166876736979732,0,0,-0.7252268761999346,1,-0.7200100474591208,-0.7102696508167119,True,False,False,False,False,True,0
-1.4180923000373489,-0.5607134610736721,-1.042417869490058,-1.2184705569895626,0.8084361535388619,1,1,0.618925129901826,0,0.7043421730336995,0.081057706180507,True,False,False,False,True,False,0
-0.1935200368574565,-0.3705685885125524,1.7337771971889695,-1.2184705569895626,0.8084361535388619,1,0,-0.6042879794233889,0,-1.4321861577055308,1.2947226975301742,True,False,False,False,False,False,0
0.5017879430836688,-0.6557858973542321,1.0397284305192127,0.5575188303524096,0.8084361535388619,1,1,1.0677940153069811,1,-0.7200100474591208,0.1255142992702384,False,False,False,False,False,True,0
-0.4114523887793018,3.5274012989904024,0.3456796638494558,0.3212563466711157,-0.9166876736979732,1,1,1.58152578681986,0,1.4165182832801098,0.3833625391906806,True,True,False,False,False,False,0
-0.3388082714720201,1.6259525733792048,0.6927040471843343,-1.2184705569895626,0.8084361535388619,1,1,-1.0082370111611296,0,-1.4321861577055308,0.2010905075227818,False,False,True,False,True,False,0
-1.7916906176176552,0.770300646854166,0.3456796638494558,0.7316213692596925,-0.9166876736979732,0,1,-1.6451161343127358,1,-0.7200100474591208,-0.6924870135808193,True,False,False,False,True,False,0
-0.1623868437257644,0.3900109017319265,0.3456796638494558,-1.2184705569895626,0.8084361535388619,1,0,-0.9962968891956554,0,1.4165182832801098,0.6278738011842032,True,False,False,False,True,False,0
-0.4737187750426862,-0.4656410247931123,-0.6953934861551795,1.36846087733294,-0.9166876736979732,0,1,1.576013516866262,0,-0.0078339372127105,1.2724944009853083,True,False,True,False,True,False,0
-1.075627175588735,0.6752282105736062,-1.3894422528249364,-1.2184705569895626,-0.9166876736979732,1,1,0.0702033798663061,1,0.7043421730336995,1.0457657762276784,False,False,False,False,False,True,0
0.6885871018738219,0.009721156609687,-1.042417869490058,-1.2184705569895626,-0.9166876736979732,1,1,-0.8396509876130774,0,-0.7200100474591208,-0.7814001997602822,False,False,True,False,True,False,0
0.2112114738545417,0.1047935928902469,1.7337771971889695,0.4303481841281097,-0.9166876736979732,1,0,-1.723809768914934,1,-0.7200100474591208,-0.1723448744309619,True,True,False,False,False,True,0
-0.8265616305351976,0.770300646854166,-1.042417869490058,-1.2184705569895626,0.8084361535388619,1,0,-1.1185121414393144,0,0.7043421730336995,1.7081690132646763,False,False,False,True,False,False,0
-1.0444939824570427,0.3900109017319265,0.6927040471843343,-1.2184705569895626,0.8084361535388619,1,0,1.3555063752522494,0,-1.4321861577055308,1.6237014863941868,True,False,False,False,True,False,0
0.086678701327773,0.3900109017319265,-1.3894422528249364,-1.2184705569895626,-0.9166876736979732,0,1,0.2015951428304093,1,1.4165182832801098,0.5033953405329553,False,False,False,False,False,False,0
0.2942333222057209,-0.1804237159514327,-0.348369102820301,-1.2184705569895626,0.8084361535388619,1,0,-0.6813909075593536,0,-0.0078339372127105,0.8634937445597797,True,False,False,False,False,True,0
-1.0963826376765298,-1.321292951318151,0.6927040471843343,0.8265849494927939,0.8084361535388619,1,1,0.0842984057494217,0,1.4165182832801098,1.379190224400664,True,False,True,False,False,True,0
0.2008337428106443,-0.4656410247931123,1.7337771971889695,1.2369751093348484,-0.9166876736979732,1,0,0.6968328870062237,0,0.7043421730336995,0.685667372200854,True,False,True,False,False,True,0
0.2423446669862339,-0.6557858973542321,1.7337771971889695,-1.2184705569895626,0.8084361535388619,1,0,1.5841753415076874,0,-0.0078339372127105,0.0143728165459099,True,False,True,True,False,False,0
0.8442530675322827,0.8653730831347259,0.6927040471843343,0.1571219295920659,-0.9166876736979732,1,1,-1.3313110766401668,0,-0.7200100474591208,1.1124506658622757,True,True,False,True,False,False,0
1.695227013131869,-0.3705685885125524,-0.348369102820301,-1.2184705569895626,0.8084361535388619,0,1,1.7049202030436257,0,-0.7200100474591208,0.3255689681740297,True,False,False,False,False,False,0
-0.7539175132279158,-0.7508583336347919,1.3867528138540912,-1.2184705569895626,-0.9166876736979732,0,1,0.6714160091536913,0,1.4165182832801098,0.7656892397623706,True,False,False,False,False,True,0
-0.7746729753157106,0.3900109017319265,-0.6953934861551795,-1.2184705569895626,0.8084361535388619,1,1,0.6011898568568862,0,-0.7200100474591208,-0.3679538840257801,True,False,True,False,True,False,0
1.7886265925269456,-1.226220515037591,0.6927040471843343,1.1233928297692963,-0.9166876736979732,1,0,-1.3653347040272383,1,-0.7200100474591208,1.1569072589520069,True,False,False,True,False,False,0
0.4914102120397713,-0.7508583336347919,1.0397284305192127,0.7977534804129099,0.8084361535388619,1,0,0.8211755722284417,0,-0.7200100474591208,-1.6305211277741518,True,False,True,False,True,False,0
0.719720295005514,0.1998660291708067,-1.042417869490058,-1.2184705569895626,0.8084361535388619,1,0,1.178615608632862,0,0.7043421730336995,0.2900036937022446,True,False,False,False,False,True,0
0.325366515337413,-0.4656410247931123,1.3867528138540912,0.6165417419583048,0.8084361535388619,0,1,-1.3055998424593651,0,1.4165182832801098,0.587862867403445,True,False,True,False,False,False,0
-0.2972973472964305,0.1047935928902469,0.3456796638494558,-1.2184705569895626,0.8084361535388619,1,1,-0.5965752524759496,0,1.4165182832801098,0.6011998453303644,True,False,False,False,True,False,0
0.5640543293470531,-0.4656410247931123,-1.736466636159815,1.0333351768216663,0.8084361535388619,1,1,-0.4026645004279828,0,-0.0078339372127105,-1.4171294809434412,True,True,False,True,False,False,0
-1.231293141247196,0.770300646854166,1.3867528138540912,0.1160013856494464,-0.9166876736979732,1,1,0.6479135775684771,0,1.4165182832801098,-0.839193770776933,True,False,False,False,True,False,0
-1.3558259137739646,-0.8459307699153518,-1.042417869490058,0.4997662306515741,-0.9166876736979732,1,0,-0.6282059524289001,0,-0.7200100474591208,1.503668685051912,True,False,False,False,False,True,0
0.086678701327773,-0.5607134610736721,-1.3894422528249364,-1.2184705569895626,0.8084361535388619,0,0,0.3025910071666455,0,-1.4321861577055308,-0.5413345970757326,False,False,True,False,True,False,0
-1.0548717135009402,-0.7508583336347919,-0.0013447194854226,1.0582951886461505,0.8084361535388619,1,1,0.3788628524620162,0,0.7043421730336995,1.2058095113507117,True,False,False,False,True,False,0
0.2734778601179261,0.3900109017319265,-0.0013447194854226,0.4200651261368754,-0.9166876736979732,1,1,-0.3613240405763245,0,-0.0078339372127105,1.121341984480222,True,False,False,False,True,False,0
0.6574539087421296,-0.4656410247931123,1.3867528138540912,0.4190937394053407,-0.9166876736979732,0,0,1.346098274083339,1,-0.7200100474591208,-1.1948465154947845,False,True,False,False,False,True,0
0.2734778601179261,-0.6557858973542321,-0.0013447194854226,-1.2184705569895626,0.8084361535388619,1,0,-0.1764194098798095,0,-0.7200100474591208,0.7834718769982632,False,False,False,True,False,False,0
-1.075627175588735,-0.6557858973542321,-1.042417869490058,1.5426048847029663,-0.9166876736979732,1,0,1.5239847753111118,1,-0.7200100474591208,-1.0348027803717512,False,False,False,True,False,False,0
-0.8680725547107871,-1.0360756424764714,-0.0013447194854226,1.1048143180204313,0.8084361535388619,1,0,1.4788722773367142,0,1.4165182832801098,1.637038464321106,True,False,False,True,False,False,0
-1.4492254931690411,-0.2754961522319926,-0.6953934861551795,0.1317004810508713,0.8084361535388619,1,0,-1.4388500666124036,0,1.4165182832801098,0.5345149556957673,False,False,False,False,True,False,0
-1.7916906176176552,-0.3705685885125524,1.3867528138540912,0.2678918788560841,-0.9166876736979732,1,0,-0.0170637957301477,1,-0.0078339372127105,-1.2393031085845156,True,True,False,False,False,False,0
0.3357442463813104,-0.7508583336347919,1.0397284305192127,-1.2184705569895626,0.8084361535388619,1,0,1.5336044722576383,0,0.7043421730336995,-0.4079648178065383,False,False,True,False,False,True,0
0.3357442463813104,0.5801557742930463,0.3456796638494558,1.1522989100601404,-0.9166876736979732,1,0,1.445592451705305,0,-0.0078339372127105,1.2813857196032548,True,False,False,False,False,False,0
-1.4492254931690411,-0.7508583336347919,0.3456796638494558,-1.2184705569895626,0.8084361535388619,1,0,1.182832050048605,0,-1.4321861577055308,-1.5238253043587966,True,False,True,False,False,True,0
0.4083883636885922,-1.7015826964403906,-0.6953934861551795,0.4306764094123765,-0.9166876736979732,1,1,0.0733246349195169,0,-0.0078339372127105,-1.1592812410229991,True,False,True,False,False,True,0
-0.048231802242893,0.770300646854166,-0.0013447194854226,0.4723413269971944,0.8084361535388619,1,1,0.9898163637879556,0,-1.4321861577055308,-1.0792593734614826,True,False,True,False,False,False,0
-1.0860049066326325,-0.0853512796708728,-0.0013447194854226,1.4640101395610892,-0.9166876736979732,0,1,1.0219198073065077,0,1.4165182832801098,0.2455471006125132,False,False,False,False,True,False,0
1.5084278543417158,1.9111698822208845,-0.348369102820301,0.852093657926635,-0.9166876736979732,1,1,-0.1183465401264217,0,-0.0078339372127105,-1.608292831229286,True,False,True,True,False,False,0
0.7819866812688984,1.9111698822208845,-0.0013447194854226,1.2245031889722922,-0.9166876736979732,1,0,-0.4972794567621673,1,0.7043421730336995,-0.0345294358527946,True,True,False,False,True,False,0
1.09331861258582,0.6752282105736062,-1.736466636159815,-1.2184705569895626,0.8084361535388619,1,0,-1.0948601844894743,0,1.4165182832801098,0.6278738011842032,True,False,False,False,False,False,0
-2.507754059646575,1.0555179556958456,-1.042417869490058,0.4191140733619756,0.8084361535388619,1,0,-0.1844518776941636,0,1.4165182832801098,0.6323194604931764,False,True,False,False,True,False,0
0.3668774395130026,-0.2754961522319926,-0.348369102820301,0.3371245181214116,-0.9166876736979732,0,1,-0.6475880908851598,0,-0.7200100474591208,0.93462429350335,False,False,False,False,True,False,0
2.058447599668278,1.1505903919764056,-0.6953934861551795,0.539528882576698,0.8084361535388619,1,1,-1.5295667575974328,1,-0.0078339372127105,1.632592805012133,True,False,True,False,True,False,0
0.1489450875911573,-0.5607134610736721,-1.042417869490058,1.1388218197782536,-0.9166876736979732,1,1,-0.7653806958032551,0,-0.0078339372127105,-0.4346387736603772,False,False,False,False,False,True,0
-0.7124065890523262,1.1505903919764056,0.3456796638494558,0.7871945530729969,0.8084361535388619,1,0,1.1240649305499255,0,0.7043421730336995,1.0235374796828127,True,False,False,False,True,False,0
0.1178118944594652,-0.2754961522319926,0.3456796638494558,0.0184344185274783,-0.9166876736979732,0,0,-1.1234104880644318,1,1.4165182832801098,1.4992230257429386,False,True,False,False,True,False,0
0.4187660947324896,0.5801557742930463,0.3456796638494558,1.2199523854334076,4.258683808012532,0,1,0.1323050888628422,1,0.7043421730336995,-0.52355195983984,True,True,False,False,False,False,0
-1.0652494445448375,-0.7508583336347919,1.3867528138540912,0.9433366044252044,0.8084361535388619,1,1,-1.340305548922514,0,-0.7200100474591208,0.872385063177726,False,True,False,False,False,False,0
1.6744715510440742,-0.4656410247931123,-1.736466636159815,-1.2184705569895626,0.8084361535388619,1,0,-0.9955979450493816,0,-0.7200100474591208,-0.4524214108962698,True,False,False,False,False,False,0
1.217851385112589,3.242183990148723,-1.3894422528249364,-1.2184705569895626,-0.9166876736979732,1,1,-1.2281801291904373,0,-0.0078339372127105,-0.8525307487038524,False,False,False,False,False,False,0
-0.919961209930274,1.7210250096597648,0.3456796638494558,-1.2184705569895626,0.8084361535388619,1,1,-1.0629133948703733,0,-0.7200100474591208,-1.5282709636677696,True,False,True,False,False,False,0
0.9065194537956672,0.2949384654513666,-1.042417869490058,1.0493727445406231,0.8084361535388619,1,0,1.2469453967994664,0,-0.7200100474591208,-1.492705689195985,True,False,False,False,False,False,0
0.4395215568202844,-0.1804237159514327,1.7337771971889695,1.0844776395171598,-0.9166876736979732,0,1,-1.166725204329259,0,-1.4321861577055308,1.7126146725736495,True,False,False,False,True,False,0
-0.2557864231208409,1.7210250096597648,1.3867528138540912,-1.2184705569895626,0.8084361535388619,1,1,0.1265946108677634,0,-0.7200100474591208,-1.21707481203965,False,False,False,False,True,False,0
1.8405152477464324,1.0555179556958456,0.6927040471843343,-1.2184705569895626,0.8084361535388619,0,1,1.35663963842275,0,-0.7200100474591208,-1.221520471348623,True,False,True,False,False,True,0
0.1697005496789521,-0.4656410247931123,-1.736466636159815,-1.2184705569895626,-0.9166876736979732,0,0,-0.0077619271168023,0,-1.4321861577055308,1.1480159403340606,True,False,True,True,False,False,0
-1.4180923000373489,2.481604499904244,0.6927040471843343,0.2563594833560043,-0.9166876736979732,1,1,0.732275092823506,0,1.4165182832801098,0.8679394038687528,True,False,False,False,True,False,0
-1.2416708722910934,0.4850833380124864,-0.6953934861551795,1.1606912303041033,-0.9166876736979732,1,0,-0.4449709636818049,1,-1.4321861577055308,1.5481252781416432,True,False,False,False,True,False,0
-1.4907364173446307,1.4358077008180852,1.7337771971889695,-1.2184705569895626,-0.9166876736979732,1,1,1.3095304552304898,0,-0.0078339372127105,0.24110144130354,True,False,True,True,False,False,0
0.5432988672592584,-0.2754961522319926,-0.6953934861551795,0.6127128739349125,-0.9166876736979732,0,1,-0.5845539347601496,0,-0.0078339372127105,-1.506042667122904,True,False,False,False,True,False,0
1.4772946612100235,-0.5607134610736721,-1.736466636159815,-1.2184705569895626,0.8084361535388619,0,0,1.350795109199617,0,-1.4321861577055308,0.6589934163470152,True,False,False,False,False,False,0
0.2734778601179261,-1.226220515037591,-1.3894422528249364,-1.2184705569895626,0.8084361535388619,1,0,-0.9560514418398256,0,1.4165182832801098,-1.4615860740331723,False,False,False,False,False,False,0
1.7678711304391508,0.6752282105736062,-0.6953934861551795,0.6239783662404202,0.8084361535388619,1,0,-1.2897680620794514,0,0.7043421730336995,0.1877535295958624,False,True,False,True,False,False,0
1.09331861258582,-0.8459307699153518,0.3456796638494558,1.3653512229568283,-0.9166876736979732,0,0,-0.4956072068122019,1,1.4165182832801098,1.2058095113507117,False,True,False,False,False,False,0
-0.1312536505940722,-0.0853512796708728,-0.0013447194854226,-1.2184705569895626,0.8084361535388619,0,0,-0.1167499221922843,0,-0.7200100474591208,-0.301268994391183,False,False,False,False,True,False,0
1.4669169301661262,2.291459627343124,-0.348369102820301,0.4423460190922691,0.8084361535388619,1,1,-0.3505018815114821,0,-0.0078339372127105,0.1921991889048355,True,False,False,False,False,False,0
2.058447599668278,-1.0360756424764714,1.3867528138540912,0.3411283862597812,-0.9166876736979732,1,1,1.311343537209929,0,-0.0078339372127105,1.5792448933044552,True,False,True,True,False,False,0
0.532921136215361,-0.3705685885125524,-0.0013447194854226,1.0341328443173818,0.8084361535388619,1,0,1.1714959410095374,0,-0.0078339372127105,0.907950337649511,True,True,False,False,True,False,0
1.4357837370344342,-0.1804237159514327,0.3456796638494558,-1.2184705569895626,0.8084361535388619,1,1,0.3312633651671459,0,0.7043421730336995,-0.8614220673217987,True,False,True,True,False,False,0
0.13856735654726,0.1047935928902469,-1.3894422528249364,1.5583561759300846,-0.9166876736979732,0,1,0.2840199568801287,0,1.4165182832801098,1.1702442368789263,False,False,True,False,True,False,0
-2.2586885145930378,1.530880137098645,0.3456796638494558,-1.2184705569895626,-0.9166876736979732,0,1,-0.4671666131268712,1,1.4165182832801098,0.9524069307392424,True,False,True,False,True,False,0
1.0206744952785385,-0.2754961522319926,1.0397284305192127,0.589811715247202,-0.9166876736979732,0,1,-1.5748060043983558,0,-0.0078339372127105,-0.7102696508167119,False,False,True,True,False,False,0
-0.1727645747696618,-1.1311480787570314,1.0397284305192127,0.8224752487139849,-0.9166876736979732,1,1,0.9125352222813612,1,1.4165182832801098,-0.5813455308564909,False,False,False,False,False,False,0
1.7159824752196635,1.8160974459403243,-0.6953934861551795,0.6120272833655318,0.8084361535388619,1,1,-1.0014753350793912,0,-0.0078339372127105,-1.5327166229767428,True,True,False,False,False,False,0
0.4602770189080792,-0.7508583336347919,1.0397284305192127,-1.2184705569895626,0.8084361535388619,0,0,1.575976830991917,0,0.7043421730336995,0.2588840785394326,False,False,False,False,False,True,0
-0.3180528093842253,0.2949384654513666,1.0397284305192127,-0.1187768793073829,-0.9166876736979732,1,1,-0.4568100690928052,0,0.7043421730336995,0.1566339144330504,True,False,True,False,False,True,0
1.2593623092881785,0.009721156609687,-0.348369102820301,-1.2184705569895626,0.8084361535388619,0,1,1.4196244164040936,0,-0.7200100474591208,-0.2745950385373442,False,False,True,True,False,False,0
-0.3699414646037122,0.3900109017319265,0.6927040471843343,0.3183316192234571,-0.9166876736979732,0,1,0.2578660580733536,1,-1.4321861577055308,-0.1901275116668545,False,True,False,True,False,False,0
-0.1416313816379696,-0.9410032061959116,1.3867528138540912,0.4373497898261507,-0.9166876736979732,1,1,-1.479516792989731,0,0.7043421730336995,-0.5102149819129206,False,False,False,False,False,True,0
0.6885871018738219,-0.0853512796708728,0.6927040471843343,-1.2184705569895626,0.8084361535388619,1,0,-1.080111245936176,0,-0.7200100474591208,0.3255689681740297,True,False,False,False,False,True,0
0.8234976054444879,2.956966681307043,-0.6953934861551795,-1.2184705569895626,0.8084361535388619,1,1,0.7084958654470316,0,-0.7200100474591208,-0.8792047045576913,True,False,True,False,False,False,0
-1.0029830582814532,-1.416365387598711,-1.042417869490058,-1.2184705569895626,0.8084361535388619,0,1,1.694074745840574,0,0.7043421730336995,-1.154835581714026,False,False,True,True,False,False,0
-1.6982910382225789,-1.606510260159831,0.3456796638494558,-1.2184705569895626,0.8084361535388619,1,1,-0.5917970477426421,0,0.7043421730336995,0.9746352272841082,False,False,False,False,False,True,0
0.5121656741275662,2.291459627343124,-0.6953934861551795,0.7175225722564365,2.533559980775697,0,0,0.7701627338192318,1,-1.4321861577055308,-0.1812361930489082,True,True,False,False,False,False,0
-0.8992057478424793,0.6752282105736062,0.6927040471843343,0.9489324452472152,-0.9166876736979732,0,1,0.6902322114915129,0,-1.4321861577055308,0.9879722052110276,True,False,False,False,False,False,0
-0.5359851613060705,-1.0360756424764714,-1.042417869490058,0.6487840321263515,-0.9166876736979732,0,1,-0.7046121966857307,0,-1.4321861577055308,-0.078986028942526,True,True,False,False,False,False,0
0.5536765983031557,0.4850833380124864,-1.736466636159815,1.736391494182462,-0.9166876736979732,1,0,-0.5489143902349019,1,-0.0078339372127105,-1.3860098657806292,True,False,True,False,False,False,0
0.9687858400590514,-0.2754961522319926,1.0397284305192127,-0.1421098543812726,-0.9166876736979732,1,0,0.5278299311042502,0,-0.7200100474591208,-1.381564206471656,True,False,False,False,False,False,0
-0.6086292786133524,-0.6557858973542321,1.7337771971889695,1.3198704062500946,-0.9166876736979732,1,0,1.1548101273842264,0,1.4165182832801098,-0.1012143254873917,True,False,True,False,False,True,0
-1.1171380997643243,-0.9410032061959116,-1.3894422528249364,0.6798011613796622,-0.9166876736979732,1,1,1.107636439645133,0,-0.0078339372127105,0.841265448014914,False,False,False,True,False,False,0
0.6159429845665401,4.0027634803932015,0.3456796638494558,-1.2184705569895626,0.8084361535388619,1,1,-0.4895225676721526,0,0.7043421730336995,0.7434609432175049,False,False,False,False,False,True,0
0.5951875224787453,0.009721156609687,1.3867528138540912,0.7784828135889791,-0.9166876736979732,1,0,-0.4657789829698038,0,-0.7200100474591208,-0.3590625654078338,False,True,False,False,False,True,0
0.2319669359423365,-1.1311480787570314,-0.348369102820301,0.5678436770261773,-0.9166876736979732,0,1,-1.3632037937146182,0,0.7043421730336995,0.2633297378484058,False,True,False,False,False,False,0
-1.5011141483885282,-0.9410032061959116,-0.348369102820301,0.2121028669046374,0.8084361535388619,0,0,1.3943308100440253,0,-0.0078339372127105,1.254711763749416,False,False,False,True,False,False,0
-0.0378540711989956,0.2949384654513666,-1.042417869490058,0.3633449150374798,0.8084361535388619,1,0,-0.1965962930357252,0,1.4165182832801098,-1.0748137141525094,True,False,True,True,False,False,0
0.1178118944594652,0.5801557742930463,-0.0013447194854226,0.1135656338203977,-0.9166876736979732,1,1,-0.8997461009896767,0,-0.7200100474591208,-1.408238162325495,True,False,False,True,False,False,0
0.9687858400590514,-0.5607134610736721,-1.3894422528249364,-1.2184705569895626,0.8084361535388619,1,1,1.286608738433474,0,-1.4321861577055308,-0.2434754233745322,False,False,False,False,False,False,0
1.0829408815419228,0.1998660291708067,-1.042417869490058,0.7739288078521994,0.8084361535388619,0,1,-0.9273733462381244,0,0.7043421730336995,1.4725490698891,True,True,False,False,True,False,0
0.8234976054444879,0.009721156609687,-1.042417869490058,-1.2184705569895626,0.8084361535388619,1,0,0.6312376743452403,0,-0.7200100474591208,0.2588840785394326,False,False,True,False,False,True,0
-0.7020288580084288,0.2949384654513666,-0.6953934861551795,0.982706346668577,-0.9166876736979732,1,0,-1.2998655447259682,0,-0.0078339372127105,-0.3234972909360487,True,True,False,False,True,False,0
-0.4529633129548914,-0.7508583336347919,0.6927040471843343,0.0618149136346951,0.8084361535388619,1,0,-0.6872875967934023,0,0.7043421730336995,1.2947226975301742,True,False,False,False,False,True,0
-0.9614721341058636,-0.6557858973542321,1.3867528138540912,1.107982572618026,-0.9166876736979732,1,0,0.0544148922954526,0,-0.7200100474591208,-0.6969326728897925,True,False,False,False,True,False,0
-0.3076750783403279,-0.5607134610736721,-0.6953934861551795,0.3334125303211969,0.8084361535388619,1,0,-0.9019773323899584,0,-0.7200100474591208,0.7523522618354512,True,True,False,False,True,False,0
-1.158649023939914,0.1047935928902469,-0.6953934861551795,1.4281159028033643,-0.9166876736979732,0,1,1.7287820171040509,0,0.7043421730336995,0.2188731447586743,False,False,False,True,False,False,0
-0.0274763401550982,0.770300646854166,1.0397284305192127,0.5552793732543421,-0.9166876736979732,1,1,-0.5044069483871295,0,-0.0078339372127105,0.7167869873636661,False,False,True,False,True,False,0
1.217851385112589,-0.7508583336347919,-0.348369102820301,-0.237044134503632,0.8084361535388619,1,1,-1.622407056493553,0,0.7043421730336995,-1.314879316837059,True,False,False,False,False,False,0
-0.1208759195501748,0.5801557742930463,-1.3894422528249364,-1.2184705569895626,-0.9166876736979732,1,1,-1.556506186168602,0,0.7043421730336995,-0.9592265721192078,True,False,False,False,True,False,0
-0.8473170926229924,-0.9410032061959116,-0.348369102820301,0.7353288739828535,0.8084361535388619,1,1,1.2755118699778072,0,-0.0078339372127105,-0.6702587170359536,True,True,False,True,False,False,0
-1.4492254931690411,0.1998660291708067,1.0397284305192127,1.1055290485906588,-0.9166876736979732,1,0,-0.6183042436900213,1,0.7043421730336995,-1.1059333293153213,False,False,False,False,False,True,0
-0.2869196162525331,3.907691044112642,-0.6953934861551795,-1.2184705569895626,-0.9166876736979732,1,1,-0.6020977805650279,0,-1.4321861577055308,-0.9770092093551004,True,False,False,False,True,False,0
0.0970564323716704,-1.226220515037591,1.0397284305192127,-1.2184705569895626,0.8084361535388619,0,0,1.6768501193025014,0,0.7043421730336995,-0.2657037199193979,True,False,False,True,False,False,0
2.058447599668278,-0.7508583336347919,-0.348369102820301,1.4181016693254394,-0.9166876736979732,0,1,-0.6693031727629872,0,-1.4321861577055308,-0.3901821805706458,False,True,False,False,True,False,0
1.830137516702535,0.2949384654513666,1.7337771971889695,-1.2184705569895626,-0.9166876736979732,1,1,1.488991841054519,0,-1.4321861577055308,-0.3590625654078338,True,False,True,False,True,False,0
1.404650543902742,-1.321292951318151,-0.0013447194854226,-1.2184705569895626,0.8084361535388619,1,0,-0.9236388633232452,0,0.7043421730336995,0.6545477570380421,True,False,False,False,False,False,0
1.09331861258582,0.3900109017319265,-0.0013447194854226,0.8859071064920032,0.8084361535388619,1,1,-1.6853570611342858,1,-1.4321861577055308,-0.616910805328276,False,True,False,True,False,False,0
2.058447599668278,0.009721156609687,0.3456796638494558,-1.2184705569895626,0.8084361535388619,1,0,0.0606819176070045,0,-0.0078339372127105,-0.5146606412218937,False,False,True,True,False,False,0
-1.2728040654227857,-0.3705685885125524,-0.0013447194854226,0.3149494578064569,-0.9166876736979732,1,1,0.2147290335790466,0,1.4165182832801098,0.0543837503266681,True,False,True,False,False,False,0
-1.5737582656958098,-0.4656410247931123,-0.348369102820301,-1.2184705569895626,0.8084361535388619,1,0,-1.5230258922285718,0,-0.7200100474591208,0.6234281418752301,False,False,False,False,False,False,0
-0.6605179338328393,-0.5607134610736721,1.3867528138540912,1.186159430934569,0.8084361535388619,1,1,-0.6054087241912698,0,-0.0078339372127105,-0.5413345970757326,True,True,False,False,False,True,0
0.1800782807228495,-0.9410032061959116,0.6927040471843343,1.1193164318485982,-0.9166876736979732,0,0,-0.8725001454210245,0,-1.4321861577055308,-1.003683165208939,False,False,False,False,False,False,0
0.6574539087421296,-0.3705685885125524,-0.6953934861551795,-1.2184705569895626,-0.9166876736979732,1,1,0.8968230621931481,0,0.7043421730336995,1.379190224400664,False,False,False,True,False,False,0
-0.5256074302621732,0.4850833380124864,-1.3894422528249364,0.3904126135166404,0.8084361535388619,1,1,-0.6563947871282098,0,-1.4321861577055308,0.1921991889048355,True,False,False,True,False,False,0
-1.0029830582814532,0.6752282105736062,-0.348369102820301,0.7091403389358435,-0.9166876736979732,1,0,1.343791236800526,1,1.4165182832801098,-0.0567577323976603,False,True,False,False,False,True,0
-0.5463628923499679,-0.3705685885125524,0.3456796638494558,0.9766785293504922,-0.9166876736979732,0,0,-0.4096382938874461,0,-1.4321861577055308,0.0588294096356413,True,False,True,False,False,True,0
0.481032480995874,1.2456628282569653,1.0397284305192127,0.3310952598142739,-0.9166876736979732,1,1,0.9204924058132932,0,-1.4321861577055308,0.0988403434163995,True,True,False,True,False,False,0
-0.152009112681867,-0.3705685885125524,1.0397284305192127,1.1371912606099746,0.8084361535388619,1,1,-0.2724593777122179,0,-0.7200100474591208,0.8234828107790214,True,True,False,True,False,False,0
-0.1104981885062774,-0.6557858973542321,-0.0013447194854226,0.7500472962788473,-0.9166876736979732,1,1,-0.0221928634702166,0,-1.4321861577055308,1.6459297829390525,True,True,False,False,False,True,0
-0.0897427264184826,0.8653730831347259,1.0397284305192127,-1.2184705569895626,0.8084361535388619,1,0,1.291795008318847,0,-1.4321861577055308,1.6414841236300792,True,False,True,False,False,True,0
-0.5048519681743784,-0.3705685885125524,-1.3894422528249364,0.4682236207236472,0.8084361535388619,1,1,0.5206996576120391,0,1.4165182832801098,0.4189278136624657,True,True,False,False,False,True,0
-0.6812733959206341,0.6752282105736062,1.0397284305192127,0.4942083358746226,-0.9166876736979732,1,1,-0.3662382090714197,1,0.7043421730336995,0.9790808865930812,True,True,False,False,True,False,0
1.923537096097612,-0.1804237159514327,0.3456796638494558,0.2865882314874957,0.8084361535388619,1,0,0.7005395512486146,0,-0.7200100474591208,-0.0567577323976603,True,True,False,False,False,True,0
-0.0689872643306878,0.2949384654513666,-0.348369102820301,0.3553805685422213,-0.9166876736979732,1,1,-1.7344112911336018,0,0.7043421730336995,-1.6571950836279907,True,False,False,False,False,False,0
-0.7435397821840184,-0.5607134610736721,0.6927040471843343,0.8893283347233262,0.8084361535388619,0,0,-0.3591407963860855,0,-0.7200100474591208,0.7212326466726392,False,True,False,False,True,False,0
0.1593228186350548,0.2949384654513666,0.3456796638494558,-1.2184705569895626,-0.9166876736979732,1,0,-0.2006637306869514,0,-0.0078339372127105,1.3258423126929864,True,False,False,False,True,False,0
-0.3284305404281227,-0.9410032061959116,1.3867528138540912,-1.2184705569895626,0.8084361535388619,1,0,-1.517811282070601,0,0.7043421730336995,-1.0659223955345631,True,False,True,False,True,False,0
0.5432988672592584,-0.2754961522319926,0.6927040471843343,0.7032801566775768,0.8084361535388619,0,1,0.0029633881944392,0,-1.4321861577055308,-1.150389922405053,True,False,False,True,False,False,0
0.5640543293470531,1.3407352645375252,-0.6953934861551795,-1.2184705569895626,2.533559980775697,0,0,-0.2078101737825464,1,-0.0078339372127105,-0.9636722314281808,False,False,True,False,False,True,0
-1.5737582656958098,0.4850833380124864,1.3867528138540912,1.3567070498484013,0.8084361535388619,1,0,1.666170704800866,0,-0.7200100474591208,1.6503754422480257,True,True,False,False,False,True,0
-0.2765418852086357,1.2456628282569653,-0.0013447194854226,1.422990624962066,-0.9166876736979732,1,1,-0.567549597334845,0,-0.0078339372127105,-0.554671575002652,True,False,False,False,True,False,0
-1.4596032242129386,0.8653730831347259,0.3456796638494558,1.1787921342368866,-0.9166876736979732,0,0,-0.2107859024053018,1,-0.7200100474591208,-0.3546169060988607,True,True,False,True,False,False,0
-0.3180528093842253,0.1047935928902469,0.6927040471843343,-1.2184705569895626,0.8084361535388619,0,1,0.5364189462350775,1,0.7043421730336995,-0.4790953667501086,False,False,True,False,True,False,0
2.058447599668278,0.1047935928902469,-1.736466636159815,-1.2184705569895626,0.8084361535388619,1,0,-1.7270412554578805,0,0.7043421730336995,1.6592667608659717,False,False,False,False,True,False,0
-0.2350309610330461,0.9604455194152858,-0.348369102820301,-1.2184705569895626,0.8084361535388619,1,1,1.6674545365362106,0,1.4165182832801098,1.3969728616365564,False,False,False,False,True,False,0
0.4083883636885922,-0.5607134610736721,-1.3894422528249364,0.8358487478939589,-0.9166876736979732,1,1,0.2286260252873845,0,-0.7200100474591208,-0.6569217391090343,False,False,False,False,True,False,0
-1.9266011211883207,-0.2754961522319926,-0.0013447194854226,0.6954855266707685,-0.9166876736979732,0,1,-0.3447307240370376,0,-1.4321861577055308,-0.4168561364244846,False,False,False,False,True,False,0
-0.048231802242893,-0.5607134610736721,0.6927040471843343,0.7230250690097997,0.8084361535388619,1,0,-0.4036282435630068,0,-1.4321861577055308,-1.2081834934217035,True,False,True,False,True,False,0
-0.2557864231208409,0.9604455194152858,-0.348369102820301,0.5601502364728602,-0.9166876736979732,0,1,0.8041154235914573,0,1.4165182832801098,1.303614016148121,True,False,True,False,False,True,0
0.1904560117667469,-0.8459307699153518,-0.6953934861551795,0.9181373884179428,-0.9166876736979732,0,0,-1.6913116479804513,0,1.4165182832801098,-1.28820536098322,True,False,True,True,False,False,0
-0.3284305404281227,0.2949384654513666,-1.3894422528249364,-1.2184705569895626,0.8084361535388619,0,1,-0.6061926891553365,0,-0.7200100474591208,0.0366011130907756,False,False,False,False,True,False,0
-1.0652494445448375,-0.7508583336347919,-0.348369102820301,-1.2184705569895626,0.8084361535388619,0,1,-1.2995917046686594,0,-1.4321861577055308,-0.7991828369961748,True,False,False,False,True,False,0
1.217851385112589,-1.1311480787570314,0.6927040471843343,1.8014273328862287,-0.9166876736979732,1,0,1.2329374781345803,0,-1.4321861577055308,1.2280378078955771,True,True,False,True,False,False,0
0.8027421433566931,0.2949384654513666,-1.3894422528249364,-1.2184705569895626,0.8084361535388619,1,1,0.853766885715761,0,1.4165182832801098,-1.5282709636677696,False,False,True,False,False,True,0
0.9999190331907436,0.1047935928902469,-1.736466636159815,-1.2184705569895626,-0.9166876736979732,0,0,-0.6957194364246696,0,0.7043421730336995,0.5211779777688479,True,False,False,False,False,True,0
1.0310522263224358,-0.9410032061959116,-1.3894422528249364,0.9516029181819884,-0.9166876736979732,1,0,-0.5842957427061155,0,1.4165182832801098,-1.474923051960092,True,False,False,True,False,False,0
-0.4322078508670966,-0.2754961522319926,-0.348369102820301,0.853996724135803,0.8084361535388619,1,0,0.0383734286716569,0,0.7043421730336995,1.637038464321106,True,False,False,False,True,False,0
0.3980106326446948,1.4358077008180852,-1.3894422528249364,1.0875570331231603,-0.9166876736979732,1,1,0.1443046732407608,1,1.4165182832801098,-0.5635628936205983,False,True,False,False,False,True,0
0.5017879430836688,-0.9410032061959116,1.0397284305192127,-1.2184705569895626,0.8084361535388619,0,1,0.8982950177011964,0,0.7043421730336995,-1.5638362381395547,True,False,True,True,False,False,0
2.058447599668278,-0.0853512796708728,-1.3894422528249364,1.124641366728668,-0.9166876736979732,0,1,0.0603460071367059,0,0.7043421730336995,1.6281471457031598,True,False,True,True,False,False,0
-0.1935200368574565,-0.5607134610736721,-0.6953934861551795,-1.2184705569895626,0.8084361535388619,1,0,1.5766185729928868,0,1.4165182832801098,0.2988950123201909,False,False,False,False,True,False,0
-0.7746729753157106,0.1047935928902469,-1.3894422528249364,-1.2184705569895626,0.8084361535388619,1,1,0.1452779790444525,0,-1.4321861577055308,-0.3412799281719413,False,False,True,True,False,False,0
-0.3803191956476097,-0.3705685885125524,-1.042417869490058,0.3416405778131322,0.8084361535388619,1,1,0.6847707106152063,0,-0.0078339372127105,-1.4215751402524144,False,False,False,False,False,True,0
-1.677535576134784,-0.1804237159514327,-0.6953934861551795,0.6462578182067611,-0.9166876736979732,0,1,-1.3213090468136262,0,1.4165182832801098,0.1699708923599698,False,False,False,False,False,True,0
0.2423446669862339,-0.2754961522319926,1.3867528138540912,0.4817452215562782,-0.9166876736979732,0,1,-1.3463710627252277,0,0.7043421730336995,0.6323194604931764,True,False,True,False,False,True,0
-1.0341162514131454,0.5801557742930463,1.3867528138540912,-1.2184705569895626,0.8084361535388619,1,0,-1.2810277829169678,0,-0.7200100474591208,0.5167323184598748,True,False,True,False,False,False,0
0.034790046108286,1.0555179556958456,1.7337771971889695,-1.2184705569895626,4.258683808012532,1,0,1.3707068456333773,1,-1.4321861577055308,1.254711763749416,False,False,False,True,False,False,0
-0.5878738165255575,0.3900109017319265,-0.0013447194854226,-1.2184705569895626,0.8084361535388619,0,0,0.0820391818099486,0,-1.4321861577055308,-0.7858458590692553,False,False,True,False,False,True,0
0.086678701327773,-0.7508583336347919,1.3867528138540912,0.7859412128167824,0.8084361535388619,1,1,0.6857848750941153,0,1.4165182832801098,0.0232641351638562,True,True,False,True,False,False,0
1.6329606268684846,0.1998660291708067,-1.3894422528249364,0.057705372965781,0.8084361535388619,1,0,1.1343710532401063,0,1.4165182832801098,-0.6346934425641685,True,True,False,False,False,False,0
-0.2972973472964305,-1.511437823879271,-1.3894422528249364,0.4788896615831576,0.8084361535388619,0,1,1.5819201165023846,0,-0.7200100474591208,1.3880815430186102,True,False,False,True,False,False,0
0.3357442463813104,0.8653730831347259,-0.6953934861551795,-0.0447148452862811,-0.9166876736979732,0,0,-1.3770755747510135,1,-0.0078339372127105,-0.1234426220322574,False,False,False,False,False,False,0
-0.0170986091112009,-0.7508583336347919,-1.3894422528249364,1.3523517404910237,0.8084361535388619,0,0,-1.2754423150813845,0,-1.4321861577055308,-0.901433001102557,False,False,False,False,False,False,0
-1.2105376791594011,-0.0853512796708728,1.0397284305192127,0.8225341691552582,-0.9166876736979732,0,0,-0.6894776217850603,1,-0.7200100474591208,0.7923631956162095,True,True,False,False,False,True,0
-1.81244607970545,-1.1311480787570314,-1.3894422528249364,0.8398218749325338,-0.9166876736979732,1,1,0.569272624577304,0,-1.4321861577055308,-1.5949558533023669,True,False,False,False,True,False,0
0.4498992878641817,0.4850833380124864,1.0397284305192127,-1.2184705569895626,0.8084361535388619,1,1,-0.5121619249434107,0,-0.7200100474591208,-0.2790406978463173,True,False,True,False,False,False,0
2.0273144065365853,-0.1804237159514327,1.3867528138540912,0.5861628107455245,-0.9166876736979732,1,0,0.272379059510609,0,-1.4321861577055308,-1.1192703072422407,False,False,True,True,False,False,0
1.165962729893102,0.009721156609687,-0.0013447194854226,0.0790987767744965,-0.9166876736979732,0,1,0.1629805651492184,0,0.7043421730336995,-1.697206017408749,False,False,False,False,False,False,0
-0.1208759195501748,-1.226220515037591,-0.0013447194854226,0.2289672421201565,-0.9166876736979732,1,1,-1.688813183457577,0,1.4165182832801098,-0.8658677266307718,True,True,False,False,False,False,0
1.0206744952785385,-0.1804237159514327,-1.3894422528249364,0.9141885980833718,0.8084361535388619,1,1,-1.270348716148738,0,0.7043421730336995,1.565907915377536,False,True,False,False,True,False,0
-0.3906969266915071,-0.2754961522319926,-0.0013447194854226,-1.2184705569895626,0.8084361535388619,1,0,0.5247208467202531,0,-1.4321861577055308,1.2013638520417382,True,False,True,True,False,False,0
0.5121656741275662,-0.1804237159514327,-0.6953934861551795,-1.2184705569895626,0.8084361535388619,1,1,1.1099127025215056,0,1.4165182832801098,0.1788622109779161,False,False,False,True,False,False,0
0.0970564323716704,-0.3705685885125524,-0.0013447194854226,-1.2184705569895626,-0.9166876736979732,1,0,0.9556275630329836,0,-1.4321861577055308,0.4055908357355463,True,False,False,True,False,False,0
-1.4180923000373489,0.8653730831347259,-0.0013447194854226,0.8531583887268174,-0.9166876736979732,0,1,0.8262949034331397,1,-0.0078339372127105,-1.501597007813931,True,False,False,False,False,True,0
-0.4633410439987888,-0.1804237159514327,-0.348369102820301,0.9578561702319012,-0.9166876736979732,0,0,1.398916022736944,0,-1.4321861577055308,-0.5813455308564909,False,True,False,False,True,False,0
-0.4529633129548914,2.196387191062564,1.0397284305192127,1.1027466588394454,-0.9166876736979732,0,0,1.311037357945852,1,-1.4321861577055308,1.0190918203738395,False,False,False,True,False,False,0
-0.2246532299891487,-0.9410032061959116,0.3456796638494558,0.8846431989827346,-0.9166876736979732,0,1,-1.5840470196656324,1,0.7043421730336995,1.063548413463571,True,True,False,False,False,True,0
-1.4596032242129386,1.8160974459403243,-1.736466636159815,1.169045124173323,-0.9166876736979732,1,1,1.0808983487160997,0,-1.4321861577055308,-0.3990734991885921,True,False,False,True,False,False,0
1.37351735077105,-0.5607134610736721,1.7337771971889695,-1.2184705569895626,0.8084361535388619,1,0,1.0708655444831188,0,-0.0078339372127105,-0.1990188302848008,True,False,True,False,True,False,0
0.7612312191811036,0.5801557742930463,-1.3894422528249364,0.8606416049883092,-0.9166876736979732,0,0,-1.3250840406703168,0,-0.7200100474591208,1.379190224400664,True,False,False,False,False,True,0
-1.0444939824570427,-0.8459307699153518,-1.042417869490058,1.0765517193966447,-0.9166876736979732,1,0,0.788749779842429,0,-0.7200100474591208,1.352516268546825,False,True,False,False,False,False,0
-0.4010746577354044,-0.9410032061959116,-1.736466636159815,-1.2184705569895626,0.8084361535388619,0,1,0.5818628341454942,0,1.4165182832801098,-1.4037925030165217,True,False,True,False,False,True,0
-0.4737187750426862,0.770300646854166,-0.6953934861551795,0.279816703708231,0.8084361535388619,0,1,0.6483362475235994,1,1.4165182832801098,-0.3101603130091293,True,False,False,True,False,False,0
-1.3558259137739646,3.622473735270962,0.3456796638494558,-1.2184705569895626,0.8084361535388619,1,1,-0.8932782596360983,0,0.7043421730336995,-1.0703680548435364,False,False,False,False,False,False,0
-0.4010746577354044,2.861894245026483,1.3867528138540912,0.0428510173691325,-0.9166876736979732,0,1,-1.5940047134828943,0,-0.7200100474591208,0.3255689681740297,True,True,False,True,False,False,0
-0.8784502857546845,0.5801557742930463,-1.3894422528249364,1.3003864730463377,-0.9166876736979732,1,0,-0.66482054142487,0,0.7043421730336995,0.1032860027253727,False,False,True,False,True,False,0
-0.0170986091112009,0.009721156609687,-0.348369102820301,-1.2184705569895626,0.8084361535388619,0,0,1.492548458332175,0,-0.7200100474591208,0.8679394038687528,False,False,False,False,False,False,0
0.927274915883462,-1.8917275690015103,1.0397284305192127,0.5221092462461365,0.8084361535388619,1,0,-1.3139809130133406,0,-0.0078339372127105,0.9123959969584844,False,True,False,False,False,True,0
-0.7539175132279158,0.009721156609687,-0.6953934861551795,1.4473779236929785,0.8084361535388619,1,0,-0.1146763878916721,0,-0.7200100474591208,-1.1859551968768378,False,False,False,False,True,False,0
1.0414299573663333,-0.0853512796708728,1.7337771971889695,0.4090225068048795,0.8084361535388619,1,0,1.244366605859781,0,-1.4321861577055308,-1.381564206471656,False,True,False,False,True,False,0
-0.0897427264184826,-1.7966551327209506,-1.736466636159815,0.916007926817578,-0.9166876736979732,1,1,-1.6772155788971177,0,-0.7200100474591208,1.517005662978831,False,False,True,False,False,False,0
-0.5982515475694549,2.1013147547820044,-0.6953934861551795,-0.2195253901482115,-0.9166876736979732,1,1,1.5996227026071503,0,0.7043421730336995,1.605918849158294,True,False,False,False,False,True,0
-1.438847762125144,-0.8459307699153518,-0.0013447194854226,-1.2184705569895626,0.8084361535388619,1,0,1.0795795697734412,0,-0.7200100474591208,-0.7236066287436314,True,False,False,False,False,False,0
0.0451677771521834,-0.4656410247931123,0.3456796638494558,-0.2597752564831029,-0.9166876736979732,1,0,-1.502185186000399,1,1.4165182832801098,-1.5949558533023669,False,False,True,False,False,True,0
1.311250964507665,-0.3705685885125524,-1.3894422528249364,1.214530423957111,2.533559980775697,1,1,0.5356325471371678,1,0.7043421730336995,-0.8303024521589867,False,True,False,True,False,False,0
-0.9407166720180687,1.6259525733792048,0.6927040471843343,1.2273521844397273,0.8084361535388619,1,0,0.5691669136218473,1,-0.7200100474591208,-1.0214658024448318,True,False,False,True,False,False,0
-1.5841359967397073,-0.0853512796708728,1.3867528138540912,-1.2184705569895626,0.8084361535388619,0,1,1.4363286598999283,0,-0.7200100474591208,0.1566339144330504,False,False,False,True,False,False,0
-1.366203644817862,0.009721156609687,0.3456796638494558,1.1134347948644332,-0.9166876736979732,0,0,0.0641157849923049,0,-0.0078339372127105,-0.6213564646372491,False,False,False,False,True,False,0
-3.1304179222804187,1.1505903919764056,1.7337771971889695,-1.2184705569895626,-0.9166876736979732,1,1,0.4414910298353971,1,0.7043421730336995,-0.9947918465909928,True,False,False,True,False,False,0
-0.7020288580084288,-1.0360756424764714,1.7337771971889695,-1.2184705569895626,0.8084361535388619,1,0,-1.4013129408900336,0,-0.0078339372127105,0.4411561102073313,True,False,False,True,False,False,0
-0.2454086920769435,1.530880137098645,0.6927040471843343,-1.2184705569895626,2.533559980775697,1,0,-0.2528115709336929,1,-0.0078339372127105,0.8190371514700483,False,False,True,False,False,False,0
-0.0067208780673035,0.1047935928902469,-0.348369102820301,-1.2184705569895626,0.8084361535388619,1,1,0.8221207116262387,0,1.4165182832801098,0.7301239652905855,True,False,False,False,False,True,0
-1.438847762125144,0.3900109017319265,1.3867528138540912,-1.2184705569895626,0.8084361535388619,1,0,0.9052980207667723,0,-1.4321861577055308,-1.3593359099267903,False,False,False,False,False,True,0
-0.5774960854816601,0.8653730831347259,-1.042417869490058,0.8841961721565526,-0.9166876736979732,0,0,-1.7263445715787462,1,-0.7200100474591208,1.3569619278557985,True,True,False,False,False,False,0
-1.895467928056629,-0.1804237159514327,1.3867528138540912,0.3310168059658395,-0.9166876736979732,1,1,0.3383371319808648,0,0.7043421730336995,-0.8925416824846106,True,False,True,False,True,False,0
0.4602770189080792,-0.7508583336347919,-0.6953934861551795,1.192856827832558,-0.9166876736979732,0,0,-1.64938108453863,0,1.4165182832801098,-1.248194427202462,True,True,False,False,True,False,0
0.6782093708299244,-1.606510260159831,0.3456796638494558,0.3996040422453721,-0.9166876736979732,0,1,-0.2735223987346851,0,-0.7200100474591208,0.2633297378484058,False,False,True,True,False,False,0
0.6159429845665401,-0.0853512796708728,-1.042417869490058,0.8473002878971827,0.8084361535388619,1,1,-1.4962347719551068,1,0.7043421730336995,-1.2704227237473276,False,False,False,False,False,False,0
0.2734778601179261,0.8653730831347259,-1.042417869490058,-1.2184705569895626,0.8084361535388619,1,1,-1.1845435856582585,0,-0.7200100474591208,1.1702442368789263,False,False,False,True,False,False,0
-0.4840965060865836,0.8653730831347259,1.7337771971889695,1.188236056269662,-0.9166876736979732,0,1,0.5747176081168203,0,0.7043421730336995,0.2055361668317549,False,False,True,True,False,False,0
-2.4039767492076014,-0.7508583336347919,-1.3894422528249364,0.5167644577391161,0.8084361535388619,1,1,-1.57395718715405,0,-0.7200100474591208,-0.0612033917066334,False,True,False,False,False,False,0
-0.2142754989452513,-0.5607134610736721,0.6927040471843343,-1.2184705569895626,-0.9166876736979732,1,1,-0.736990871195216,1,-0.7200100474591208,0.4811670439880896,True,False,False,False,False,True,0
0.6366984466543348,-0.6557858973542321,-1.3894422528249364,0.6563205649827999,-0.9166876736979732,0,0,0.8541643449989403,1,-0.0078339372127105,0.9879722052110276,False,False,False,False,True,False,0
-0.4529633129548914,0.2949384654513666,1.0397284305192127,0.8852253585600972,0.8084361535388619,1,0,-0.508615739667938,0,-1.4321861577055308,-1.6038471719203131,True,True,False,False,False,True,0
1.2801177713759733,-0.2754961522319926,-1.042417869490058,0.5419225255034236,0.8084361535388619,0,1,-0.4998450338324203,0,-1.4321861577055308,0.9746352272841082,True,True,False,True,False,False,0
0.6470761776982322,1.4358077008180852,0.6927040471843343,0.8007278419279457,-0.9166876736979732,1,0,0.2146574004973888,0,-0.0078339372127105,0.4100364950445194,True,False,False,True,False,False,0
0.0659232392399782,-0.7508583336347919,-0.6953934861551795,0.9110395566731484,-0.9166876736979732,0,1,0.7981869167507496,1,-0.0078339372127105,1.210255170659685,False,True,False,False,False,True,0
1.8924039029659196,-0.4656410247931123,-0.0013447194854226,-1.2184705569895626,0.8084361535388619,0,0,-0.817072483687888,0,1.4165182832801098,0.4544930881342508,True,False,True,True,False,False,0
0.2631001290740287,-1.226220515037591,0.3456796638494558,0.3621930844545457,-0.9166876736979732,0,1,0.8817715955765375,0,1.4165182832801098,-0.808074155614121,False,True,False,True,False,False,0
-1.6360246519591943,-1.321292951318151,0.3456796638494558,-1.2184705569895626,0.8084361535388619,0,1,0.1661609348814672,0,-1.4321861577055308,-1.0259114617538048,True,False,False,False,True,False,0
1.6018274337367924,-0.8459307699153518,1.0397284305192127,1.4726378213503557,-0.9166876736979732,1,0,-0.2678056615382964,1,-1.4321861577055308,0.4544930881342508,True,True,False,False,True,False,0
-0.5256074302621732,-0.3705685885125524,-1.042417869490058,-1.2184705569895626,0.8084361535388619,1,1,0.3225555990781333,0,1.4165182832801098,-0.2434754233745322,True,False,False,False,True,False,0
-0.6190070096572498,2.196387191062564,-0.0013447194854226,-1.2184705569895626,-0.9166876736979732,1,1,0.0088720742309988,0,-1.4321861577055308,1.4725490698891,False,False,False,False,True,False,0
1.0310522263224358,0.009721156609687,-0.6953934861551795,-1.2184705569895626,0.8084361535388619,1,1,-0.2826368390421391,0,0.7043421730336995,-1.568281897448528,False,False,False,False,False,False,0
-0.5256074302621732,0.2949384654513666,-0.348369102820301,0.3308150674984365,-0.9166876736979732,1,1,1.7180005428477227,0,-0.7200100474591208,-1.6527494243190175,False,False,True,False,True,False,0
-0.7642952442718132,-0.3705685885125524,-1.042417869490058,-1.2184705569895626,0.8084361535388619,0,1,-1.2873328850364885,0,-1.4321861577055308,-0.1234426220322574,False,False,False,False,False,True,0
-0.0170986091112009,-1.511437823879271,-0.0013447194854226,-1.2184705569895626,-0.9166876736979732,1,1,1.3942569166952277,0,-0.0078339372127105,1.3836358837096372,False,False,True,True,False,False,0
0.5536765983031557,1.7210250096597648,-0.6953934861551795,-1.2184705569895626,0.8084361535388619,1,1,-1.152686685124636,0,0.7043421730336995,0.7612435804533975,False,False,True,False,True,False,0
0.0451677771521834,0.6752282105736062,0.6927040471843343,1.0476531642708546,-0.9166876736979732,1,0,-0.8664845313620874,1,-1.4321861577055308,0.8857220411046454,False,True,False,True,False,False,0
-0.0689872643306878,0.5801557742930463,-0.348369102820301,-1.2184705569895626,-0.9166876736979732,0,1,1.2950558783346096,1,1.4165182832801098,0.272221056466352,True,False,True,False,True,False,0
-1.5011141483885282,-0.3705685885125524,-1.042417869490058,-1.2184705569895626,0.8084361535388619,1,0,-0.0486367719376846,0,0.7043421730336995,-0.8658677266307718,False,False,False,False,False,False,0
-2.05113389371509,0.1047935928902469,-1.042417869490058,0.7537152538580015,-0.9166876736979732,1,0,0.8324510017881439,0,-1.4321861577055308,-1.59940151261134,True,False,True,False,False,True,0
0.6159429845665401,1.3407352645375252,-0.0013447194854226,0.7637704754689864,-0.9166876736979732,1,0,0.0347250097747887,0,1.4165182832801098,0.8857220411046454,False,True,False,True,False,False,0
0.927274915883462,0.009721156609687,0.6927040471843343,1.0813092248096696,0.8084361535388619,0,1,1.2830731590268871,0,0.7043421730336995,-0.7547262439064433,True,False,True,False,True,False,0
-0.1935200368574565,-0.5607134610736721,-0.348369102820301,0.268230191063721,-0.9166876736979732,1,1,1.0324533476442816,0,-0.0078339372127105,0.8768307224866991,False,False,True,False,False,True,0
-0.8992057478424793,-0.0853512796708728,0.6927040471843343,1.1095383604654503,0.8084361535388619,1,1,-0.2883840029115621,0,-0.7200100474591208,-1.4126838216344682,False,True,False,True,False,False,0
0.034790046108286,-0.4656410247931123,-1.3894422528249364,0.6406443652963262,-0.9166876736979732,1,1,-0.8856620287088536,0,1.4165182832801098,-0.0256381172348483,True,False,True,True,False,False,0
0.4914102120397713,-0.7508583336347919,0.3456796638494558,0.6146865486076712,-0.9166876736979732,0,0,0.6600854638491215,0,0.7043421730336995,-1.1370529444781334,True,False,True,False,False,False,0
-0.2765418852086357,-0.7508583336347919,1.0397284305192127,-1.2184705569895626,0.8084361535388619,1,0,0.8938878445122046,0,-0.7200100474591208,0.0454924317087219,False,False,True,False,False,True,0
-0.4737187750426862,0.1047935928902469,1.3867528138540912,0.3072784326384066,0.8084361535388619,0,1,-0.0599094196301376,0,0.7043421730336995,-0.8836503638666644,True,True,False,False,True,False,0
-0.048231802242893,2.386532063623684,-1.3894422528249364,0.24198785909207,-0.9166876736979732,1,1,-1.0193997750972532,0,-1.4321861577055308,-0.9103243197205032,False,False,True,False,False,False,0
-0.6501402027889419,1.530880137098645,0.6927040471843343,0.702231436866871,-0.9166876736979732,1,0,-0.6133054021105392,1,1.4165182832801098,-1.5949558533023669,True,True,False,False,True,False,0
0.0036568529765938,-0.0853512796708728,0.3456796638494558,-1.2184705569895626,0.8084361535388619,1,1,0.7870759650921362,0,-0.7200100474591208,0.3744712205727343,True,False,False,False,True,False,0
0.8338753364883853,2.1013147547820044,1.3867528138540912,0.3004468636486053,0.8084361535388619,1,1,0.9927147217278524,1,-0.0078339372127105,-0.4435300922783235,False,True,False,True,False,False,0
0.4083883636885922,-0.9410032061959116,1.3867528138540912,-1.2184705569895626,0.8084361535388619,0,0,1.7248383725453982,0,0.7043421730336995,0.5389606150047405,False,False,False,True,False,False,0
0.2942333222057209,-0.8459307699153518,-0.348369102820301,0.5155239262744827,0.8084361535388619,0,1,-0.9744658382268916,1,-0.0078339372127105,1.125787643789195,True,True,False,False,False,False,0
-0.442585581910994,0.1047935928902469,1.7337771971889695,0.9812756046489634,0.8084361535388619,1,0,1.211693227288621,0,-1.4321861577055308,1.6948320353377568,False,True,False,True,False,False,0
-2.4558654044270884,1.3407352645375252,-0.0013447194854226,1.4595185766832677,-0.9166876736979732,1,1,-1.3574475887766366,0,-0.7200100474591208,1.4325381361083416,True,False,True,False,False,False,0
0.7819866812688984,-0.7508583336347919,-1.736466636159815,-1.2184705569895626,-0.9166876736979732,1,0,0.3706794683494118,1,-0.7200100474591208,-1.4793687112690652,False,False,True,False,False,True,0
-1.4907364173446307,0.9604455194152858,-1.3894422528249364,0.2836390072259382,0.8084361535388619,1,1,0.5570249324141286,1,1.4165182832801098,0.6678847349649615,True,False,False,False,False,False,0
-1.0444939824570427,1.4358077008180852,-0.0013447194854226,0.430565933584989,-0.9166876736979732,1,0,1.3257139679506804,1,-0.7200100474591208,-1.4126838216344682,True,True,False,False,False,False,0
0.034790046108286,0.1998660291708067,1.0397284305192127,0.7919008233196975,-0.9166876736979732,0,0,1.105960016894295,1,-0.0078339372127105,-1.1726182189499186,True,True,False,False,False,True,0
0.8027421433566931,-0.9410032061959116,-0.0013447194854226,0.5375590505414134,-0.9166876736979732,1,1,-1.3019628987648986,0,0.7043421730336995,0.8145914921610752,True,True,False,False,True,False,0
-0.8680725547107871,0.6752282105736062,1.0397284305192127,1.1965777817868797,-0.9166876736979732,0,0,-0.6244333927060521,1,-0.7200100474591208,-0.363508224716807,True,True,False,False,False,False,0
-2.0718893558028846,-0.3705685885125524,-0.348369102820301,1.153916820546733,-0.9166876736979732,1,1,-1.6735645519997036,0,-0.0078339372127105,1.476994729198073,True,False,False,True,False,False,0
0.3461219774252078,-0.5607134610736721,-1.3894422528249364,-1.2184705569895626,2.533559980775697,0,1,-0.5252540876833154,1,-0.0078339372127105,0.8457111073238871,False,False,False,False,True,False,0
0.1593228186350548,0.1047935928902469,1.0397284305192127,-0.0505442864447531,0.8084361535388619,1,0,-0.0260763501496125,0,-0.0078339372127105,0.0410467723997487,True,False,False,False,False,True,0
0.2942333222057209,-0.8459307699153518,-0.6953934861551795,-1.2184705569895626,-0.9166876736979732,1,0,1.037989263469495,0,0.7043421730336995,1.3747445650916907,False,False,True,True,False,False,0
0.9168971848395644,-0.5607134610736721,-1.042417869490058,0.8073056367345456,-0.9166876736979732,1,0,0.6335358444261971,0,-1.4321861577055308,-0.6346934425641685,True,True,False,True,False,False,0
-0.0793649953745852,0.4850833380124864,-0.0013447194854226,-0.0440875347185949,-0.9166876736979732,1,0,0.9864414372149906,1,1.4165182832801098,-1.123715966551214,True,False,False,True,False,False,0
-1.4596032242129386,-0.9410032061959116,1.3867528138540912,-1.2184705569895626,0.8084361535388619,0,1,0.699738547347649,0,0.7043421730336995,-0.9636722314281808,False,False,True,False,False,False,0
-0.2350309610330461,-0.4656410247931123,-1.3894422528249364,0.7212776296183425,-0.9166876736979732,0,0,0.3290712537750513,0,-1.4321861577055308,1.4725490698891,True,False,True,False,True,False,0
0.5848097914348479,0.6752282105736062,0.6927040471843343,-0.1169189640885384,-0.9166876736979732,1,1,-1.0558429315240128,0,1.4165182832801098,-1.4215751402524144,True,False,True,False,True,False,0
-0.7746729753157106,0.1998660291708067,-0.348369102820301,0.206757437958038,-0.9166876736979732,0,1,0.6049855408512402,0,0.7043421730336995,0.4989496812239822,True,False,True,False,False,False,0
0.034790046108286,-0.1804237159514327,-0.0013447194854226,0.2729050797710477,0.8084361535388619,1,0,-0.5949224755967261,0,-1.4321861577055308,-0.7636175625243896,True,False,False,True,False,False,0
-0.9095834788863768,-1.0360756424764714,-1.3894422528249364,-1.2184705569895626,-0.9166876736979732,1,1,1.0779172302255495,0,-0.0078339372127105,-0.7680632218333627,False,False,False,False,True,False,0
2.058447599668278,0.770300646854166,-0.348369102820301,0.3701313330369575,0.8084361535388619,1,1,0.3774618345688136,0,-1.4321861577055308,0.1032860027253727,False,True,False,True,False,False,0
0.8027421433566931,0.4850833380124864,0.3456796638494558,-1.2184705569895626,0.8084361535388619,1,0,0.8919733982448858,0,-0.0078339372127105,0.8901677004136185,True,False,False,True,False,False,0
1.4357837370344342,-0.5607134610736721,1.7337771971889695,0.9449458689774802,-0.9166876736979732,0,0,1.6477990796227509,0,-0.0078339372127105,-0.3768452026437264,False,False,False,False,False,False,0
-0.0378540711989956,0.4850833380124864,1.3867528138540912,0.5646699786921603,0.8084361535388619,1,1,-0.1475006827610825,0,-1.4321861577055308,-0.0300837765438214,True,True,False,False,True,False,0
1.2904955024198703,0.009721156609687,1.0397284305192127,0.7862902523873685,0.8084361535388619,1,0,0.7661398060439871,0,-0.0078339372127105,-0.5813455308564909,True,False,False,False,False,True,0
-0.6190070096572498,1.4358077008180852,1.0397284305192127,-1.2184705569895626,-0.9166876736979732,1,1,-1.246512634360365,1,-0.7200100474591208,-1.1014876700063485,True,False,False,False,True,False,0
-0.3388082714720201,-0.0853512796708728,0.3456796638494558,-1.2184705569895626,0.8084361535388619,1,1,0.2987899333044967,0,1.4165182832801098,1.605918849158294,False,False,True,True,False,False,0
-1.075627175588735,0.009721156609687,0.6927040471843343,0.8864692523325207,-0.9166876736979732,1,0,1.1222144672293308,0,-1.4321861577055308,0.272221056466352,True,False,True,False,False,False,0
-0.0274763401550982,-0.1804237159514327,1.0397284305192127,0.618586505424339,-0.9166876736979732,1,1,0.1082248982233825,1,-1.4321861577055308,-1.003683165208939,False,True,False,False,False,False,0
-0.7435397821840184,2.1013147547820044,1.0397284305192127,0.7976551729375247,-0.9166876736979732,1,1,-0.100033508027236,0,1.4165182832801098,0.4144821543534925,True,False,True,False,False,False,0
-1.5945137277836046,-0.8459307699153518,-1.3894422528249364,-1.2184705569895626,0.8084361535388619,0,0,0.6148663855857525,0,1.4165182832801098,-1.0481397582986705,False,False,False,True,False,False,0
-0.1727645747696618,-0.1804237159514327,-0.6953934861551795,-1.2184705569895626,0.8084361535388619,1,0,-0.1624707797606648,0,-0.7200100474591208,-0.8614220673217987,False,False,True,False,True,False,0
1.8924039029659196,0.9604455194152858,-1.042417869490058,0.8852863604300023,-0.9166876736979732,0,0,1.633207664302419,1,-0.7200100474591208,-0.176790533739935,False,False,False,True,False,False,0
-0.3906969266915071,2.5766769361848034,-1.042417869490058,-1.2184705569895626,0.8084361535388619,0,1,1.3848728091313385,0,1.4165182832801098,0.7612435804533975,True,False,True,False,False,True,0
2.058447599668278,0.4850833380124864,-1.042417869490058,0.5868540051612218,0.8084361535388619,0,0,1.0039075646036038,0,1.4165182832801098,1.0457657762276784,True,True,False,False,False,True,0
-2.154911204154064,-0.2754961522319926,0.6927040471843343,-1.2184705569895626,0.8084361535388619,0,1,0.6661280272470315,0,1.4165182832801098,-0.5279976191488132,True,False,False,True,False,False,0
0.1281896255033626,-0.2754961522319926,0.3456796638494558,-0.0794044151957995,0.8084361535388619,1,0,0.3825380468311542,0,-0.0078339372127105,1.1080050065533025,True,True,False,False,False,False,0
0.927274915883462,-0.3705685885125524,0.3456796638494558,-0.0277094132534748,-0.9166876736979732,0,0,-0.0145286453329292,0,-0.7200100474591208,-1.3860098657806292,True,False,True,False,False,True,0
0.6055652535226427,0.770300646854166,-0.0013447194854226,1.3212428682680135,-0.9166876736979732,0,0,-0.2943806654998663,1,-0.7200100474591208,0.5033953405329553,True,False,False,False,True,False,0
-0.4737187750426862,0.1047935928902469,0.3456796638494558,0.6948727861035059,0.8084361535388619,1,0,-0.9329052631291676,0,-0.0078339372127105,-1.3059879982191127,True,False,False,False,False,True,0
-0.6086292786133524,-0.6557858973542321,0.3456796638494558,0.3692158246586954,-0.9166876736979732,1,0,0.4860064695515099,0,1.4165182832801098,-0.4702040481321623,True,False,False,False,True,False,0
0.9791635711029488,-0.2754961522319926,0.6927040471843343,1.0615066729153315,-0.9166876736979732,1,1,1.6170890038624672,0,0.7043421730336995,-0.6880413542718462,True,False,False,False,False,False,0
-0.1831423058135592,-0.7508583336347919,1.0397284305192127,0.0111561429312847,-0.9166876736979732,0,0,1.661999468727917,0,0.7043421730336995,-1.0392484396807242,False,True,False,False,False,False,0
-0.0793649953745852,1.0555179556958456,1.3867528138540912,0.0114456216210185,4.258683808012532,1,0,1.6680743713325952,1,0.7043421730336995,-1.003683165208939,True,False,False,False,True,False,0
1.5291833164295108,2.291459627343124,-1.3894422528249364,0.5477690984206353,0.8084361535388619,1,0,-1.0947915071417684,1,-0.0078339372127105,1.668158079483918,False,False,False,True,False,False,0
-0.8992057478424793,1.8160974459403243,-0.6953934861551795,0.5249379077569366,2.533559980775697,0,1,0.6162569714767719,1,-0.0078339372127105,1.4636577512711535,False,True,False,False,True,False,0
0.771608950225001,-0.9410032061959116,0.6927040471843343,-1.2184705569895626,0.8084361535388619,1,1,-0.1493019418047136,1,0.7043421730336995,-0.363508224716807,True,False,False,False,False,False,0
-0.3180528093842253,0.009721156609687,1.0397284305192127,-1.2184705569895626,0.8084361535388619,1,0,-1.118107727488013,0,-0.7200100474591208,-0.9236612976474228,True,False,True,False,True,False,0
0.3980106326446948,0.4850833380124864,1.3867528138540912,0.3885305217036868,0.8084361535388619,0,0,-1.1316802839284532,0,-0.0078339372127105,0.2010905075227818,True,True,False,False,False,False,0
-0.4737187750426862,0.8653730831347259,-0.348369102820301,0.9014414488117156,-0.9166876736979732,0,0,-1.1186475836009928,1,-0.7200100474591208,-1.634966787083125,True,True,False,False,False,True,0
-0.2869196162525331,0.8653730831347259,-0.6953934861551795,0.7410885072272082,0.8084361535388619,0,0,-1.224216316094231,0,-0.7200100474591208,-1.3637815692357635,False,True,False,False,True,False,0
1.3942728128588446,-0.4656410247931123,-0.6953934861551795,0.980830339031624,-0.9166876736979732,0,0,1.4474542163615982,0,-1.4321861577055308,1.1791355554968723,True,False,False,False,False,True,0
-0.3284305404281227,-0.5607134610736721,1.3867528138540912,0.8251457216487581,-0.9166876736979732,1,1,1.6045511281718965,0,-0.7200100474591208,-0.6258021239462223,False,False,False,False,False,False,0
-0.3180528093842253,0.1047935928902469,0.3456796638494558,-1.2184705569895626,-0.9166876736979732,1,0,0.9514674544290304,0,1.4165182832801098,1.565907915377536,False,False,False,False,True,False,0
2.058447599668278,0.1047935928902469,-0.348369102820301,0.3504541471902201,0.8084361535388619,0,0,0.1088358658179114,0,-1.4321861577055308,-1.5816188753754474,False,True,False,False,True,False,0
0.9168971848395644,-0.1804237159514327,0.6927040471843343,-1.2184705569895626,0.8084361535388619,1,1,1.6315585386239593,0,-1.4321861577055308,0.5967541860213913,False,False,False,False,False,False,0
0.0763009702838756,0.9604455194152858,-1.3894422528249364,-1.2184705569895626,-0.9166876736979732,1,0,0.2750298312653579,1,0.7043421730336995,-1.7238799732625878,False,False,False,False,True,False,0
-0.6812733959206341,-0.4656410247931123,-0.0013447194854226,1.472880868170608,-0.9166876736979732,0,0,-1.3974132846072536,0,-0.0078339372127105,-1.4215751402524144,True,False,True,True,False,False,0
-0.1623868437257644,2.671749372465364,0.6927040471843343,0.970381407189414,-0.9166876736979732,0,1,-0.5855515819022686,1,1.4165182832801098,0.6634390756559884,True,True,False,False,True,False,0
-1.0444939824570427,-0.2754961522319926,-0.0013447194854226,-1.2184705569895626,-0.9166876736979732,1,0,1.4439252438897276,0,0.7043421730336995,1.570353574686509,False,False,False,False,True,False,0
1.1970959230247942,-1.416365387598711,-0.0013447194854226,-1.2184705569895626,0.8084361535388619,1,1,-0.5735069660482593,0,0.7043421730336995,1.303614016148121,False,False,True,True,False,False,0
1.5188055853856133,-0.0853512796708728,-0.348369102820301,0.8478297713191683,-0.9166876736979732,1,0,0.9861076131451284,0,-0.7200100474591208,1.210255170659685,False,True,False,True,False,False,0
-1.553002803608015,0.2949384654513666,1.0397284305192127,1.337856831608121,2.533559980775697,1,0,0.2347249214970843,1,-0.0078339372127105,-1.0214658024448318,False,False,False,False,False,False,0
-1.7916906176176552,-0.3705685885125524,-1.042417869490058,0.5922186472951928,-0.9166876736979732,1,0,1.6555326705745568,0,0.7043421730336995,1.254711763749416,False,False,False,True,False,False,0
0.3668774395130026,-0.3705685885125524,1.3867528138540912,-1.2184705569895626,0.8084361535388619,0,1,-0.4746121069517176,0,1.4165182832801098,1.303614016148121,True,False,False,False,True,False,0
-0.4633410439987888,0.009721156609687,-1.042417869490058,0.1339564294680995,0.8084361535388619,1,1,0.3740590893233596,0,1.4165182832801098,-1.2259661306575962,True,True,False,False,False,True,0
1.1970959230247942,0.8653730831347259,1.3867528138540912,-1.2184705569895626,0.8084361535388619,0,1,1.3044683261710963,0,1.4165182832801098,0.5967541860213913,True,False,False,False,False,False,0
-0.5256074302621732,0.6752282105736062,-0.6953934861551795,0.3538527999263808,-0.9166876736979732,0,0,0.6490903074147409,0,1.4165182832801098,0.1566339144330504,False,False,False,True,False,False,0
0.5225434051714636,-1.226220515037591,-0.348369102820301,0.9465285552872248,-0.9166876736979732,0,1,-0.7073533791260673,0,0.7043421730336995,-1.5104883264318771,False,False,True,False,False,False,0
0.1697005496789521,-0.8459307699153518,1.0397284305192127,-1.2184705569895626,0.8084361535388619,1,0,0.6612917510349046,0,1.4165182832801098,-0.7280522880526045,False,False,True,False,True,False,0
2.058447599668278,-0.8459307699153518,-0.6953934861551795,0.4612639638180347,0.8084361535388619,1,1,-0.999699286707703,0,-0.0078339372127105,-1.2126291527306767,False,True,False,False,True,False,0
1.352761888683255,-0.2754961522319926,-0.0013447194854226,0.081793426303379,0.8084361535388619,0,1,0.131653436459799,0,-0.7200100474591208,1.4903317071249924,True,False,False,False,False,True,0
-0.5463628923499679,0.9604455194152858,1.7337771971889695,1.085322219212041,0.8084361535388619,1,1,1.1441314083494027,1,0.7043421730336995,-0.9947918465909928,False,True,False,False,False,True,0
-0.6397624717450445,-1.511437823879271,0.6927040471843343,-1.2184705569895626,0.8084361535388619,1,0,1.6753553872563531,0,-1.4321861577055308,-0.6124651460193028,False,False,True,False,False,True,0
0.6263207156104375,-1.511437823879271,-1.042417869490058,-1.2184705569895626,0.8084361535388619,0,1,-0.5848095188136377,0,1.4165182832801098,1.1391246217161144,True,False,False,False,True,False,0
1.217851385112589,-1.321292951318151,1.7337771971889695,-1.2184705569895626,0.8084361535388619,0,0,1.5212373336694656,0,-0.0078339372127105,1.1480159403340606,False,False,False,False,False,False,0
-0.2038977679013539,-0.9410032061959116,0.6927040471843343,0.0771827416638527,-0.9166876736979732,1,0,-1.6101884000697877,0,-0.7200100474591208,-0.7680632218333627,False,False,True,False,False,True,0
-0.0067208780673035,-1.226220515037591,-0.0013447194854226,1.1357424261722529,-0.9166876736979732,0,0,0.7186253395669101,0,1.4165182832801098,0.1344056178881847,True,True,False,False,False,True,0
1.2593623092881785,-0.1804237159514327,-1.042417869490058,0.4337867042280668,0.8084361535388619,1,0,1.3533274777295867,0,0.7043421730336995,1.259157423058389,True,False,True,False,False,True,0
-1.2935595275105802,-0.8459307699153518,0.3456796638494558,0.8095375686675592,-0.9166876736979732,1,1,1.075132928842856,0,0.7043421730336995,0.0454924317087219,False,True,False,False,False,True,0
0.5536765983031557,1.0555179556958456,-0.348369102820301,0.0154307569017007,0.8084361535388619,0,1,0.7776704719237713,0,0.7043421730336995,0.5300692963867942,False,False,False,False,True,False,0
0.8650085296200775,1.530880137098645,0.3456796638494558,0.929254458851004,-0.9166876736979732,1,0,-1.70673484160819,0,0.7043421730336995,-0.808074155614121,True,False,False,False,False,False,0
0.1489450875911573,0.1047935928902469,-0.0013447194854226,-1.2184705569895626,0.8084361535388619,1,0,0.8249411772831674,0,-0.7200100474591208,0.0054814979279636,True,False,False,False,True,False,0
-0.6812733959206341,0.6752282105736062,-1.736466636159815,-1.2184705569895626,2.533559980775697,0,1,0.5411171722849807,1,-1.4321861577055308,-1.4882600298870114,False,False,False,True,False,False,0
-0.1935200368574565,-0.6557858973542321,-1.3894422528249364,0.4466944437241717,-0.9166876736979732,0,1,-1.1090720487970418,0,-0.0078339372127105,-0.4257474550424309,False,False,False,False,False,False,0
-2.28982170772473,0.2949384654513666,1.0397284305192127,0.7160229829820745,0.8084361535388619,1,0,0.4472190683674844,0,1.4165182832801098,0.4678300660611702,True,True,False,True,False,False,0
-1.4907364173446307,-1.321292951318151,-1.042417869490058,0.5650821015612836,-0.9166876736979732,0,1,-0.9081793315545684,0,1.4165182832801098,-1.1992921748037573,False,False,False,False,True,False,0
-0.8784502857546845,0.1998660291708067,-1.736466636159815,0.9330684366541836,-0.9166876736979732,1,1,0.0924214581160664,0,1.4165182832801098,0.0766120468715338,True,True,False,False,False,False,0
-0.2869196162525331,0.6752282105736062,-0.6953934861551795,-1.2184705569895626,0.8084361535388619,1,1,-0.6538476399284806,0,-0.7200100474591208,-0.0700947103245797,True,False,True,False,False,True,0
1.2074736540686914,0.2949384654513666,-0.0013447194854226,-1.2184705569895626,2.533559980775697,0,0,-0.6910312946435435,0,-1.4321861577055308,-1.5193796450498234,True,False,False,False,False,False,0
-0.3388082714720201,1.530880137098645,-1.736466636159815,-1.2184705569895626,2.533559980775697,0,0,-0.6888711747248109,1,-1.4321861577055308,0.5656345708585793,False,False,False,False,False,False,0
0.8338753364883853,0.3900109017319265,1.3867528138540912,-1.2184705569895626,0.8084361535388619,1,0,1.4381537386818777,0,0.7043421730336995,-1.3993468437075487,False,False,False,True,False,False,0
1.300873233463768,0.009721156609687,1.0397284305192127,-1.2184705569895626,0.8084361535388619,1,1,-1.422538587998766,0,-1.4321861577055308,-1.0525854176076437,True,False,False,False,True,False,0
0.6782093708299244,-1.0360756424764714,-0.348369102820301,0.8342470085067372,-0.9166876736979732,1,1,-0.802554266249541,0,-1.4321861577055308,1.4414294547262878,True,False,False,False,False,True,0
1.4980501232978185,1.2456628282569653,1.3867528138540912,1.4584765814881413,-0.9166876736979732,1,1,-0.6541275653203962,1,-0.0078339372127105,-0.8125198149230941,False,True,False,False,True,False,0
-0.9303389409741716,1.1505903919764056,0.6927040471843343,0.7480311924839758,0.8084361535388619,0,0,-1.1789045668781346,0,-0.0078339372127105,-0.6480304204910879,False,False,False,True,False,False,0
0.7508534881372062,-0.2754961522319926,0.3456796638494558,0.2964109735312828,0.8084361535388619,1,1,-1.561393926924833,0,-0.0078339372127105,0.0010358386189905,True,True,False,True,False,False,0
1.0518076884102303,0.6752282105736062,-0.6953934861551795,0.5669589097477101,2.533559980775697,1,0,1.0283426171839951,1,-1.4321861577055308,0.1566339144330504,False,True,False,False,False,False,0
-1.4803586863007334,-0.9410032061959116,-1.3894422528249364,-1.2184705569895626,0.8084361535388619,1,0,-0.5445183445149052,0,-0.7200100474591208,-1.2704227237473276,True,False,True,False,False,False,0
-0.1935200368574565,0.6752282105736062,-0.6953934861551795,-1.2184705569895626,0.8084361535388619,1,0,0.3445914650230939,0,-0.7200100474591208,-0.5768998715475178,False,False,True,False,False,False,0
1.37351735077105,-1.0360756424764714,-1.042417869490058,-0.0939588849595546,0.8084361535388619,1,1,1.3704423943780335,0,1.4165182832801098,0.9790808865930812,True,True,False,True,False,False,0
0.1281896255033626,-0.2754961522319926,-1.736466636159815,0.4387023982171191,-0.9166876736979732,1,1,0.7956232522142307,0,-0.7200100474591208,0.970189567975135,False,False,False,False,False,True,0
0.958408109015154,-0.7508583336347919,-1.736466636159815,0.6636409494813162,-0.9166876736979732,1,0,1.0176002629358545,0,-0.0078339372127105,0.1166229806522921,True,False,True,False,True,False,0
0.1281896255033626,-0.7508583336347919,1.3867528138540912,0.6151010731252161,0.8084361535388619,0,1,-0.3687585807988784,0,0.7043421730336995,-0.9236612976474228,False,False,False,False,False,True,0
-1.6982910382225789,0.3900109017319265,1.7337771971889695,0.5867865988955261,-0.9166876736979732,1,1,-1.2535665803699358,0,-0.7200100474591208,-0.5279976191488132,True,False,False,False,True,False,0
-1.366203644817862,-0.3705685885125524,1.3867528138540912,0.4688938407431304,-0.9166876736979732,1,1,-1.3104721090790246,0,1.4165182832801098,-0.6035738274013566,True,False,False,False,False,False,0
-1.1897822170716064,0.770300646854166,-0.348369102820301,0.7699707311437322,0.8084361535388619,1,1,-0.8615056844534564,0,1.4165182832801098,0.2633297378484058,False,True,False,False,False,True,0
1.1244518057175124,-0.6557858973542321,-1.042417869490058,-1.2184705569895626,-0.9166876736979732,1,1,0.2457442454031889,0,0.7043421730336995,0.081057706180507,False,False,True,True,False,False,0
0.3876329016007974,-0.0853512796708728,-0.0013447194854226,-0.016443280508388,-0.9166876736979732,1,1,-1.5957376429122254,1,0.7043421730336995,0.5522975929316599,True,False,True,True,False,False,0
-0.7642952442718132,-1.0360756424764714,1.0397284305192127,1.3687894228369963,-0.9166876736979732,1,0,1.3457891390853105,0,-0.7200100474591208,-1.2037378341127305,False,False,True,True,False,False,0
-0.7124065890523262,-1.1311480787570314,-0.348369102820301,0.4772120301058177,0.8084361535388619,1,1,1.6569627242071692,0,1.4165182832801098,-1.5104883264318771,True,True,False,False,True,False,0
-0.3699414646037122,0.1047935928902469,1.3867528138540912,-1.2184705569895626,0.8084361535388619,0,0,-0.1167295797880271,0,-1.4321861577055308,0.6456564384200958,True,False,False,False,False,True,0
-1.916223390144424,0.009721156609687,-0.0013447194854226,-1.2184705569895626,0.8084361535388619,1,1,-1.6172268719427865,0,1.4165182832801098,1.7215059911915958,True,False,True,False,False,True,0
1.0829408815419228,0.009721156609687,-0.6953934861551795,0.3941218794486441,2.533559980775697,1,1,-0.4698791075612041,1,-1.4321861577055308,-0.745834925288497,False,True,False,False,False,True,0
1.7056047441757665,-0.4656410247931123,-1.042417869490058,0.5172947417105752,0.8084361535388619,1,0,0.0430775661894637,0,0.7043421730336995,-0.2301384454476127,False,True,False,False,True,False,0
-1.521869610476323,-0.3705685885125524,1.0397284305192127,0.6537359109516203,-0.9166876736979732,1,0,-0.1623645472050993,0,0.7043421730336995,0.2855580343932715,True,False,True,False,True,False,0
-0.2350309610330461,-0.6557858973542321,-1.042417869490058,-1.2184705569895626,0.8084361535388619,0,1,-0.3906063229711354,0,-0.7200100474591208,0.0899490247984533,True,False,False,False,False,True,0
0.3149887842935157,0.1047935928902469,-0.348369102820301,-1.2184705569895626,-0.9166876736979732,0,1,0.0855643292143519,0,-1.4321861577055308,-1.2126291527306767,True,False,False,False,False,False,0
-2.2067998593735507,0.3900109017319265,1.0397284305192127,-1.2184705569895626,-0.9166876736979732,0,1,0.0775099541954132,0,-1.4321861577055308,0.2499927599214863,False,False,False,True,False,False,0
1.2386068472003835,-0.2754961522319926,-0.0013447194854226,0.0279353396827891,-0.9166876736979732,0,0,-0.0108718808343146,0,1.4165182832801098,1.2813857196032548,False,True,False,False,True,False,0
1.5706942406051003,-0.2754961522319926,-1.3894422528249364,-1.2184705569895626,0.8084361535388619,1,1,0.8508973896485711,0,-0.0078339372127105,1.6859407167198106,True,False,False,False,False,True,0
-0.6190070096572498,-1.1311480787570314,-0.6953934861551795,-1.2184705569895626,0.8084361535388619,1,1,-1.4045932839765376,0,1.4165182832801098,-0.7680632218333627,True,False,False,False,True,False,0
1.8924039029659196,-0.5607134610736721,-0.0013447194854226,-1.2184705569895626,0.8084361535388619,1,0,-0.5936871526715334,0,-1.4321861577055308,0.618982482566257,True,False,True,False,True,False,0
-1.7916906176176552,0.1047935928902469,-1.3894422528249364,-1.2184705569895626,0.8084361535388619,0,0,0.2532392912384053,0,-0.0078339372127105,1.3436249499288788,True,False,False,False,False,True,0
0.0763009702838756,-0.2754961522319926,-0.348369102820301,0.904249135926302,0.8084361535388619,1,0,-0.2801053398456846,0,-1.4321861577055308,-1.0659223955345631,True,True,False,False,False,False,0
-0.1104981885062774,-0.7508583336347919,-0.6953934861551795,1.2362725471166234,-0.9166876736979732,1,0,-0.7042175192698001,0,0.7043421730336995,0.2677753971573789,True,False,True,False,False,False,0
-1.013360789325351,0.009721156609687,1.7337771971889695,-1.2184705569895626,0.8084361535388619,1,1,-1.4263913002717217,0,-0.7200100474591208,-0.1856818523578813,False,False,False,False,False,False,0
0.2423446669862339,-0.5607134610736721,0.3456796638494558,-1.2184705569895626,0.8084361535388619,1,0,-1.1542259270467656,0,-1.4321861577055308,1.1791355554968723,False,False,False,False,False,False,0
1.6018274337367924,-0.7508583336347919,1.3867528138540912,-1.2184705569895626,0.8084361535388619,0,1,0.6908953390969574,0,0.7043421730336995,-1.2970966796011665,True,False,False,False,False,True,0
1.186718191980897,-0.4656410247931123,0.3456796638494558,0.4856581472744218,-0.9166876736979732,0,1,0.6531193205245927,1,-1.4321861577055308,-0.9903461872820196,False,True,False,False,False,False,0
2.058447599668278,-0.5607134610736721,1.0397284305192127,-0.0487175926553875,-0.9166876736979732,1,1,1.4926406076847931,0,1.4165182832801098,-0.7858458590692553,True,False,False,False,True,False,0
-0.8058061684474028,1.4358077008180852,-1.3894422528249364,0.379017912526058,-0.9166876736979732,0,0,-1.661038673111643,1,1.4165182832801098,-1.7105429953356683,True,True,False,False,False,True,0
2.058447599668278,0.5801557742930463,-0.0013447194854226,1.5688553822792506,4.258683808012532,1,0,-1.647595299631571,1,-1.4321861577055308,-1.6305211277741518,False,False,True,True,False,False,0
0.0659232392399782,-1.7966551327209506,0.6927040471843343,-1.2184705569895626,0.8084361535388619,0,0,1.516240230757014,0,0.7043421730336995,-1.474923051960092,True,False,False,False,False,False,0
-1.4907364173446307,0.4850833380124864,-0.6953934861551795,0.630014989602717,0.8084361535388619,0,0,-0.5771845945512403,0,1.4165182832801098,0.2099818261407281,True,False,False,True,False,False,0
0.1904560117667469,0.1047935928902469,-0.6953934861551795,-0.4601188464828787,-0.9166876736979732,1,1,0.8371358401019117,1,-0.7200100474591208,-0.1278882813412305,False,False,False,False,True,False,0
-2.0615116247589875,-0.1804237159514327,-0.348369102820301,0.892334397997525,0.8084361535388619,1,0,-1.5905689335638604,0,1.4165182832801098,-0.2568124013014516,False,False,False,False,False,False,0
-0.1831423058135592,-0.1804237159514327,0.6927040471843343,1.0752453827652633,0.8084361535388619,1,0,1.6046278033879426,0,-0.7200100474591208,0.6812217128918809,False,True,False,False,False,False,0
-0.1104981885062774,0.1047935928902469,1.3867528138540912,-1.2184705569895626,-0.9166876736979732,0,0,0.8904995302031041,1,1.4165182832801098,1.001309183137947,False,False,False,True,False,False,0
1.9754257513170983,-0.1804237159514327,-0.348369102820301,0.9021222360842532,0.8084361535388619,1,0,-0.232287823705186,1,0.7043421730336995,-1.3459989319998709,False,False,False,False,True,False,0
1.6848492820879717,-0.7508583336347919,-1.3894422528249364,0.6847704921834603,-0.9166876736979732,1,0,0.0221314967392406,0,-0.0078339372127105,-0.9192156383384495,True,False,False,False,False,False,0
0.5017879430836688,-0.8459307699153518,-0.348369102820301,0.6448480505833618,-0.9166876736979732,1,1,0.5909037288375566,0,-1.4321861577055308,0.1255142992702384,False,True,False,False,False,True,0
0.1697005496789521,0.6752282105736062,-1.042417869490058,-1.2184705569895626,2.533559980775697,1,0,-0.1979095082438859,1,-1.4321861577055308,1.4947773664339656,False,False,False,False,False,False,0
1.6744715510440742,-0.6557858973542321,-1.3894422528249364,0.7491180184496357,-0.9166876736979732,1,1,-1.2858331108559515,0,-0.0078339372127105,0.0677207282535876,True,False,False,False,False,False,0
0.8546307985761801,1.2456628282569653,0.3456796638494558,-0.0771577531524676,0.8084361535388619,0,1,-1.0683573352096716,0,-1.4321861577055308,0.049938091017695,False,True,False,False,False,True,0
-1.521869610476323,0.5801557742930463,1.3867528138540912,0.8846577689831577,2.533559980775697,1,0,1.651108458448665,1,-0.7200100474591208,0.24110144130354,False,False,True,False,True,False,0
0.086678701327773,-0.3705685885125524,1.3867528138540912,0.6059589582440719,-0.9166876736979732,1,0,1.538036508385167,1,-0.0078339372127105,1.565907915377536,True,True,False,False,True,False,0
1.1555849988492046,-0.6557858973542321,-1.3894422528249364,0.5181718237140938,0.8084361535388619,1,0,-0.693360412997644,1,0.7043421730336995,0.6412107791111227,False,True,False,True,False,False,0
1.404650543902742,-0.0853512796708728,-0.6953934861551795,1.31724156188796,-0.9166876736979732,1,1,-1.2553687087470822,0,0.7043421730336995,0.0366011130907756,False,True,False,False,True,False,0
0.4706547499519766,-1.321292951318151,-0.0013447194854226,0.1093504206209393,0.8084361535388619,1,1,0.4858286039142865,0,-1.4321861577055308,-1.44380343679728,False,False,True,False,True,False,0
-0.2350309610330461,-0.1804237159514327,-1.3894422528249364,-0.649282923190635,0.8084361535388619,0,0,-0.88245975177202,0,-0.0078339372127105,0.1877535295958624,False,True,False,False,True,False,0
-0.1104981885062774,-0.5607134610736721,-1.042417869490058,1.1222336341312031,0.8084361535388619,1,1,-0.776044636168319,1,-1.4321861577055308,-1.3326619540729516,True,False,False,False,False,False,0
-0.0170986091112009,-1.7966551327209506,1.0397284305192127,-1.2184705569895626,0.8084361535388619,1,1,0.2266936707496514,0,0.7043421730336995,0.7523522618354512,True,False,True,False,True,False,0
-0.3906969266915071,-0.3705685885125524,-1.3894422528249364,-1.2184705569895626,0.8084361535388619,1,1,-1.6880486915642523,0,-1.4321861577055308,-0.3901821805706458,False,False,False,True,False,False,0
-1.3039372585544775,-0.0853512796708728,-1.042417869490058,-1.2184705569895626,0.8084361535388619,0,0,-0.7375479401117984,0,1.4165182832801098,0.4500474288252776,True,False,True,False,False,True,0
1.8820261719220224,0.009721156609687,-0.6953934861551795,-1.2184705569895626,0.8084361535388619,1,0,-1.7164190431015494,0,-1.4321861577055308,0.7656892397623706,False,False,False,False,False,False,0
-0.442585581910994,0.1998660291708067,0.3456796638494558,-1.2184705569895626,-0.9166876736979732,0,1,0.2113158563314096,0,0.7043421730336995,1.2458204451314698,True,False,False,True,False,False,0
1.9961812134048933,-0.0853512796708728,0.6927040471843343,0.5667813478744167,-0.9166876736979732,1,1,0.328644411019056,0,1.4165182832801098,1.5792448933044552,True,False,False,False,False,True,0
-0.6812733959206341,-0.0853512796708728,0.3456796638494558,-1.2184705569895626,0.8084361535388619,1,1,-1.0865879544916102,0,0.7043421730336995,-1.5771732160664742,False,False,False,False,True,False,0
-0.5774960854816601,-0.5607134610736721,-1.3894422528249364,0.9936527399538196,-0.9166876736979732,1,0,-0.2611260505403993,0,-0.7200100474591208,0.7523522618354512,False,False,False,False,False,False,0
-0.6190070096572498,-1.0360756424764714,-1.042417869490058,0.6467812174527454,-0.9166876736979732,1,0,0.7625612815617464,0,0.7043421730336995,-1.6394124463920985,True,False,False,False,False,False,0
1.7159824752196635,1.9111698822208845,-1.3894422528249364,0.6862380594788695,-0.9166876736979732,1,1,0.35448448042682,0,-0.0078339372127105,1.5214513222878043,True,False,False,True,False,False,0
-0.3906969266915071,0.6752282105736062,-0.348369102820301,-1.2184705569895626,-0.9166876736979732,1,0,-0.4529526624188673,1,1.4165182832801098,-0.7191609694346582,True,False,False,False,False,False,0
-0.1727645747696618,-0.9410032061959116,1.0397284305192127,0.9958002939722924,0.8084361535388619,1,0,0.7066676570644275,0,-1.4321861577055308,0.0054814979279636,False,False,True,False,True,False,0
-2.2275553214613457,-1.226220515037591,-1.3894422528249364,0.7176346491827715,-0.9166876736979732,0,1,-0.3751473128025677,0,-0.7200100474591208,-1.3193249761460322,False,False,False,True,False,False,0
-0.6293847407011471,-0.5607134610736721,1.3867528138540912,0.8912289992840725,-0.9166876736979732,1,0,0.3190587919463277,0,1.4165182832801098,-0.0434207544707409,True,False,False,True,False,False,0
0.3357442463813104,0.1998660291708067,0.6927040471843343,-1.2184705569895626,-0.9166876736979732,1,1,0.6600515598420259,0,-0.7200100474591208,0.8368197887059409,False,False,True,False,False,True,0
0.9791635711029488,-1.7015826964403906,1.0397284305192127,1.4534925205740252,0.8084361535388619,0,1,1.636648312489138,0,-0.0078339372127105,-1.537162282285716,False,False,False,True,False,False,0
-0.6190070096572498,-0.3705685885125524,0.3456796638494558,0.0669742948835786,-0.9166876736979732,1,0,-0.4825242590075589,1,1.4165182832801098,0.2055361668317549,True,False,True,False,False,False,0
-0.1935200368574565,-0.9410032061959116,-1.736466636159815,1.000289775421482,-0.9166876736979732,1,0,1.6157728329203545,0,-1.4321861577055308,-0.4613127295142161,False,True,False,False,False,False,0
0.4498992878641817,1.6259525733792048,-1.3894422528249364,-1.2184705569895626,2.533559980775697,1,0,1.5179119591068702,1,-0.7200100474591208,-1.6705320615549102,True,False,True,False,False,False,0
0.2942333222057209,-0.7508583336347919,1.7337771971889695,0.5954491846418513,-0.9166876736979732,1,1,0.3861308283830452,0,-0.0078339372127105,0.4767213846791165,True,False,False,True,False,False,0
0.719720295005514,-1.0360756424764714,1.3867528138540912,1.254835688315591,0.8084361535388619,0,1,0.015120321938621,1,1.4165182832801098,-0.2923776757732367,True,True,False,False,True,False,0
1.6225828958245871,-1.416365387598711,-0.348369102820301,0.737570412509553,-0.9166876736979732,1,0,1.2809759788546595,0,0.7043421730336995,-1.661640742936964,True,False,False,True,False,False,0
-0.2350309610330461,-0.9410032061959116,0.3456796638494558,-1.2184705569895626,0.8084361535388619,1,1,-0.2014852508588777,0,0.7043421730336995,-1.4793687112690652,True,False,True,False,True,False,0
0.0659232392399782,0.1047935928902469,-0.0013447194854226,1.0801650795016844,-0.9166876736979732,1,1,1.5504810176561985,0,-0.7200100474591208,-1.6883146987908026,False,False,False,False,True,False,0
1.09331861258582,-1.226220515037591,1.0397284305192127,0.7281705206978385,0.8084361535388619,1,1,0.4629679143300416,0,1.4165182832801098,-0.0523120730886871,True,True,False,False,False,True,0
-0.733162051140121,1.0555179556958456,-1.042417869490058,1.0843772506131426,0.8084361535388619,1,0,1.4047203887516713,1,1.4165182832801098,0.8812763817956722,True,True,False,False,False,False,0
0.2112114738545417,1.6259525733792048,-1.042417869490058,2.1401116359185326,0.8084361535388619,1,1,0.8739084739309573,1,1.4165182832801098,0.6011998453303644,False,False,True,False,True,False,0
-0.5359851613060705,1.8160974459403243,1.0397284305192127,0.6824039078289499,-0.9166876736979732,0,0,-1.638203020332638,1,-0.0078339372127105,-1.3059879982191127,False,True,False,False,False,True,0
-0.3284305404281227,0.2949384654513666,-0.348369102820301,0.4934390078302804,-0.9166876736979732,0,1,0.3358372765243661,0,1.4165182832801098,-0.936998275574342,True,False,True,True,False,False,0
-1.1690267549838116,-0.9410032061959116,-0.348369102820301,-1.2184705569895626,0.8084361535388619,1,1,0.0084829605495657,0,1.4165182832801098,-1.448249096106253,False,False,False,False,False,True,0
0.9480303779712568,0.1047935928902469,1.0397284305192127,-0.1272321227399885,-0.9166876736979732,1,0,-0.0965766902371327,0,-1.4321861577055308,-0.8614220673217987,True,False,False,True,False,False,0
1.300873233463768,0.6752282105736062,-1.736466636159815,0.500514103970018,-0.9166876736979732,1,0,-1.7376931990204336,0,-1.4321861577055308,-1.5504992602126355,False,True,False,False,False,True,0
1.923537096097612,-0.0853512796708728,-1.042417869490058,-1.2184705569895626,0.8084361535388619,1,1,-0.9395075034442062,0,0.7043421730336995,-0.6569217391090343,False,False,False,False,False,True,0
2.058447599668278,0.2949384654513666,0.3456796638494558,0.1335883368200364,2.533559980775697,0,1,-0.7025944735967986,1,-1.4321861577055308,-0.8703133859397449,True,True,False,False,False,False,0
0.3461219774252078,0.3900109017319265,1.3867528138540912,-1.2184705569895626,0.8084361535388619,1,0,0.1283134570941472,0,0.7043421730336995,0.8946133597225917,True,False,True,False,False,True,0
1.3423841576393576,-0.0853512796708728,-1.042417869490058,0.6677967619098172,-0.9166876736979732,0,1,-0.6050380403803604,1,-0.0078339372127105,-0.9236612976474228,True,False,False,False,False,True,0
-0.5359851613060705,-0.1804237159514327,1.0397284305192127,1.6259994042700874,-0.9166876736979732,1,1,-0.404917639032849,0,-0.7200100474591208,-1.701651676717722,True,False,True,True,False,False,0
-1.0341162514131454,0.2949384654513666,-0.348369102820301,-1.2184705569895626,0.8084361535388619,0,0,1.6562717779292355,0,-0.0078339372127105,0.7923631956162095,True,False,True,False,False,True,0
-0.10012045746238,-0.2754961522319926,-0.348369102820301,-1.2184705569895626,0.8084361535388619,1,1,1.6481454220952332,0,-0.7200100474591208,-1.4126838216344682,True,False,False,False,True,False,0
0.532921136215361,0.5801557742930463,0.6927040471843343,-1.2184705569895626,0.8084361535388619,1,1,-0.5494113012722278,0,-1.4321861577055308,0.2455471006125132,False,False,False,False,True,False,0
0.6366984466543348,-1.416365387598711,0.6927040471843343,1.1461482884527712,-0.9166876736979732,1,1,0.3679229856392067,0,-0.7200100474591208,-1.3371076133819246,False,True,False,False,False,False,0
-0.0793649953745852,-0.0853512796708728,-0.6953934861551795,-1.2184705569895626,0.8084361535388619,1,1,-0.3564768107619047,0,0.7043421730336995,-0.2345841047565859,True,False,False,False,False,True,0
-0.9095834788863768,-0.7508583336347919,-0.348369102820301,-1.2184705569895626,0.8084361535388619,1,0,-0.8156306071194679,0,0.7043421730336995,-1.0837050327704556,True,False,False,False,True,False,0
1.311250964507665,-0.5607134610736721,-0.0013447194854226,0.6463979143646797,0.8084361535388619,1,1,-1.176621001600234,0,-0.7200100474591208,-0.7191609694346582,True,False,True,True,False,False,0
-0.4529633129548914,-0.8459307699153518,1.0397284305192127,-1.2184705569895626,0.8084361535388619,1,0,0.4945563646741502,0,-0.7200100474591208,0.2233188040676475,False,False,False,True,False,False,0
-1.4077145689934516,-0.1804237159514327,1.0397284305192127,0.59306274666039,-0.9166876736979732,0,0,-1.6876880920221198,0,-0.7200100474591208,-1.0436940989896974,False,False,False,False,False,False,0
0.0555455081960808,-0.1804237159514327,-0.348369102820301,0.1024405578925983,-0.9166876736979732,1,1,0.257834414333398,0,1.4165182832801098,-0.016746798616902,True,False,False,False,False,True,0
-0.733162051140121,1.4358077008180852,-0.348369102820301,0.211307761167238,-0.9166876736979732,0,0,-1.6495224381682123,1,0.7043421730336995,-1.501597007813931,True,False,False,False,True,False,0
0.719720295005514,-0.6557858973542321,1.7337771971889695,-1.2184705569895626,-0.9166876736979732,1,0,0.6205071430329068,1,1.4165182832801098,-0.1234426220322574,False,False,True,False,False,True,0
2.058447599668278,0.2949384654513666,1.3867528138540912,0.5957524327825349,-0.9166876736979732,1,1,1.6997636643644745,0,-1.4321861577055308,1.6948320353377568,False,False,False,False,False,True,0
1.186718191980897,0.5801557742930463,0.3456796638494558,0.3450499579122422,-0.9166876736979732,1,0,0.4677195174577822,0,-0.7200100474591208,1.2280378078955771,False,True,False,False,False,False,0
1.0206744952785385,-1.606510260159831,-0.6953934861551795,0.729775782502745,-0.9166876736979732,1,0,0.4905137899614607,1,-0.7200100474591208,1.0902223693174098,True,False,True,False,False,True,0
-1.6982910382225789,-0.5607134610736721,-0.348369102820301,1.0231055955352837,-0.9166876736979732,1,0,0.4030668361940497,0,-1.4321861577055308,1.4592120919621805,False,True,False,True,False,False,0
-1.3869591069056568,-0.0853512796708728,1.7337771971889695,0.1386976036718586,-0.9166876736979732,1,1,1.0748893415918783,0,0.7043421730336995,-1.4126838216344682,False,False,False,False,False,True,0
0.5432988672592584,0.1998660291708067,-0.348369102820301,0.5271563904587901,0.8084361535388619,1,1,-0.9965029212387734,0,-0.7200100474591208,-1.163726900331972,True,True,False,False,False,False,0
2.058447599668278,-0.3705685885125524,-1.042417869490058,0.839717963610832,4.258683808012532,1,0,-0.4338381048186066,1,-0.0078339372127105,-0.4435300922783235,False,False,False,False,True,False,0
-1.1897822170716064,0.770300646854166,0.3456796638494558,0.4332767542132428,-0.9166876736979732,1,0,-1.4634647234970488,1,-0.0078339372127105,-1.0659223955345631,False,True,False,False,False,True,0
-1.0341162514131454,-0.0853512796708728,1.7337771971889695,0.8993209533654578,0.8084361535388619,1,1,-0.936607232970576,0,-1.4321861577055308,1.4147554988724491,True,True,False,False,True,False,0
-0.442585581910994,1.3407352645375252,1.7337771971889695,-1.2184705569895626,-0.9166876736979732,1,1,0.9425595677648037,0,-0.0078339372127105,-0.4835410260590818,True,False,True,False,False,True,0
-1.978489776407808,-0.4656410247931123,-0.0013447194854226,-0.19914804373167,-0.9166876736979732,0,1,1.171044235315005,0,-1.4321861577055308,-0.4879866853680549,False,True,False,False,False,True,0
-1.895467928056629,1.2456628282569653,1.0397284305192127,1.014954400792835,2.533559980775697,0,0,0.8634573464104303,1,0.7043421730336995,0.1566339144330504,False,True,False,True,False,False,0
-0.048231802242893,-0.5607134610736721,-0.6953934861551795,1.4803491942118865,0.8084361535388619,0,0,-0.1766682131318785,0,-0.7200100474591208,-1.692760358099776,False,True,False,False,False,False,0
0.9999190331907436,-0.5607134610736721,-1.3894422528249364,1.065423921600634,-0.9166876736979732,0,0,-0.5441789567105453,0,1.4165182832801098,1.072439732081517,True,False,False,True,False,False,0
1.0829408815419228,0.1998660291708067,0.3456796638494558,1.167966143592507,-0.9166876736979732,0,1,-0.8694887741241434,1,0.7043421730336995,0.7834718769982632,True,True,False,False,False,False,0
1.248984578244281,-0.8459307699153518,0.3456796638494558,0.3791905109926138,0.8084361535388619,0,0,1.6831468758202754,0,-0.0078339372127105,-0.8747590452487181,True,True,False,False,True,False,0
-0.2557864231208409,-0.0853512796708728,1.0397284305192127,0.4934711899191278,0.8084361535388619,0,1,-0.2809894520307102,0,1.4165182832801098,-1.341553272690898,True,True,False,True,False,False,0
-1.127515830808222,-0.1804237159514327,1.0397284305192127,1.0373827549613068,0.8084361535388619,1,1,0.3064904895827223,0,-1.4321861577055308,0.0721663875625607,True,True,False,True,False,False,0
0.9895413021468462,0.1047935928902469,-0.6953934861551795,-1.2184705569895626,-0.9166876736979732,0,0,-0.7409060016145677,1,-0.7200100474591208,1.4325381361083416,False,False,False,False,False,False,0
-2.217177590417448,1.4358077008180852,-1.042417869490058,-1.2184705569895626,-0.9166876736979732,0,0,1.5879555513654695,1,-0.0078339372127105,-1.448249096106253,False,False,True,False,False,True,0
2.058447599668278,1.6259525733792048,-1.3894422528249364,1.499296118828604,-0.9166876736979732,0,0,0.9635537982917722,1,-1.4321861577055308,0.6678847349649615,True,True,False,False,False,False,0
0.6470761776982322,-1.416365387598711,0.6927040471843343,-1.2184705569895626,0.8084361535388619,1,0,1.1458460817749132,0,1.4165182832801098,0.0855033654894801,False,False,False,True,False,False,0
-0.7435397821840184,2.481604499904244,-1.3894422528249364,-1.2184705569895626,0.8084361535388619,0,1,0.0478336898514836,0,-1.4321861577055308,-1.1326072851691602,False,False,True,True,False,False,0
-1.7916906176176552,-1.511437823879271,1.3867528138540912,0.7600956331643571,-0.9166876736979732,0,1,-0.091853948982099,0,-0.0078339372127105,0.8012545142341557,False,True,False,True,False,False,0
0.7404757570933088,-0.3705685885125524,-1.736466636159815,-1.2184705569895626,0.8084361535388619,0,1,-0.6805194876436512,0,-1.4321861577055308,1.730397309809542,False,False,False,True,False,False,0
-1.2935595275105802,0.6752282105736062,1.7337771971889695,0.8856097824174263,-0.9166876736979732,1,0,-0.790811482992032,0,0.7043421730336995,-0.0345294358527946,False,False,True,False,False,False,0
-0.6605179338328393,-1.7015826964403906,1.0397284305192127,-1.2184705569895626,0.8084361535388619,1,1,0.168353394006968,0,1.4165182832801098,1.0102005017558933,False,False,False,False,True,False,0
0.0036568529765938,-0.2754961522319926,0.3456796638494558,0.5830653247214154,0.8084361535388619,0,1,0.1736931881911373,0,0.7043421730336995,0.9746352272841082,False,False,False,False,False,True,0
-1.6152691898713996,-0.7508583336347919,-0.0013447194854226,-1.2184705569895626,0.8084361535388619,1,0,-0.1168064288707766,0,-0.0078339372127105,1.0190918203738395,True,False,False,False,False,False,0
-0.4322078508670966,0.6752282105736062,-0.0013447194854226,0.6529994054357048,-0.9166876736979732,0,0,0.1311328795508577,0,-1.4321861577055308,-0.6880413542718462,False,False,True,True,False,False,0
-1.7398019623981682,0.009721156609687,-0.0013447194854226,-1.2184705569895626,0.8084361535388619,1,1,1.3003982805193246,0,-0.7200100474591208,0.5923085267124182,False,False,True,False,False,True,0
-0.7020288580084288,-0.1804237159514327,1.0397284305192127,-1.2184705569895626,0.8084361535388619,0,1,0.0070224802439189,0,-0.7200100474591208,1.4681034105801267,False,False,True,False,False,True,0
0.4914102120397713,-0.4656410247931123,1.0397284305192127,-1.2184705569895626,-0.9166876736979732,1,1,-0.4159035805319674,0,-0.7200100474591208,-0.90587866041153,True,False,True,False,True,False,0
1.61220516478069,-0.3705685885125524,-0.6953934861551795,1.58009269524328,-0.9166876736979732,1,1,-1.7357274620757144,0,-0.0078339372127105,1.1302333030981682,True,False,False,False,False,True,0
0.9895413021468462,0.770300646854166,-0.0013447194854226,1.0217006312087271,4.258683808012532,0,1,0.5134852326355502,1,1.4165182832801098,-1.6749777208638834,False,False,False,False,False,False,0
-0.1623868437257644,2.006242318501444,0.6927040471843343,0.7740607384054851,-0.9166876736979732,1,1,0.7116943173163978,1,-0.7200100474591208,-1.1014876700063485,True,False,True,False,False,False,0
0.5744320603909505,-0.9410032061959116,-0.348369102820301,-1.2184705569895626,0.8084361535388619,1,0,0.6871672892500914,0,0.7043421730336995,-0.1856818523578813,True,False,False,True,False,False,0
-0.3906969266915071,-0.7508583336347919,0.6927040471843343,0.7124448470538829,0.8084361535388619,1,1,-0.9435372120208698,0,-0.0078339372127105,1.3302879720019594,False,True,False,False,False,False,0
-0.9614721341058636,-0.9410032061959116,-0.6953934861551795,0.0578512330799113,-0.9166876736979732,1,0,-0.3160724492394846,0,-0.0078339372127105,1.5525709374506165,False,False,False,True,False,False,0
-0.4218301198231992,-0.0853512796708728,-0.348369102820301,-0.0813924997590872,0.8084361535388619,1,0,-1.703667659099629,0,1.4165182832801098,0.965743908666162,True,False,False,True,False,False,0
0.0659232392399782,-0.7508583336347919,-1.042417869490058,-0.6329973452446888,-0.9166876736979732,1,0,0.0558753726010993,1,0.7043421730336995,1.539233959523697,False,False,True,False,True,False,0
1.2074736540686914,-0.2754961522319926,-0.0013447194854226,1.6662204508239211,0.8084361535388619,1,0,-1.4445320304681817,0,-0.7200100474591208,0.6812217128918809,False,False,False,True,False,False,0
0.1281896255033626,0.9604455194152858,-0.0013447194854226,0.8216782216578484,0.8084361535388619,1,0,0.1468384327043548,1,-0.7200100474591208,1.4058641802545029,False,True,False,False,True,False,0
1.7367379373074583,0.009721156609687,1.3867528138540912,0.9126388944119488,-0.9166876736979732,1,0,-1.2759178405142346,1,-0.7200100474591208,-0.7236066287436314,False,False,False,False,False,True,0
0.0659232392399782,-0.6557858973542321,-0.0013447194854226,1.1119781150418684,-0.9166876736979732,1,1,-1.1987505816981403,0,1.4165182832801098,-0.3501712467898875,False,False,True,False,False,False,0
1.3631396197271524,1.8160974459403243,-0.6953934861551795,0.823559833141118,-0.9166876736979732,1,1,-0.0667804578680964,1,1.4165182832801098,-1.4971513485049577,False,True,False,False,False,True,0
0.0970564323716704,0.1998660291708067,-0.0013447194854226,0.7437159106002895,0.8084361535388619,0,1,0.3514734568633449,0,-0.7200100474591208,0.8590480852508066,True,True,False,False,False,False,0
-1.1794044860277089,-0.7508583336347919,-1.736466636159815,-1.2184705569895626,0.8084361535388619,0,0,1.373935898042481,0,1.4165182832801098,0.8501567666328603,False,False,True,False,False,True,0
1.830137516702535,-0.4656410247931123,1.0397284305192127,0.853885287649047,0.8084361535388619,0,0,-1.0831812103119862,0,0.7043421730336995,-1.0525854176076437,True,False,False,False,False,True,0
-0.3699414646037122,0.009721156609687,-1.042417869490058,0.7301360297659646,0.8084361535388619,1,0,-0.7802266519768573,0,0.7043421730336995,-1.1592812410229991,True,True,False,False,True,False,0
0.034790046108286,-0.9410032061959116,1.3867528138540912,-1.2184705569895626,0.8084361535388619,0,1,-0.2554976376291616,0,1.4165182832801098,0.3522429240278685,False,False,True,False,False,False,0
-0.3906969266915071,0.4850833380124864,0.3456796638494558,0.6822878281552458,-0.9166876736979732,1,0,0.5765388618313023,1,-0.7200100474591208,0.4322647915893851,False,True,False,False,False,False,0
-0.2661641541647383,0.009721156609687,-1.736466636159815,-1.2184705569895626,0.8084361535388619,1,1,-0.2979414555783956,0,-0.7200100474591208,-1.4882600298870114,False,False,False,False,False,False,0
-0.1208759195501748,0.4850833380124864,0.6927040471843343,0.5720939542925894,-0.9166876736979732,1,0,-0.5777338394661853,0,-0.0078339372127105,-1.1192703072422407,True,False,False,False,True,False,0
0.875386260663975,1.7210250096597648,1.3867528138540912,0.3073029294523056,-0.9166876736979732,1,0,-1.251785489863859,1,-1.4321861577055308,1.2502661044404428,True,True,False,False,False,True,0
1.2697400403320758,-0.4656410247931123,-0.348369102820301,0.7168614785009547,0.8084361535388619,0,1,0.2256089163893026,0,1.4165182832801098,1.517005662978831,True,True,False,False,False,True,0
0.3876329016007974,-0.0853512796708728,-1.042417869490058,-1.2184705569895626,-0.9166876736979732,1,1,-0.3081176998413952,0,1.4165182832801098,0.0632750689446144,True,False,True,False,False,False,0
-1.4284700310812464,0.1998660291708067,0.6927040471843343,-1.2184705569895626,0.8084361535388619,1,1,-1.6808500884577413,0,-0.0078339372127105,0.4011451764265731,False,False,False,False,False,True,0
1.425406005990537,0.009721156609687,0.6927040471843343,0.7801566024288447,0.8084361535388619,1,1,0.4169287068283709,0,-0.7200100474591208,-1.0214658024448318,True,True,False,False,True,False,0
-0.1416313816379696,0.2949384654513666,1.0397284305192127,1.105970311460629,-0.9166876736979732,1,0,1.617663633316058,1,0.7043421730336995,0.8501567666328603,True,True,False,False,True,False,0
0.0244123150643886,-0.7508583336347919,-0.0013447194854226,1.1926818277175806,0.8084361535388619,1,1,0.0832327767264086,0,-0.7200100474591208,1.4681034105801267,True,True,False,False,False,False,0
1.0206744952785385,-0.3705685885125524,-0.6953934861551795,-1.2184705569895626,-0.9166876736979732,1,0,1.583738066749509,0,-1.4321861577055308,1.210255170659685,False,False,False,False,False,False,0
-0.2038977679013539,-1.7015826964403906,-1.3894422528249364,-1.2184705569895626,0.8084361535388619,1,0,-0.2855348492486294,0,0.7043421730336995,1.517005662978831,False,False,False,False,False,True,0
-0.8784502857546845,0.1047935928902469,-1.042417869490058,0.4662515471498359,0.8084361535388619,1,0,-0.1153680296364177,0,-1.4321861577055308,1.637038464321106,False,True,False,False,False,True,0
-1.0029830582814532,-0.5607134610736721,-1.3894422528249364,-0.3204991756109735,0.8084361535388619,0,0,1.3625384140572356,0,1.4165182832801098,-0.5591172343116252,True,False,True,False,True,False,0
0.1281896255033626,0.3900109017319265,1.3867528138540912,1.8080312256056752,0.8084361535388619,1,1,-0.7707759534656984,0,-0.0078339372127105,0.0410467723997487,True,False,False,True,False,False,0
-0.5048519681743784,0.1047935928902469,1.0397284305192127,1.1655180633015612,-0.9166876736979732,0,0,0.0803544134573631,0,-1.4321861577055308,-1.1326072851691602,False,True,False,False,False,False,0
-0.3595637335598148,-1.1311480787570314,-0.348369102820301,-1.2184705569895626,0.8084361535388619,0,0,1.5619823000631667,0,-0.0078339372127105,-1.1770638782588916,False,False,False,False,True,False,0
0.3357442463813104,-0.0853512796708728,-0.6953934861551795,-1.2184705569895626,0.8084361535388619,1,0,-0.9767073277626532,0,0.7043421730336995,1.152461599643034,False,False,True,False,False,True,0
0.429143825776387,0.6752282105736062,-1.042417869490058,0.4588952980348922,-0.9166876736979732,1,1,-0.6617881322569195,0,1.4165182832801098,1.1791355554968723,True,True,False,True,False,False,0
-1.0963826376765298,-1.416365387598711,1.0397284305192127,1.284453457088662,-0.9166876736979732,1,1,0.4337927338243115,0,-0.7200100474591208,-0.5013236632949744,True,False,False,False,False,False,0
-1.2209154102032984,0.9604455194152858,0.6927040471843343,-1.2184705569895626,-0.9166876736979732,1,0,-1.5102898084965202,1,0.7043421730336995,1.3969728616365564,False,False,False,False,False,False,0
0.1904560117667469,0.1047935928902469,-0.6953934861551795,-1.2184705569895626,-0.9166876736979732,1,1,1.429512215806728,0,1.4165182832801098,-1.4971513485049577,False,False,True,True,False,False,0
-0.1208759195501748,2.196387191062564,-0.6953934861551795,-1.2184705569895626,-0.9166876736979732,1,1,0.021423511524408,0,-0.0078339372127105,-0.9414439348833152,True,False,True,True,False,False,0
-1.023738520369248,0.770300646854166,-0.6953934861551795,0.6472604263677748,-0.9166876736979732,0,0,0.7871449901732482,1,-0.7200100474591208,1.3836358837096372,True,False,True,False,False,False,0
-0.4840965060865836,-0.2754961522319926,0.3456796638494558,-1.2184705569895626,-0.9166876736979732,0,1,-1.7341543161464894,0,0.7043421730336995,-1.0392484396807242,False,False,False,False,False,False,0
0.481032480995874,-0.2754961522319926,0.6927040471843343,0.7230799867037037,-0.9166876736979732,1,1,-1.51339506781305,0,-0.0078339372127105,-1.661640742936964,False,True,False,False,False,False,0
-0.3284305404281227,-0.3705685885125524,-1.736466636159815,0.0142150424707558,-0.9166876736979732,1,1,-1.4463710185863752,0,0.7043421730336995,0.587862867403445,True,True,False,False,True,False,0
0.0763009702838756,0.009721156609687,-1.3894422528249364,0.4547116264847022,-0.9166876736979732,1,0,-1.38708421151227,0,1.4165182832801098,1.597027530540348,False,True,False,False,False,False,0
0.325366515337413,3.242183990148723,1.3867528138540912,0.7785843232622595,-0.9166876736979732,1,1,-0.8420675609188136,0,-0.7200100474591208,-1.2437487678934886,True,True,False,False,True,False,0
1.8820261719220224,-1.0360756424764714,-0.348369102820301,0.9698235843160556,0.8084361535388619,0,0,-1.654385315985907,0,1.4165182832801098,-0.4657583888231892,False,False,False,True,False,False,0
0.5744320603909505,-0.3705685885125524,-0.6953934861551795,-0.3110560541276725,-0.9166876736979732,1,0,-1.4334247300103318,1,0.7043421730336995,1.059102754154598,False,False,True,False,False,False,0
0.4914102120397713,-0.6557858973542321,-1.3894422528249364,0.7653906274941059,2.533559980775697,1,1,0.4696579573301222,1,-1.4321861577055308,1.285831378912228,True,True,False,False,False,True,0
0.1489450875911573,-0.0853512796708728,0.3456796638494558,0.3796324143021633,0.8084361535388619,1,1,1.0071520911492795,0,-0.7200100474591208,0.2855580343932715,True,True,False,False,True,False,0
0.1074341634155678,0.009721156609687,-0.0013447194854226,1.0202197747920525,0.8084361535388619,1,1,0.7961114699164039,0,-0.7200100474591208,-1.1992921748037573,True,True,False,False,True,False,0
-2.507754059646575,-0.3705685885125524,0.6927040471843343,0.6577570709586248,-0.9166876736979732,1,1,0.1617384614226064,0,-0.7200100474591208,0.3122319902471103,False,False,False,False,False,True,0
0.927274915883462,0.009721156609687,-0.0013447194854226,-1.2184705569895626,-0.9166876736979732,0,1,-1.047098827294062,0,-1.4321861577055308,1.4503207733442345,True,False,False,False,False,True,0
-1.0860049066326325,2.196387191062564,1.7337771971889695,0.8267532249921911,0.8084361535388619,1,1,-0.2656385869514415,0,0.7043421730336995,0.2633297378484058,True,False,False,True,False,False,0
-0.3491860025159174,0.9604455194152858,1.3867528138540912,-0.5091608274689596,2.533559980775697,1,1,-0.186071967633213,1,-0.0078339372127105,-1.4260207995613874,False,False,False,False,False,False,0
0.6470761776982322,1.530880137098645,1.3867528138540912,1.6647118953954525,-0.9166876736979732,1,1,-0.0052782412636875,0,-1.4321861577055308,0.2010905075227818,False,True,False,True,False,False,0
-1.252048603334991,0.770300646854166,0.3456796638494558,-1.2184705569895626,-0.9166876736979732,0,0,1.644206124204157,1,-0.7200100474591208,-0.430193114351404,False,False,False,False,False,True,0
0.667831639786027,-1.1311480787570314,-1.3894422528249364,0.7437136690617628,0.8084361535388619,1,0,-0.5706292982460262,0,1.4165182832801098,-0.585791190165464,True,True,False,True,False,False,0
-0.4529633129548914,1.6259525733792048,-0.0013447194854226,-1.2184705569895626,0.8084361535388619,0,1,0.928085164735626,0,-1.4321861577055308,1.3969728616365564,False,False,True,False,False,False,0
0.3668774395130026,3.1471115538681627,1.3867528138540912,-1.2184705569895626,-0.9166876736979732,0,1,-0.532064968042018,0,1.4165182832801098,-1.5504992602126355,False,False,False,True,False,False,0
-0.5878738165255575,0.1998660291708067,1.3867528138540912,-1.2184705569895626,0.8084361535388619,1,0,-1.6424178969480534,0,1.4165182832801098,-1.057031076916617,True,False,False,True,False,False,0
-1.6152691898713996,0.3900109017319265,-0.6953934861551795,-1.2184705569895626,0.8084361535388619,0,1,1.722571150737585,0,-1.4321861577055308,-0.5013236632949744,False,False,True,False,False,True,0
1.4772946612100235,-0.5607134610736721,1.0397284305192127,-1.2184705569895626,0.8084361535388619,0,0,-0.1580669100390306,0,-0.7200100474591208,-0.3146059723181024,True,False,True,False,True,False,0
1.7886265925269456,2.006242318501444,1.0397284305192127,0.931007502088778,2.533559980775697,0,0,0.9147974019547864,1,0.7043421730336995,-1.6127384905382594,True,True,False,True,False,False,0
-0.8473170926229924,-0.9410032061959116,-1.736466636159815,-1.2184705569895626,-0.9166876736979732,1,0,-1.1012518722271156,0,-1.4321861577055308,-0.9547809128102346,False,False,False,False,False,True,0
-0.6086292786133524,0.5801557742930463,0.3456796638494558,0.050556466164557,-0.9166876736979732,1,0,-0.7838608138040749,0,-0.7200100474591208,-1.5638362381395547,False,False,True,True,False,False,0
0.2112114738545417,-0.4656410247931123,1.3867528138540912,-1.2184705569895626,0.8084361535388619,1,0,1.0670109196764297,0,-0.0078339372127105,-1.634966787083125,True,False,False,True,False,False,0
0.0451677771521834,-1.511437823879271,-0.348369102820301,1.4001208478137293,-0.9166876736979732,0,1,-1.3795656936721412,0,0.7043421730336995,-0.4124104771155115,False,True,False,False,False,False,0
0.7612312191811036,0.009721156609687,-0.348369102820301,1.3537341293224188,0.8084361535388619,1,0,-0.7439363243820815,0,-1.4321861577055308,-0.1590078965040425,True,False,False,True,False,False,0
0.4083883636885922,-0.8459307699153518,1.3867528138540912,-1.2184705569895626,-0.9166876736979732,1,0,-0.8838908486048508,0,-1.4321861577055308,0.8101458328521021,True,False,False,True,False,False,0
0.4706547499519766,-1.321292951318151,-1.3894422528249364,-1.2184705569895626,0.8084361535388619,0,0,-0.21955834690785,0,-0.7200100474591208,1.0857767100084368,False,False,False,False,True,False,0
-0.7642952442718132,-0.6557858973542321,-0.348369102820301,-1.2184705569895626,0.8084361535388619,1,1,0.7196605419168884,0,0.7043421730336995,-0.7680632218333627,True,False,False,False,False,False,0
-0.2765418852086357,0.4850833380124864,0.6927040471843343,-1.2184705569895626,-0.9166876736979732,1,0,-1.6628522766911908,0,-0.0078339372127105,0.8634937445597797,False,False,False,False,False,True,0
0.6159429845665401,-0.4656410247931123,1.0397284305192127,-1.2184705569895626,0.8084361535388619,0,0,-0.9070817110581936,0,0.7043421730336995,0.7078956687457197,True,False,False,False,True,False,0
0.532921136215361,-1.7966551327209506,-0.6953934861551795,1.4275212546542102,-0.9166876736979732,1,1,-1.0224146237281957,0,1.4165182832801098,0.6412107791111227,True,False,True,True,False,False,0
0.0140345840204912,-0.0853512796708728,-0.0013447194854226,0.6110767109203165,0.8084361535388619,1,1,-0.1896270201105415,0,-1.4321861577055308,0.3833625391906806,False,True,False,False,True,False,0
-1.1482712928960168,0.009721156609687,0.6927040471843343,-1.2184705569895626,0.8084361535388619,1,0,-1.4015094102644834,0,1.4165182832801098,0.7745805583803169,True,False,False,False,True,False,0
0.8131198744005905,1.2456628282569653,0.6927040471843343,-1.2184705569895626,0.8084361535388619,0,1,0.381942553373197,0,1.4165182832801098,0.8590480852508066,False,False,True,False,False,True,0
1.186718191980897,-1.1311480787570314,0.6927040471843343,1.3238611453770934,0.8084361535388619,0,1,-0.918920990335897,0,-0.0078339372127105,0.4633844067521971,False,False,False,True,False,False,0
-1.656780114046989,0.5801557742930463,1.3867528138540912,1.5081215363379048,0.8084361535388619,0,0,1.118145812511183,0,-1.4321861577055308,-0.0567577323976603,True,True,False,True,False,False,0
0.6055652535226427,-0.8459307699153518,1.7337771971889695,0.9195905458228232,0.8084361535388619,1,0,0.9590913354912092,0,-1.4321861577055308,-0.6346934425641685,False,True,False,False,True,False,0
-0.7954284374035054,-0.8459307699153518,-1.042417869490058,-1.2184705569895626,0.8084361535388619,1,1,-0.316583965079867,0,-1.4321861577055308,1.4547664326532073,True,False,True,False,True,False,0
0.1489450875911573,0.770300646854166,-1.042417869490058,-1.2184705569895626,-0.9166876736979732,1,0,-1.1368156108698322,1,0.7043421730336995,-1.123715966551214,True,False,False,True,False,False,0
-0.8784502857546845,-0.9410032061959116,1.0397284305192127,-1.2184705569895626,0.8084361535388619,1,0,0.9683406963602328,0,-0.0078339372127105,1.3658532464737445,True,False,True,True,False,False,0
-0.4218301198231992,0.9604455194152858,1.3867528138540912,0.6306149213783986,0.8084361535388619,1,1,0.6646145175969538,1,0.7043421730336995,1.7081690132646763,False,True,False,False,False,True,0
0.5640543293470531,-1.7966551327209506,1.0397284305192127,-1.2184705569895626,0.8084361535388619,1,1,-1.5311254725903043,0,0.7043421730336995,-1.123715966551214,True,False,True,False,True,False,0
-1.6879133071786812,0.770300646854166,1.0397284305192127,0.4449812678501941,0.8084361535388619,1,1,0.1250826660180131,0,0.7043421730336995,1.539233959523697,False,False,False,False,False,False,0
0.086678701327773,-0.0853512796708728,-0.0013447194854226,0.5518770379906016,0.8084361535388619,1,0,1.6599975675089624,0,-1.4321861577055308,-0.5991281680923835,False,False,False,False,False,True,0
-1.3869591069056568,0.6752282105736062,-0.348369102820301,0.600793012489503,-0.9166876736979732,0,0,-0.133944643657432,1,-0.7200100474591208,0.5656345708585793,True,True,False,False,False,True,0
-0.3388082714720201,-0.4656410247931123,-1.3894422528249364,-1.2184705569895626,-0.9166876736979732,1,0,0.6865664059243396,0,1.4165182832801098,-0.3679538840257801,True,False,True,True,False,False,0
-0.8161838994913002,-0.0853512796708728,-0.348369102820301,-1.2184705569895626,0.8084361535388619,1,1,1.670618041198263,0,1.4165182832801098,-0.3279429502450218,True,False,True,False,True,False,0
1.7574933993952533,-0.1804237159514327,-0.0013447194854226,0.4859557915687885,0.8084361535388619,0,1,0.4691221001513121,0,1.4165182832801098,0.8501567666328603,False,True,False,True,False,False,0
0.5017879430836688,-0.1804237159514327,-0.6953934861551795,0.0241176793520304,0.8084361535388619,1,1,1.3029948058627208,0,-1.4321861577055308,-0.968117890737154,True,False,False,False,False,True,0
0.3772551705569,-0.0853512796708728,0.6927040471843343,0.7595944891937452,-0.9166876736979732,1,1,0.9950866112909036,0,0.7043421730336995,1.16135291826098,False,False,False,False,True,False,0
-0.3906969266915071,0.009721156609687,0.3456796638494558,-1.2184705569895626,0.8084361535388619,1,1,1.10557820561439,0,-0.7200100474591208,-1.5727275567575012,False,False,True,False,False,True,0
-0.7539175132279158,1.0555179556958456,-0.0013447194854226,0.6663594553845187,-0.9166876736979732,0,1,1.5946243826277775,1,-1.4321861577055308,-0.270149379228371,False,True,False,False,False,True,0
0.5536765983031557,0.2949384654513666,1.0397284305192127,1.450335953998748,0.8084361535388619,1,1,-0.7844479616602855,0,0.7043421730336995,-1.4393577774883068,True,True,False,True,False,False,0
1.062185419454128,-0.6557858973542321,0.6927040471843343,-1.2184705569895626,0.8084361535388619,1,0,-0.1896979577253872,0,-1.4321861577055308,0.8590480852508066,False,False,True,False,False,True,0
-0.0378540711989956,0.4850833380124864,-1.042417869490058,-1.2184705569895626,0.8084361535388619,1,1,-0.7263987377785129,0,1.4165182832801098,0.4500474288252776,False,False,False,False,False,False,0
-0.5671183544377627,-1.8917275690015103,-1.042417869490058,-1.2184705569895626,0.8084361535388619,1,1,-0.1633399394092275,0,-0.0078339372127105,-1.4971513485049577,True,False,False,True,False,False,0
0.7612312191811036,-0.6557858973542321,-1.736466636159815,-1.2184705569895626,0.8084361535388619,1,1,0.6623260840513678,0,-0.7200100474591208,0.9612982493571888,False,False,True,False,True,False,0
-1.6152691898713996,-0.9410032061959116,-1.042417869490058,-1.2184705569895626,0.8084361535388619,1,0,-0.783125183783457,0,-1.4321861577055308,-0.999237505899966,True,False,True,False,False,False,0
1.1140740746736149,-0.7508583336347919,-1.3894422528249364,0.5403142216105167,-0.9166876736979732,1,1,-1.0157073679245128,0,1.4165182832801098,-1.3682272285447366,False,False,False,False,False,True,0
0.3564997084691052,0.1998660291708067,-0.348369102820301,0.8558133310017981,0.8084361535388619,1,0,1.5155701484834467,0,0.7043421730336995,-1.706097336026695,False,False,False,False,False,False,0
1.6537160889562794,0.6752282105736062,1.3867528138540912,1.667129875026182,-0.9166876736979732,1,0,-1.5120604670004136,1,-0.0078339372127105,-1.1859551968768378,True,False,False,False,True,False,0
-0.5774960854816601,-0.2754961522319926,-1.042417869490058,-1.2184705569895626,0.8084361535388619,0,1,0.4368689574014313,0,0.7043421730336995,1.1569072589520069,True,False,True,False,False,True,0
0.1697005496789521,1.6259525733792048,1.3867528138540912,0.5586498466490243,-0.9166876736979732,1,0,0.5905443463623459,1,-1.4321861577055308,-1.634966787083125,True,True,False,False,False,True,0
-0.8161838994913002,-0.7508583336347919,-1.042417869490058,-1.2184705569895626,0.8084361535388619,1,1,-0.1473329013926363,0,-0.0078339372127105,0.0988403434163995,True,False,False,False,True,False,0
-0.3076750783403279,0.2949384654513666,1.3867528138540912,-1.2184705569895626,0.8084361535388619,1,0,0.3250571932016626,0,1.4165182832801098,1.2324834672045504,True,False,True,False,False,True,0
0.2838555911618235,-0.6557858973542321,-1.736466636159815,0.1958609989599618,-0.9166876736979732,0,0,1.0284827537466563,0,1.4165182832801098,0.1521882551240772,False,True,False,False,False,False,0
-0.5567406233938653,2.386532063623684,-1.3894422528249364,-1.2184705569895626,0.8084361535388619,1,0,1.6552807377218324,1,-1.4321861577055308,1.032428798300759,True,False,False,False,True,False,0
-0.5463628923499679,2.1013147547820044,-1.3894422528249364,0.7787076078812282,-0.9166876736979732,0,1,-0.1745913753639083,1,-0.0078339372127105,1.3658532464737445,True,True,False,False,True,False,0
1.4772946612100235,-0.8459307699153518,-1.3894422528249364,1.2627611281064215,-0.9166876736979732,0,1,0.97951563096557,0,0.7043421730336995,-0.7369436066705508,False,False,True,False,True,False,0
-0.2661641541647383,1.2456628282569653,-1.736466636159815,-1.2184705569895626,0.8084361535388619,1,0,-1.1870197952431418,1,-0.0078339372127105,1.565907915377536,False,False,False,False,False,True,0
2.058447599668278,-0.7508583336347919,-1.3894422528249364,0.864392019163267,0.8084361535388619,1,1,-1.6685132026758993,0,-0.0078339372127105,0.5434062743137136,False,True,False,True,False,False,0
-0.7642952442718132,0.5801557742930463,-1.3894422528249364,1.1607770492076972,-0.9166876736979732,1,0,0.7470330724453638,1,0.7043421730336995,-0.5724542122385445,True,False,False,False,False,True,0
-0.4633410439987888,-0.6557858973542321,0.3456796638494558,-1.2184705569895626,0.8084361535388619,0,0,1.6626998038078151,0,-0.7200100474591208,1.5347883002147238,False,False,False,False,False,True,0
0.7300980260494114,-0.1804237159514327,1.3867528138540912,-1.2184705569895626,0.8084361535388619,1,0,-1.191149303307358,0,0.7043421730336995,-1.0125744838268855,True,False,True,True,False,False,0
-0.1727645747696618,-0.6557858973542321,1.0397284305192127,-1.2184705569895626,0.8084361535388619,1,1,-1.4094210407202157,1,-0.0078339372127105,-0.5146606412218937,False,False,True,True,False,False,0
-0.0689872643306878,-0.6557858973542321,-0.348369102820301,-1.2184705569895626,0.8084361535388619,0,1,-0.0487384839589705,0,-0.0078339372127105,0.9479612714302692,True,False,False,False,True,False,0
2.058447599668278,0.009721156609687,-0.6953934861551795,0.775682011199868,0.8084361535388619,1,1,0.3468437342944447,0,-0.7200100474591208,-1.6171841498472326,True,True,False,False,False,False,0
0.532921136215361,-0.2754961522319926,-1.042417869490058,-1.2184705569895626,0.8084361535388619,1,0,0.1453466563921584,0,-0.7200100474591208,-0.7725088811423358,True,False,False,False,False,True,0
0.034790046108286,-0.1804237159514327,-0.348369102820301,0.5245299477450772,-0.9166876736979732,1,0,-0.3629677763869892,1,-1.4321861577055308,-0.0256381172348483,False,True,False,True,False,False,0
-1.469980955256836,-1.606510260159831,-0.6953934861551795,1.2926024102925833,-0.9166876736979732,0,0,-0.9746419651970843,0,-0.7200100474591208,0.9524069307392424,False,False,False,False,False,False,0
-0.4529633129548914,-0.3705685885125524,0.3456796638494558,-1.2184705569895626,0.8084361535388619,1,1,0.7481830268193572,0,0.7043421730336995,-1.5727275567575012,False,False,True,False,False,False,0
-0.1935200368574565,-0.6557858973542321,-0.0013447194854226,1.396766385408523,0.8084361535388619,1,1,-0.4523331753558889,0,-0.7200100474591208,-0.3546169060988607,True,False,True,False,True,False,0
0.086678701327773,0.6752282105736062,-0.0013447194854226,0.5270419118840336,0.8084361535388619,1,1,-1.1605729310417223,0,-0.0078339372127105,-0.016746798616902,True,True,False,False,False,True,0
-0.7746729753157106,-0.2754961522319926,-0.6953934861551795,0.7203397058548136,0.8084361535388619,0,1,0.7537498909177139,0,0.7043421730336995,0.4233734729714388,True,False,False,False,True,False,0
0.6885871018738219,-1.1311480787570314,-1.042417869490058,-1.2184705569895626,0.8084361535388619,0,0,-1.2901265752211468,0,-1.4321861577055308,-0.3057146537001561,True,False,False,False,True,False,0
-2.756819604700113,1.3407352645375252,-1.3894422528249364,0.8942606801414338,-0.9166876736979732,1,1,-0.6592441146578453,1,1.4165182832801098,0.3077863309381372,False,False,True,True,False,False,0
-1.7398019623981682,-0.3705685885125524,0.6927040471843343,0.9248919445483624,-0.9166876736979732,1,1,-1.2717512988422683,0,-0.7200100474591208,-0.8525307487038524,False,False,True,False,False,True,0
-0.2661641541647383,-0.4656410247931123,0.6927040471843343,0.5910066153918275,0.8084361535388619,1,1,-0.7612755290774664,0,1.4165182832801098,0.2544384192304595,True,False,False,False,False,True,0
-1.0029830582814532,1.530880137098645,-0.348369102820301,1.1319236450722303,-0.9166876736979732,1,1,-0.4569481192550295,0,-0.7200100474591208,-0.3101603130091293,True,False,False,False,False,False,0
0.034790046108286,-0.6557858973542321,-1.042417869490058,-1.2184705569895626,-0.9166876736979732,1,1,-0.5108860910764066,0,-0.7200100474591208,-0.4479757515872966,False,False,False,False,False,False,0
-0.8473170926229924,-0.3705685885125524,0.3456796638494558,0.1531683359606521,-0.9166876736979732,1,0,0.0885689197098139,0,1.4165182832801098,-0.7058239915077388,True,True,False,False,False,True,0
-0.6293847407011471,-0.7508583336347919,0.6927040471843343,-1.2184705569895626,0.8084361535388619,0,1,-0.8980707214390562,0,0.7043421730336995,-0.8925416824846106,False,False,False,False,True,False,0
-1.127515830808222,-0.2754961522319926,-0.6953934861551795,-1.2184705569895626,0.8084361535388619,0,0,-1.2937716906506571,0,-0.7200100474591208,-1.5638362381395547,False,False,False,False,False,False,0
0.4602770189080792,-0.9410032061959116,1.0397284305192127,-1.2184705569895626,0.8084361535388619,1,0,1.5775760569266006,0,1.4165182832801098,1.3969728616365564,True,False,False,True,False,False,0
-0.1208759195501748,0.5801557742930463,1.0397284305192127,0.712313717050071,-0.9166876736979732,0,0,1.646389889994505,0,1.4165182832801098,1.4725490698891,True,True,False,True,False,False,0
0.8442530675322827,-0.8459307699153518,-1.3894422528249364,0.4218987046517158,-0.9166876736979732,1,0,-1.371362141021983,0,1.4165182832801098,1.5258969815967776,False,True,False,False,True,False,0
0.719720295005514,2.7668218087459238,-0.348369102820301,0.9674456321590166,-0.9166876736979732,0,0,1.3034412955561618,0,0.7043421730336995,-0.745834925288497,True,True,False,False,False,True,0
0.2112114738545417,0.770300646854166,-1.3894422528249364,-1.2184705569895626,-0.9166876736979732,0,0,-0.1539827811843114,0,-0.0078339372127105,0.4589387474432239,True,False,False,False,False,True,0
0.429143825776387,-0.0853512796708728,0.6927040471843343,1.957129402247624,0.8084361535388619,1,1,-1.497915715240225,0,1.4165182832801098,1.7081690132646763,True,False,False,False,False,False,0
1.61220516478069,0.2949384654513666,0.6927040471843343,0.6752245801477208,-0.9166876736979732,1,1,-1.29609924420443,0,-0.0078339372127105,1.2991683568391474,True,False,False,False,False,False,0
0.1489450875911573,-1.7015826964403906,-1.3894422528249364,0.7321071426804071,0.8084361535388619,1,1,-0.0106576770561532,0,-0.7200100474591208,-0.4035191584975652,False,True,False,False,False,False,0
-1.677535576134784,0.1047935928902469,0.3456796638494558,1.2810223020438636,-0.9166876736979732,0,0,1.5727606447188398,0,-0.0078339372127105,0.6767760535829078,True,False,True,False,False,True,0
0.481032480995874,1.1505903919764056,-1.042417869490058,0.5590531634739355,-0.9166876736979732,1,0,-0.2437786741099708,0,0.7043421730336995,0.6412107791111227,False,True,False,False,False,False,0
-1.6879133071786812,1.2456628282569653,-1.3894422528249364,0.8860380763859207,-0.9166876736979732,1,0,-1.0986842087564264,1,0.7043421730336995,1.6592667608659717,False,True,False,True,False,False,0
1.8405152477464324,-0.0853512796708728,1.3867528138540912,-1.2184705569895626,0.8084361535388619,1,0,-1.2153527654392826,0,1.4165182832801098,-0.2923776757732367,True,False,False,False,False,True,0
0.7404757570933088,0.2949384654513666,-1.042417869490058,0.3681501331991446,-0.9166876736979732,1,1,-1.4416811381382186,0,-0.0078339372127105,-0.4524214108962698,True,False,False,False,False,False,0
0.8961417227517697,0.009721156609687,-1.3894422528249364,0.2935344391619481,0.8084361535388619,0,1,1.547406185012703,0,1.4165182832801098,-0.5902368494744371,False,False,False,False,False,True,0
-0.5671183544377627,2.1013147547820044,-0.0013447194854226,-1.2184705569895626,0.8084361535388619,1,1,-0.3326438585741865,0,-1.4321861577055308,-0.176790533739935,True,False,False,True,False,False,0
-0.2765418852086357,0.009721156609687,-0.6953934861551795,0.8755574427845472,-0.9166876736979732,0,1,0.3631167883667077,0,-0.7200100474591208,0.1921991889048355,False,False,False,False,False,False,0
0.1904560117667469,0.009721156609687,1.0397284305192127,0.4135057439681733,-0.9166876736979732,0,0,-0.1951784100723267,0,1.4165182832801098,-1.408238162325495,False,False,False,False,False,False,0
0.3357442463813104,-1.226220515037591,-1.042417869490058,0.6073488722405203,-0.9166876736979732,0,0,-0.0616548674620885,0,0.7043421730336995,-0.9947918465909928,False,True,False,False,True,False,0
-1.6464023830030916,-0.1804237159514327,1.0397284305192127,1.070900160331256,0.8084361535388619,1,0,1.0155502006401542,0,0.7043421730336995,0.2366557819945669,False,False,False,False,False,False,0
-0.152009112681867,-1.606510260159831,-0.0013447194854226,0.3634152032812813,-0.9166876736979732,1,0,0.3900570862713923,0,-0.7200100474591208,-0.7858458590692553,False,False,True,False,False,True,0
-0.1416313816379696,1.0555179556958456,-1.3894422528249364,0.4249851430930861,-0.9166876736979732,1,0,1.181053741409777,1,-0.7200100474591208,0.2499927599214863,True,True,False,False,False,False,0
-0.5463628923499679,0.1998660291708067,-1.3894422528249364,-1.2184705569895626,0.8084361535388619,1,0,-0.0758314368289358,0,-0.7200100474591208,-0.6613673984180074,False,False,False,False,False,True,0
-0.7227843200962236,-0.9410032061959116,-1.736466636159815,-1.2184705569895626,-0.9166876736979732,1,0,0.7317190671071423,0,-0.7200100474591208,-1.1326072851691602,True,False,False,True,False,False,0
-0.4218301198231992,0.1047935928902469,-1.042417869490058,0.7969814305003567,-0.9166876736979732,1,0,-0.1256684147253975,0,0.7043421730336995,-1.2793140423652738,False,False,False,False,True,False,0
0.1489450875911573,-0.6557858973542321,1.7337771971889695,0.5833512809934643,0.8084361535388619,1,1,-1.1489242096705652,0,-0.0078339372127105,-1.448249096106253,False,False,False,False,False,True,0
-0.2661641541647383,0.770300646854166,-1.042417869490058,0.4324033547373037,-0.9166876736979732,0,1,1.148287865752592,1,-0.0078339372127105,-1.4571404147241995,False,True,False,True,False,False,0
-0.3284305404281227,0.2949384654513666,1.3867528138540912,0.7267053550508509,-0.9166876736979732,1,1,-1.2367929640595827,0,0.7043421730336995,0.9835265459020543,True,False,True,False,True,False,0
-2.497376328602678,-0.3705685885125524,-1.042417869490058,-1.2184705569895626,0.8084361535388619,1,1,-0.1148478204608826,0,-0.0078339372127105,0.1432969365061309,False,False,False,False,True,False,0
-0.3076750783403279,0.009721156609687,1.3867528138540912,-1.2184705569895626,0.8084361535388619,0,1,0.0074948760761144,0,-0.7200100474591208,0.9212873155764304,True,False,True,False,True,False,0
-0.10012045746238,0.009721156609687,1.0397284305192127,0.8351634775443679,-0.9166876736979732,1,0,-0.6717953780845515,1,-1.4321861577055308,-1.4526947554152263,False,True,False,True,False,False,0
-1.4077145689934516,-0.1804237159514327,1.0397284305192127,-1.2184705569895626,-0.9166876736979732,1,0,0.0243985446803511,0,-0.0078339372127105,0.4278191322804119,True,False,False,False,True,False,0
-0.0586095332867904,-0.6557858973542321,-1.3894422528249364,-1.2184705569895626,0.8084361535388619,1,0,1.440623515198748,0,-0.0078339372127105,-1.3326619540729516,True,False,True,False,False,False,0
-0.5048519681743784,-0.4656410247931123,1.3867528138540912,-1.2184705569895626,0.8084361535388619,1,0,1.1733404928622284,0,-0.0078339372127105,1.285831378912228,False,False,False,False,False,False,0
-1.2105376791594011,1.8160974459403243,-1.3894422528249364,-1.2184705569895626,0.8084361535388619,1,1,-1.541351094996971,1,0.7043421730336995,1.4236468174903951,True,False,True,False,True,False,0
0.034790046108286,-1.1311480787570314,1.3867528138540912,-1.2184705569895626,0.8084361535388619,0,0,0.1317346322101248,0,-0.7200100474591208,0.5478519336226867,False,False,True,False,False,False,0
-0.1416313816379696,-0.2754961522319926,0.3456796638494558,1.798883506878214,-0.9166876736979732,0,0,-0.9284462776626656,1,-0.7200100474591208,0.1566339144330504,True,False,False,False,False,False,0
-1.023738520369248,0.4850833380124864,-0.348369102820301,-1.2184705569895626,-0.9166876736979732,1,0,-1.558575721535044,0,-1.4321861577055308,0.7701348990713438,True,False,True,True,False,False,0
-0.992605327237556,1.2456628282569653,1.3867528138540912,-1.2184705569895626,-0.9166876736979732,1,0,1.2990956711800503,1,-1.4321861577055308,-0.1634535558130156,False,False,False,False,False,False,0
0.0659232392399782,-0.2754961522319926,-1.3894422528249364,-1.2184705569895626,0.8084361535388619,0,1,-0.2695606720389152,0,-1.4321861577055308,-1.0348027803717512,True,False,True,False,False,True,0
-0.3076750783403279,-0.1804237159514327,-0.348369102820301,-1.2184705569895626,0.8084361535388619,1,0,-1.668629867233648,0,-0.0078339372127105,1.223592148586604,True,False,True,False,True,False,0
-0.8473170926229924,-0.8459307699153518,-1.042417869490058,0.8854784923037194,-0.9166876736979732,1,1,-0.9124322849779524,0,-1.4321861577055308,0.1299599585792115,True,False,False,True,False,False,0
1.5188055853856133,1.8160974459403243,1.3867528138540912,-1.2184705569895626,0.8084361535388619,0,0,0.3240922329997174,1,-0.0078339372127105,-0.9192156383384495,False,False,True,False,False,False,0
1.0725631504980253,-0.9410032061959116,-0.6953934861551795,-1.2184705569895626,2.533559980775697,1,0,-1.6638582694350563,0,-1.4321861577055308,-1.2393031085845156,False,False,False,False,False,True,0
0.2942333222057209,-1.416365387598711,1.7337771971889695,-1.2184705569895626,2.533559980775697,1,0,0.9482749140275678,1,-0.0078339372127105,-0.7680632218333627,False,False,False,False,False,True,0
0.6055652535226427,-0.2754961522319926,1.0397284305192127,-1.2184705569895626,0.8084361535388619,0,0,-0.2994871305685382,0,-0.0078339372127105,0.1299599585792115,False,False,True,False,False,True,0
0.4602770189080792,-0.2754961522319926,-0.6953934861551795,-1.2184705569895626,2.533559980775697,1,0,-0.61533842546934,0,-1.4321861577055308,-1.1459442630960797,False,False,True,False,True,False,0
-0.1416313816379696,-0.4656410247931123,-0.0013447194854226,0.9190183130589354,-0.9166876736979732,0,1,0.9599484983372616,0,-1.4321861577055308,-1.1192703072422407,True,False,False,True,False,False,0
-0.1208759195501748,3.3372564264292826,-1.042417869490058,0.6516170166043103,-0.9166876736979732,1,1,-1.1527511896714686,0,-1.4321861577055308,1.512560003669858,False,True,False,False,True,False,0
0.4083883636885922,-0.1804237159514327,0.6927040471843343,0.7519639718290703,-0.9166876736979732,1,1,-0.0394477428146206,1,1.4165182832801098,1.5614622560685627,False,True,False,False,False,True,0
-1.314314989598375,2.006242318501444,0.6927040471843343,-1.2184705569895626,0.8084361535388619,0,1,1.1754016826269238,0,-1.4321861577055308,1.2813857196032548,False,False,True,True,False,False,0
-0.785050706359608,0.1998660291708067,-1.3894422528249364,-1.2184705569895626,-0.9166876736979732,1,1,1.527302673605476,0,-0.0078339372127105,1.7437342877364614,True,False,False,False,False,False,0
0.2527223980301313,-0.4656410247931123,1.0397284305192127,0.1089868110499296,-0.9166876736979732,1,0,-0.1497672091020838,1,-1.4321861577055308,-0.4657583888231892,False,False,False,True,False,False,0
1.7574933993952533,-1.0360756424764714,-1.042417869490058,-1.2184705569895626,0.8084361535388619,1,0,-0.9451180080850294,0,-0.7200100474591208,-0.2790406978463173,True,False,False,False,False,False,0
0.3046110532496183,0.3900109017319265,1.0397284305192127,1.2488277246244568,-0.9166876736979732,0,0,0.2473865902802291,0,1.4165182832801098,-1.354890250617817,False,False,False,False,False,False,0
-1.6464023830030916,-0.2754961522319926,-1.042417869490058,-1.2184705569895626,0.8084361535388619,0,1,-0.0114924110975114,0,-0.7200100474591208,-1.6794233801728564,False,False,False,False,True,False,0
1.2697400403320758,1.2456628282569653,-1.042417869490058,-0.3125538821931921,-0.9166876736979732,1,0,0.2231577436096589,1,1.4165182832801098,1.508114344360885,False,False,False,False,True,False,0
-0.2869196162525331,0.1047935928902469,-0.6953934861551795,1.18256928676427,0.8084361535388619,1,0,0.0726688097156003,0,-0.7200100474591208,-0.1367795999591768,False,True,False,False,True,False,0
0.429143825776387,-1.0360756424764714,-1.3894422528249364,1.105025502971625,-0.9166876736979732,0,1,-0.3944845936494397,0,1.4165182832801098,1.4992230257429386,True,False,True,True,False,False,0
-0.8680725547107871,-1.1311480787570314,-0.0013447194854226,0.8119786041231352,0.8084361535388619,0,1,0.3167300213256334,0,-1.4321861577055308,1.476994729198073,True,False,True,False,False,False,0
0.0036568529765938,0.6752282105736062,1.7337771971889695,0.7198806707865244,2.533559980775697,1,0,0.8875994335961767,1,1.4165182832801098,0.3389059461009491,True,True,False,False,False,True,0
0.8131198744005905,-0.1804237159514327,-1.3894422528249364,-1.2184705569895626,0.8084361535388619,1,1,0.416121095992689,0,-0.7200100474591208,-0.7991828369961748,False,False,False,False,False,True,0
-1.9058456591005264,-0.6557858973542321,1.0397284305192127,0.9854336586159912,-0.9166876736979732,0,0,1.7088141217252049,0,0.7043421730336995,1.4325381361083416,False,False,False,False,True,False,0
0.7508534881372062,-0.8459307699153518,1.3867528138540912,1.0627090982250114,-0.9166876736979732,1,1,0.1289560684286319,0,-0.0078339372127105,-0.9236612976474228,False,False,False,False,False,True,0
1.1036963436297176,-0.6557858973542321,-1.042417869490058,0.1325191229428008,-0.9166876736979732,1,1,-0.4352728528522015,0,-0.0078339372127105,1.1569072589520069,False,False,False,False,True,False,0
2.058447599668278,0.009721156609687,1.0397284305192127,-1.2184705569895626,0.8084361535388619,1,1,-1.1012864717010231,0,-0.0078339372127105,1.725951650500569,True,False,True,False,False,False,0
0.5536765983031557,-0.7508583336347919,-0.6953934861551795,0.6995606437123084,-0.9166876736979732,0,0,1.4273960841638678,0,1.4165182832801098,0.3477972647188954,False,False,False,True,False,False,0
0.481032480995874,-0.5607134610736721,-0.0013447194854226,0.953559941425692,0.8084361535388619,0,1,-1.054958645472284,0,-1.4321861577055308,1.31695099407504,True,False,False,False,False,True,0
1.3216286955515628,-0.1804237159514327,0.6927040471843343,0.7043295169278618,0.8084361535388619,1,0,0.6171299561928019,0,-1.4321861577055308,-0.6258021239462223,True,True,False,True,False,False,0
-0.6086292786133524,-0.7508583336347919,1.3867528138540912,-1.2184705569895626,0.8084361535388619,0,1,-1.3898752936963827,0,-0.7200100474591208,-0.1723448744309619,True,False,False,False,False,False,0
-0.6086292786133524,0.8653730831347259,-0.6953934861551795,0.9254508881909844,0.8084361535388619,1,1,-0.252609190091339,1,1.4165182832801098,-0.0612033917066334,False,True,False,False,True,False,0
0.2215892048984391,-0.1804237159514327,-0.348369102820301,-1.2184705569895626,0.8084361535388619,0,0,1.0976514487554925,0,-0.0078339372127105,-1.21707481203965,True,False,False,False,False,False,0
1.5291833164295108,-1.0360756424764714,0.6927040471843343,1.4659052002755186,0.8084361535388619,1,1,0.1861583875998323,0,1.4165182832801098,1.4725490698891,True,True,False,False,False,False,0
0.4706547499519766,-1.511437823879271,1.7337771971889695,-1.2184705569895626,0.8084361535388619,1,1,-0.3598529544017915,0,-0.0078339372127105,1.605918849158294,False,False,False,False,False,True,0
-1.1171380997643243,0.1047935928902469,1.0397284305192127,-1.2184705569895626,0.8084361535388619,1,0,-0.6754737020543448,0,1.4165182832801098,-0.8836503638666644,True,False,False,False,False,False,0
-0.0586095332867904,1.0555179556958456,0.3456796638494558,1.1078511223944247,0.8084361535388619,1,1,-1.2625600094520646,0,-0.0078339372127105,-0.2034644895937739,True,True,False,True,False,False,0
-1.677535576134784,-0.5607134610736721,-0.0013447194854226,0.3240441801587509,0.8084361535388619,0,0,0.1370426087876353,0,-1.4321861577055308,0.4456017695163045,True,True,False,False,False,False,0
-0.2765418852086357,1.6259525733792048,-1.736466636159815,1.1592772998234402,-0.9166876736979732,1,0,-0.9320508821503642,1,-0.0078339372127105,-0.8747590452487181,True,True,False,False,True,False,0
0.7093425639616167,-0.5607134610736721,0.3456796638494558,0.3376154150587586,-0.9166876736979732,0,0,-0.1486560270028711,0,0.7043421730336995,-0.0078554799989557,True,False,True,False,False,True,0
-0.152009112681867,0.9604455194152858,-1.042417869490058,0.513990874032115,-0.9166876736979732,1,0,1.19283946974294,1,-0.0078339372127105,0.303340671629164,True,True,False,False,False,False,0
1.37351735077105,-0.0853512796708728,-0.0013447194854226,0.9704384063119502,-0.9166876736979732,0,1,1.2081932905561603,0,0.7043421730336995,0.4456017695163045,True,False,False,True,False,False,0
-0.2454086920769435,2.1013147547820044,-1.3894422528249364,0.3403859566777594,-0.9166876736979732,1,1,0.8604852689884391,1,1.4165182832801098,0.2233188040676475,False,True,False,True,False,False,0
1.9650480202732008,-1.1311480787570314,1.0397284305192127,-1.2184705569895626,-0.9166876736979732,1,0,1.242997927173347,0,-0.0078339372127105,0.3966995171176,True,False,False,False,False,True,0
-0.6293847407011471,0.2949384654513666,1.7337771971889695,-1.2184705569895626,0.8084361535388619,0,0,1.228680004176917,0,1.4165182832801098,-1.541607941594689,False,False,False,True,False,False,0
0.958408109015154,-0.8459307699153518,-1.3894422528249364,0.831978731627612,-0.9166876736979732,1,0,0.3667577309953442,0,-0.7200100474591208,0.0010358386189905,True,False,True,False,True,False,0
-0.3699414646037122,3.052039117587603,-0.348369102820301,-1.2184705569895626,0.8084361535388619,1,1,1.2721494618074618,0,1.4165182832801098,1.5436796188326702,True,False,True,True,False,False,0
-0.3906969266915071,-1.1311480787570314,1.3867528138540912,0.4853320034187871,0.8084361535388619,0,0,-0.3986846915950956,0,-0.7200100474591208,0.970189567975135,False,False,False,False,False,True,0
-1.366203644817862,0.9604455194152858,-0.0013447194854226,0.7220235816180491,-0.9166876736979732,1,0,-0.4842876151099243,1,0.7043421730336995,-0.4657583888231892,True,False,False,False,True,False,0
-1.0341162514131454,-0.2754961522319926,1.0397284305192127,-1.2184705569895626,0.8084361535388619,0,0,0.5583856132322226,0,0.7043421730336995,-0.4835410260590818,True,False,False,False,False,True,0
-1.4596032242129386,-0.5607134610736721,-0.6953934861551795,-1.2184705569895626,0.8084361535388619,1,0,0.5564676896308429,0,-1.4321861577055308,1.668158079483918,False,False,False,False,False,False,0
0.0659232392399782,-0.7508583336347919,-1.042417869490058,0.0156989409754309,0.8084361535388619,0,0,-1.511753766136228,0,0.7043421730336995,0.0588294096356413,True,True,False,False,True,False,0
1.7159824752196635,0.4850833380124864,1.0397284305192127,-1.2184705569895626,-0.9166876736979732,0,0,-0.6073056099215799,1,1.4165182832801098,0.3300146274830028,True,False,False,False,False,False,0
1.61220516478069,0.770300646854166,1.3867528138540912,1.4660092717071154,-0.9166876736979732,0,0,0.4348201121726526,1,0.7043421730336995,0.0677207282535876,False,False,False,False,False,True,0
1.2904955024198703,-0.1804237159514327,-1.042417869490058,0.4429773324073247,0.8084361535388619,1,0,1.6285716825322083,0,-1.4321861577055308,-1.506042667122904,False,True,False,False,False,True,0
-1.127515830808222,-0.8459307699153518,0.3456796638494558,-0.0419662387228632,-0.9166876736979732,1,1,1.3259311274627938,0,-0.0078339372127105,0.3389059461009491,True,True,False,True,False,False,0
0.2734778601179261,2.1013147547820044,1.0397284305192127,-1.2184705569895626,0.8084361535388619,1,1,1.034637808901442,0,-1.4321861577055308,0.0454924317087219,False,False,True,False,False,True,0
-0.6916511269645315,0.2949384654513666,-1.042417869490058,-1.2184705569895626,0.8084361535388619,1,1,-1.4217692278377556,0,0.7043421730336995,0.8812763817956722,True,False,False,False,False,True,0
1.1452072678053071,-0.3705685885125524,1.3867528138540912,0.7497510929735334,0.8084361535388619,0,0,0.8587406904900036,0,-0.0078339372127105,-0.4568670702052429,True,False,True,False,False,True,0
-1.9058456591005264,1.6259525733792048,1.7337771971889695,-1.2184705569895626,2.533559980775697,0,1,-0.6637260505291502,1,-0.0078339372127105,-0.2657037199193979,False,False,False,False,True,False,0
0.2423446669862339,0.9604455194152858,-1.736466636159815,-1.2184705569895626,-0.9166876736979732,1,1,-0.3465959660273922,1,0.7043421730336995,-0.7058239915077388,False,False,False,False,False,True,0
-1.376581375861759,0.009721156609687,-0.348369102820301,0.5731614069609826,-0.9166876736979732,1,1,-0.0496236393442143,0,-0.7200100474591208,-1.0214658024448318,True,False,True,False,True,False,0
-0.5048519681743784,0.2949384654513666,1.0397284305192127,0.2483141212539951,-0.9166876736979732,0,0,0.769256018962809,1,-0.0078339372127105,-0.8480850893948793,False,False,True,False,False,False,0
-0.7539175132279158,-0.3705685885125524,-1.3894422528249364,0.8547982342689928,0.8084361535388619,0,1,-1.5967997946011774,1,0.7043421730336995,-1.59940151261134,False,False,True,True,False,False,0
0.1593228186350548,0.4850833380124864,1.0397284305192127,0.7393191327801683,-0.9166876736979732,1,1,-0.1498831781930203,0,1.4165182832801098,1.5258969815967776,True,False,False,False,True,False,0
-0.3076750783403279,-0.0853512796708728,-0.348369102820301,0.3608652930972659,-0.9166876736979732,1,1,0.1743309312579365,0,-0.0078339372127105,-1.3459989319998709,False,False,False,False,False,True,0
-0.5463628923499679,-0.2754961522319926,-0.348369102820301,-1.2184705569895626,0.8084361535388619,0,0,-1.516478072191589,0,-0.0078339372127105,1.4280924767993686,True,False,True,False,False,False,0
0.1281896255033626,0.1047935928902469,0.6927040471843343,0.7926493370777205,-0.9166876736979732,1,0,0.3762856263226586,0,-0.7200100474591208,-0.6613673984180074,True,False,False,False,True,False,0
-0.9303389409741716,0.2949384654513666,-1.042417869490058,0.3864446099946981,-0.9166876736979732,0,0,-0.2370477724346728,0,1.4165182832801098,0.4544930881342508,True,False,False,False,True,False,0
-1.283181796466683,2.196387191062564,0.6927040471843343,0.9142119741280076,-0.9166876736979732,0,0,1.183621752613872,1,-1.4321861577055308,1.152461599643034,False,True,False,False,False,False,0
0.9480303779712568,2.481604499904244,-1.042417869490058,0.893947505187275,-0.9166876736979732,1,1,-0.0700964436287267,1,-0.0078339372127105,-0.9236612976474228,True,True,False,False,False,True,0
-1.9369788522322189,-1.416365387598711,0.3456796638494558,1.2793573192482104,-0.9166876736979732,1,0,1.5810930325959605,0,0.7043421730336995,1.1480159403340606,True,True,False,False,False,False,0
-0.4218301198231992,1.8160974459403243,1.0397284305192127,-1.2184705569895626,0.8084361535388619,0,1,0.1257819578976928,1,1.4165182832801098,-1.3904555250896025,True,False,False,False,True,False,0
-1.604891458827502,-1.416365387598711,0.3456796638494558,0.5710639673395709,0.8084361535388619,1,0,-0.774959012474455,0,0.7043421730336995,0.4633844067521971,True,True,False,False,False,False,0
-1.1067603687204273,-0.6557858973542321,0.3456796638494558,-1.2184705569895626,0.8084361535388619,1,1,-0.8408875276051916,0,1.4165182832801098,-1.4660317333421458,False,False,False,False,False,True,0
-0.9407166720180687,0.9604455194152858,-1.3894422528249364,0.4150557678593862,-0.9166876736979732,1,0,0.5671592748016927,1,-1.4321861577055308,1.7215059911915958,False,True,False,False,False,False,0
0.1074341634155678,-0.1804237159514327,-0.0013447194854226,-1.2184705569895626,0.8084361535388619,1,0,0.8943798872818449,0,0.7043421730336995,0.0677207282535876,False,False,False,True,False,False,0
1.591449702692895,1.6259525733792048,0.3456796638494558,1.2120343106977365,-0.9166876736979732,1,0,-0.9326244684037368,1,-0.7200100474591208,0.334460286791976,True,True,False,False,False,True,0
1.4357837370344342,0.1998660291708067,-1.042417869490058,0.8088292424931223,-0.9166876736979732,1,0,1.7002962180759262,0,0.7043421730336995,0.3966995171176,False,False,False,False,False,False,0
-1.5011141483885282,-0.4656410247931123,-0.348369102820301,-1.2184705569895626,0.8084361535388619,1,1,-0.6909968690363391,0,-0.0078339372127105,-0.9547809128102346,False,False,True,False,False,False,0
0.034790046108286,-0.8459307699153518,-1.3894422528249364,0.1132271615028661,0.8084361535388619,1,1,1.4574951923296229,0,1.4165182832801098,-1.1948465154947845,False,True,False,False,False,False,0
-0.2142754989452513,-1.511437823879271,-0.6953934861551795,-1.2184705569895626,0.8084361535388619,1,0,-1.5059994737319795,0,0.7043421730336995,-1.6571950836279907,True,False,True,True,False,False,0
0.3668774395130026,-0.4656410247931123,0.6927040471843343,0.8612799631387342,-0.9166876736979732,0,1,-1.2472001033042377,0,-0.0078339372127105,-0.5724542122385445,True,False,False,True,False,False,0
0.667831639786027,-0.9410032061959116,1.0397284305192127,-1.2184705569895626,0.8084361535388619,0,0,-0.3792792550006267,0,-1.4321861577055308,0.7923631956162095,False,False,True,False,False,False,0
0.6263207156104375,-0.9410032061959116,0.6927040471843343,0.029102220595831,-0.9166876736979732,1,0,0.3845286467144101,0,-0.0078339372127105,1.6726037387928911,False,False,True,False,False,True,0
-0.1831423058135592,0.1998660291708067,0.6927040471843343,-1.2184705569895626,0.8084361535388619,1,1,0.5364420705065833,0,0.7043421730336995,1.2769400602942818,False,False,False,False,False,True,0
-1.3246927206422725,-0.8459307699153518,-1.3894422528249364,-1.2184705569895626,0.8084361535388619,1,0,0.4586874899675754,0,-0.0078339372127105,0.4411561102073313,True,False,False,False,False,False,0
0.532921136215361,-0.7508583336347919,0.3456796638494558,-1.2184705569895626,0.8084361535388619,1,1,-0.5696586004428802,0,-0.0078339372127105,1.637038464321106,True,False,True,False,True,False,0
2.058447599668278,0.1047935928902469,1.3867528138540912,-1.2184705569895626,0.8084361535388619,0,1,0.3268874879847035,0,-0.7200100474591208,-1.6260754684651788,True,False,False,True,False,False,0
-1.013360789325351,1.1505903919764056,0.6927040471843343,0.4739216116585176,-0.9166876736979732,0,1,1.3799191728946505,1,-1.4321861577055308,1.7437342877364614,False,True,False,False,False,False,0
0.6159429845665401,0.2949384654513666,-0.6953934861551795,1.625509788211898,2.533559980775697,0,1,-1.4611509054128171,1,-1.4321861577055308,0.8057001735431288,True,False,True,False,True,False,0
0.3357442463813104,-0.2754961522319926,-0.348369102820301,-1.2184705569895626,-0.9166876736979732,1,0,0.2887520869371274,0,-1.4321861577055308,0.4945040219150091,False,False,True,False,False,True,0
0.7508534881372062,-0.7508583336347919,-0.0013447194854226,-1.2184705569895626,-0.9166876736979732,1,0,0.5991213646906625,1,-0.7200100474591208,-1.6038471719203131,True,False,False,False,False,True,0
0.5640543293470531,0.770300646854166,0.3456796638494558,0.7128052544269972,-0.9166876736979732,1,1,0.7019417862087389,0,1.4165182832801098,1.1702442368789263,False,True,False,False,False,False,0
-1.1171380997643243,2.386532063623684,1.3867528138540912,0.6040515690677452,-0.9166876736979732,1,1,0.4157187684418239,0,-0.0078339372127105,-0.1990188302848008,True,False,False,True,False,False,0
-0.0689872643306878,-0.7508583336347919,0.6927040471843343,1.3620478356080528,0.8084361535388619,1,0,-1.5270947208134225,1,-0.0078339372127105,-0.332388609553995,True,False,False,False,False,True,0
-2.020000700583398,-0.5607134610736721,0.6927040471843343,0.828334950642567,-0.9166876736979732,0,1,-0.7027365226931931,0,0.7043421730336995,0.77902621768929,False,False,False,True,False,False,0
0.2942333222057209,-0.5607134610736721,-1.042417869490058,0.5170142291749484,-0.9166876736979732,0,1,-1.0670828922762918,0,-0.0078339372127105,-0.808074155614121,True,False,False,True,False,False,0
1.1140740746736149,-0.0853512796708728,-1.3894422528249364,0.4481339917879969,-0.9166876736979732,0,0,-0.1542089817649835,0,-1.4321861577055308,1.192472533423792,False,False,False,False,True,False,0
-1.1171380997643243,-1.7015826964403906,1.7337771971889695,1.3677198887399709,0.8084361535388619,1,0,-1.5851169953562216,0,-0.7200100474591208,-0.6613673984180074,False,False,False,False,True,False,0
-0.2038977679013539,0.1047935928902469,-0.6953934861551795,1.877332071686172,0.8084361535388619,1,0,0.8477239745844446,0,0.7043421730336995,-0.6435847611821148,True,False,False,True,False,False,0
1.0829408815419228,-1.226220515037591,-0.0013447194854226,0.408904665922333,0.8084361535388619,0,1,0.9393911948350652,0,1.4165182832801098,-1.1370529444781334,False,False,False,True,False,False,0
1.3838950818149471,-0.5607134610736721,0.3456796638494558,0.8183106302412718,-0.9166876736979732,0,0,1.5914113259553546,0,-0.0078339372127105,-0.6658130577269805,False,True,False,False,False,True,0
-1.1482712928960168,0.6752282105736062,-0.348369102820301,0.7756522307594419,0.8084361535388619,1,0,-0.1031417230777178,0,1.4165182832801098,0.3700255612637611,True,False,False,True,False,False,0
-0.5671183544377627,-0.9410032061959116,-0.0013447194854226,-1.2184705569895626,0.8084361535388619,1,1,1.2934688230691402,0,-0.7200100474591208,-1.154835581714026,False,False,False,True,False,False,0
1.0414299573663333,0.2949384654513666,-0.6953934861551795,-0.1770184546268284,0.8084361535388619,0,1,0.6903897347244791,0,1.4165182832801098,-0.3190516316270755,False,True,False,False,True,False,0
0.7300980260494114,0.3900109017319265,-1.3894422528249364,-1.2184705569895626,-0.9166876736979732,1,0,-0.9714127389212776,1,1.4165182832801098,-0.7058239915077388,True,False,True,False,False,True,0
-1.1690267549838116,0.009721156609687,-0.6953934861551795,1.0095175490963253,0.8084361535388619,1,0,0.8211905247649041,0,-1.4321861577055308,-0.3857365212616727,True,False,False,False,False,True,0
-0.1104981885062774,0.2949384654513666,1.3867528138540912,0.9055080800288328,-0.9166876736979732,1,0,-1.131248051304663,0,-0.0078339372127105,-1.1370529444781334,True,False,True,True,False,False,0
1.186718191980897,0.1998660291708067,0.3456796638494558,0.3699550520428222,0.8084361535388619,1,0,-0.6611961161330234,0,0.7043421730336995,-1.701651676717722,True,False,True,True,False,False,0
1.456539199122229,0.2949384654513666,-1.736466636159815,0.3673527859232185,0.8084361535388619,1,0,-0.9262101779946986,0,-0.0078339372127105,0.6723303942739347,False,False,False,True,False,False,0
0.0036568529765938,-1.226220515037591,-0.6953934861551795,0.9910171709761052,0.8084361535388619,0,1,1.192003692501363,0,-1.4321861577055308,-0.7280522880526045,True,False,False,False,True,False,0
-0.9614721341058636,-0.7508583336347919,-1.3894422528249364,1.0099879519671426,-0.9166876736979732,0,1,0.7463970680455949,0,-1.4321861577055308,-0.3457255874809144,False,False,True,False,False,False,0
-0.1104981885062774,-0.8459307699153518,-1.042417869490058,0.1825786023101087,0.8084361535388619,0,1,-1.6196156265760344,0,-0.7200100474591208,1.2724944009853083,True,False,False,False,False,False,0
1.5188055853856133,-0.1804237159514327,-0.348369102820301,0.5703265011642868,-0.9166876736979732,1,1,-0.2947591733124132,0,0.7043421730336995,0.7612435804533975,False,False,False,False,False,True,0
0.1593228186350548,-0.2754961522319926,-1.3894422528249364,0.6130524670217073,-0.9166876736979732,1,1,-0.8174995003105865,0,1.4165182832801098,1.188026874114819,False,True,False,False,False,True,0
0.6263207156104375,-0.9410032061959116,-0.6953934861551795,0.4233060706266935,-0.9166876736979732,1,1,1.5517516355221117,0,-1.4321861577055308,-0.8525307487038524,True,False,False,False,True,False,0
-0.0067208780673035,0.1047935928902469,-1.3894422528249364,0.9391737471613338,0.8084361535388619,0,0,1.2866617677779049,1,0.7043421730336995,0.5967541860213913,True,True,False,False,False,True,0
-0.1727645747696618,-0.5607134610736721,-0.0013447194854226,-1.2184705569895626,0.8084361535388619,1,0,0.3915203484442879,0,1.4165182832801098,1.6459297829390525,False,False,False,False,False,False,0
-0.3284305404281227,2.671749372465364,-0.6953934861551795,-1.2184705569895626,0.8084361535388619,1,1,-0.9900762862938184,0,1.4165182832801098,-0.901433001102557,False,False,False,True,False,False,0
-0.992605327237556,2.1013147547820044,-1.042417869490058,0.6615294201891654,-0.9166876736979732,1,1,-0.1091441232672228,0,-0.0078339372127105,0.8101458328521021,False,False,False,False,True,False,0
-0.0274763401550982,-0.3705685885125524,-0.348369102820301,0.5156227140795522,-0.9166876736979732,1,1,1.6005290697301666,0,-1.4321861577055308,1.445875114035261,False,False,False,False,True,False,0
-0.1623868437257644,-0.4656410247931123,-1.042417869490058,-0.5763416584328831,0.8084361535388619,0,1,-0.8157674402147707,0,-0.0078339372127105,-1.1148246479332675,True,True,False,False,False,False,0
1.8093820546147403,-0.9410032061959116,-0.348369102820301,0.8619665143674834,-0.9166876736979732,0,1,1.5607881835465975,0,-1.4321861577055308,0.4500474288252776,False,False,True,True,False,False,0
-1.677535576134784,-0.0853512796708728,-0.6953934861551795,0.3388559465233923,-0.9166876736979732,1,1,-0.1327308802034178,0,0.7043421730336995,0.6901130315098273,False,False,True,False,False,False,0
0.0036568529765938,-0.6557858973542321,-1.042417869490058,-1.2184705569895626,0.8084361535388619,1,0,-0.7963647854875507,0,-0.0078339372127105,1.0502114355366516,False,False,False,True,False,False,0
0.0659232392399782,-0.0853512796708728,0.3456796638494558,0.4289818062861916,-0.9166876736979732,0,0,0.9603435234865986,0,-1.4321861577055308,1.0502114355366516,False,False,False,False,False,True,0
0.9376526469273592,-0.6557858973542321,0.3456796638494558,1.3510556508929077,-0.9166876736979732,1,0,-1.2415518695888517,0,1.4165182832801098,-1.3860098657806292,True,False,False,True,False,False,0
-0.7435397821840184,-0.3705685885125524,1.3867528138540912,0.7245461130100601,-0.9166876736979732,0,1,-1.125957982997567,0,-0.7200100474591208,-1.6527494243190175,True,True,False,False,False,True,0
-0.2557864231208409,-0.1804237159514327,0.6927040471843343,1.140933989509984,-0.9166876736979732,1,1,0.5668171051300837,0,-1.4321861577055308,1.3747445650916907,False,True,False,False,False,False,0
0.6470761776982322,1.3407352645375252,-1.3894422528249364,0.3688887201436922,-0.9166876736979732,1,1,-0.4857008036723406,1,-0.0078339372127105,1.748179947045435,True,True,False,False,True,False,0
-0.2454086920769435,0.1047935928902469,1.7337771971889695,-1.2184705569895626,0.8084361535388619,1,0,0.0591371119503771,0,-0.7200100474591208,-0.9147699790294764,True,False,True,False,False,True,0
1.7990043235708428,-0.2754961522319926,-0.6953934861551795,1.1199930562638722,-0.9166876736979732,1,1,0.6591879639279611,0,1.4165182832801098,-1.154835581714026,False,False,False,False,False,True,0
-1.4492254931690411,0.1047935928902469,-0.0013447194854226,-1.2184705569895626,0.8084361535388619,1,1,0.8002482803821481,0,-0.0078339372127105,-0.7636175625243896,True,False,False,False,False,False,0
1.0414299573663333,-0.2754961522319926,-1.042417869490058,-1.2184705569895626,0.8084361535388619,1,1,-0.9538405528438016,0,-1.4321861577055308,-1.5816188753754474,True,False,True,False,False,True,0
-1.6360246519591943,-0.0853512796708728,0.6927040471843343,-1.2184705569895626,0.8084361535388619,1,1,-1.6383047323539242,0,-0.0078339372127105,-0.3546169060988607,True,False,True,False,True,False,0
-1.656780114046989,0.9604455194152858,-1.042417869490058,1.2031827952755894,0.8084361535388619,1,1,1.1615452018603971,0,0.7043421730336995,-0.2834863571552904,False,True,False,True,False,False,0
1.8716484408781249,0.1047935928902469,1.3867528138540912,0.5050954884988025,0.8084361535388619,1,1,0.5947576581774335,0,-0.7200100474591208,-0.1056599847963648,False,True,False,False,True,False,0
-0.4633410439987888,-0.2754961522319926,-0.348369102820301,0.354870138197713,-0.9166876736979732,1,1,-0.9391397753672488,0,-1.4321861577055308,1.4503207733442345,False,False,True,False,True,False,0
0.2631001290740287,-1.1311480787570314,-1.042417869490058,-1.2184705569895626,0.8084361535388619,1,1,-1.3968172695491872,0,-0.0078339372127105,0.5789715487854987,True,False,False,False,True,False,0
0.5121656741275662,0.1998660291708067,1.3867528138540912,1.4080698237590905,-0.9166876736979732,1,0,-0.8871611074225781,0,1.4165182832801098,-0.1723448744309619,True,True,False,False,False,True,0
1.2801177713759733,-0.8459307699153518,-0.348369102820301,-1.2184705569895626,0.8084361535388619,0,1,-0.7471080007791777,0,1.4165182832801098,-1.06147673622559,True,False,True,False,True,False,0
0.5848097914348479,-0.4656410247931123,-0.348369102820301,-1.2184705569895626,-0.9166876736979732,1,1,-0.6530947971042602,0,-0.0078339372127105,-0.1278882813412305,False,False,False,True,False,False,0
-0.9718498651497612,0.1998660291708067,0.3456796638494558,-1.2184705569895626,-0.9166876736979732,1,1,0.7503043744633093,1,-1.4321861577055308,-1.2259661306575962,False,False,False,True,False,False,0
0.5432988672592584,-0.3705685885125524,-0.6953934861551795,1.2505212069813785,0.8084361535388619,1,1,-1.0461524708293437,0,0.7043421730336995,0.1210686399612653,False,True,False,False,True,False,0
-0.4737187750426862,-0.2754961522319926,-1.736466636159815,0.2890211013384385,-0.9166876736979732,0,1,0.3426387680811036,0,-0.0078339372127105,1.4681034105801267,True,False,True,False,False,False,0
0.4706547499519766,0.1047935928902469,-0.348369102820301,-1.2184705569895626,0.8084361535388619,0,1,-1.2846664652784647,0,0.7043421730336995,-1.097042010697375,True,False,False,True,False,False,0
-1.760557424485963,1.530880137098645,-0.0013447194854226,0.3396909196245877,-0.9166876736979732,0,1,-0.3827701506645285,0,1.4165182832801098,-0.8836503638666644,True,False,False,True,False,False,0
0.4395215568202844,0.2949384654513666,1.0397284305192127,0.923274514391454,-0.9166876736979732,1,0,-1.1132003397943366,0,-1.4321861577055308,-1.6260754684651788,True,False,False,False,False,False,0
0.9376526469273592,-1.1311480787570314,-0.0013447194854226,1.8256257019413191,0.8084361535388619,0,0,-1.3672477593609325,0,-0.7200100474591208,0.8057001735431288,True,True,False,False,False,False,0
1.0310522263224358,-0.1804237159514327,-1.736466636159815,1.2026949404262426,-0.9166876736979732,1,1,0.1543588630782171,0,0.7043421730336995,0.8323741293969678,False,True,False,True,False,False,0
0.3980106326446948,-0.6557858973542321,-1.736466636159815,0.4896381590384717,0.8084361535388619,1,1,0.6517428178365203,0,-1.4321861577055308,0.0366011130907756,True,True,False,False,True,False,0
0.8442530675322827,-1.606510260159831,-0.0013447194854226,-1.2184705569895626,0.8084361535388619,1,1,0.2915901131310645,0,-0.0078339372127105,-1.4571404147241995,True,False,False,False,False,False,0
0.5432988672592584,-1.416365387598711,0.6927040471843343,0.5913191499064073,-0.9166876736979732,1,0,1.07922870676668,1,-0.7200100474591208,0.8634937445597797,False,True,False,False,True,False,0
1.2697400403320758,-0.2754961522319926,1.0397284305192127,0.6572536854494859,-0.9166876736979732,0,0,0.0242909211911611,0,0.7043421730336995,0.4456017695163045,False,False,True,True,False,False,0
-0.5567406233938653,1.0555179556958456,-0.0013447194854226,0.1965776508489266,2.533559980775697,0,1,-0.6306849438810325,1,1.4165182832801098,0.618982482566257,False,True,False,False,False,False,0
-0.9407166720180687,-0.5607134610736721,0.3456796638494558,-1.2184705569895626,0.8084361535388619,1,0,-0.9592194670361578,0,-1.4321861577055308,0.4322647915893851,False,False,True,False,False,False,0
0.2631001290740287,-1.321292951318151,-0.6953934861551795,-1.2184705569895626,0.8084361535388619,1,0,1.3766360479408968,0,-1.4321861577055308,1.4592120919621805,False,False,False,False,False,True,0
0.9791635711029488,-0.7508583336347919,-1.042417869490058,0.6041607640159745,-0.9166876736979732,1,1,1.2932944347659778,0,-0.0078339372127105,-0.3101603130091293,True,False,True,False,False,True,0
0.3046110532496183,-0.1804237159514327,0.6927040471843343,-0.1039479811840017,-0.9166876736979732,1,1,-0.4921029234121649,0,-0.0078339372127105,-0.9414439348833152,False,False,False,False,False,True,0
0.1800782807228495,-0.7508583336347919,0.3456796638494558,0.5907818210995786,-0.9166876736979732,1,0,-1.0425650791452472,0,0.7043421730336995,0.2144274854497012,False,False,False,True,False,False,0
0.5848097914348479,1.1505903919764056,1.0397284305192127,-0.0856261255964438,-0.9166876736979732,1,1,-0.1305956232232217,1,-0.7200100474591208,1.748179947045435,False,False,False,False,True,False,0
0.429143825776387,-0.1804237159514327,0.3456796638494558,0.3169839742392262,-0.9166876736979732,1,1,-1.0820602916774025,0,1.4165182832801098,1.4636577512711535,False,True,False,False,False,False,0
0.0763009702838756,-0.5607134610736721,1.0397284305192127,0.6293513340889192,-0.9166876736979732,0,1,-1.7194039866595665,0,-1.4321861577055308,-0.0523120730886871,False,False,True,False,False,True,0
0.4083883636885922,1.8160974459403243,-0.6953934861551795,-1.2184705569895626,-0.9166876736979732,0,1,1.643023135156583,1,-0.7200100474591208,1.632592805012133,True,False,False,False,True,False,0
-0.6501402027889419,-1.0360756424764714,0.6927040471843343,-1.2184705569895626,0.8084361535388619,1,0,0.8904525861932795,0,0.7043421730336995,-0.239029764065559,True,False,False,False,False,True,0
0.5432988672592584,-0.1804237159514327,1.3867528138540912,1.2731529007162006,-0.9166876736979732,1,1,0.6025748790134074,0,1.4165182832801098,0.8057001735431288,False,False,True,True,False,False,0
1.6848492820879717,3.1471115538681627,-1.042417869490058,-1.2184705569895626,0.8084361535388619,0,1,0.5289327676017165,0,-1.4321861577055308,1.0190918203738395,False,False,True,False,False,True,0
0.958408109015154,0.1998660291708067,-1.042417869490058,0.1282683653467047,-0.9166876736979732,1,0,1.6885471756171075,0,-0.7200100474591208,-0.7947371776872015,False,True,False,False,False,True,0
-0.3076750783403279,0.2949384654513666,1.3867528138540912,0.6350618135955809,-0.9166876736979732,0,0,-0.4916157489102098,1,-0.0078339372127105,-0.5502259156936788,True,True,False,False,True,False,0
0.1178118944594652,-0.1804237159514327,1.0397284305192127,1.2680955094702822,-0.9166876736979732,1,0,0.3179211821082509,0,-1.4321861577055308,-1.21707481203965,False,True,False,False,False,True,0
-0.0067208780673035,1.6259525733792048,-1.042417869490058,-1.2184705569895626,-0.9166876736979732,1,0,0.2450023561812607,1,0.7043421730336995,-1.2437487678934886,True,False,False,True,False,False,0
0.5640543293470531,0.3900109017319265,-1.3894422528249364,-1.2184705569895626,0.8084361535388619,1,0,-1.190439579425495,0,0.7043421730336995,1.7215059911915958,False,False,True,False,False,True,0
0.6470761776982322,0.5801557742930463,1.3867528138540912,0.4856105946356768,0.8084361535388619,1,1,1.107294443840228,0,1.4165182832801098,0.3966995171176,False,True,False,False,False,False,0
0.667831639786027,0.2949384654513666,1.0397284305192127,-1.2184705569895626,0.8084361535388619,1,0,1.3973515701428716,0,-0.7200100474591208,-0.7991828369961748,True,False,True,False,False,True,0
-0.8576948236668898,-0.7508583336347919,-1.3894422528249364,0.629309225186596,-0.9166876736979732,0,0,0.7840854577996214,0,-0.7200100474591208,1.7126146725736495,True,False,True,True,False,False,0
1.311250964507665,-0.5607134610736721,-0.348369102820301,0.5597696552530055,0.8084361535388619,1,0,-0.2933937980933365,0,1.4165182832801098,-0.2790406978463173,False,True,False,True,False,False,0
-0.5048519681743784,0.6752282105736062,-0.348369102820301,0.3650124595914494,0.8084361535388619,1,1,-0.2476026983769226,0,-0.0078339372127105,0.8634937445597797,True,True,False,False,False,False,0
0.7819866812688984,0.9604455194152858,0.6927040471843343,0.3233361742041033,-0.9166876736979732,1,0,1.5652624692829682,1,1.4165182832801098,-0.2923776757732367,False,False,True,False,False,True,0
-0.5463628923499679,0.6752282105736062,0.6927040471843343,0.0903131940235745,0.8084361535388619,1,0,-0.2981653958919279,0,-0.0078339372127105,-1.003683165208939,False,False,True,False,True,False,0
-0.9614721341058636,-0.9410032061959116,-1.3894422528249364,-1.2184705569895626,0.8084361535388619,0,0,0.9598914700586604,0,-1.4321861577055308,1.032428798300759,True,False,False,False,False,False,0
-0.8473170926229924,1.7210250096597648,-0.0013447194854226,0.1675807882477513,-0.9166876736979732,0,1,0.0561419102568799,0,1.4165182832801098,-1.3326619540729516,False,True,False,False,False,True,0
-0.494474237130481,-0.7508583336347919,0.3456796638494558,0.9404125174171248,-0.9166876736979732,1,0,1.592582492067121,0,-0.0078339372127105,-1.1014876700063485,True,False,False,True,False,False,0
-0.3388082714720201,-1.321292951318151,-0.348369102820301,-1.2184705569895626,-0.9166876736979732,1,0,0.7840183452522426,0,0.7043421730336995,0.0988403434163995,True,False,False,False,False,False,0
-0.4633410439987888,0.1047935928902469,-1.3894422528249364,0.5834774475905383,-0.9166876736979732,1,1,-1.4011755861946211,0,-0.0078339372127105,-0.3057146537001561,True,False,True,True,False,False,0
2.058447599668278,-0.3705685885125524,-1.3894422528249364,2.1722456917977184,-0.9166876736979732,1,0,1.5325103290953246,1,-0.7200100474591208,0.6678847349649615,False,False,False,False,True,False,0
2.058447599668278,-0.2754961522319926,0.3456796638494558,-1.2184705569895626,0.8084361535388619,0,1,-1.0282518505498,0,-0.7200100474591208,-1.6571950836279907,True,False,True,False,False,True,0
0.6055652535226427,-0.5607134610736721,-1.3894422528249364,-1.2184705569895626,0.8084361535388619,1,0,1.180239871372785,0,-0.7200100474591208,0.525623637077821,True,False,True,True,False,False,0
0.2838555911618235,1.0555179556958456,0.3456796638494558,0.904560709781513,0.8084361535388619,1,1,1.4532942250504517,0,-0.7200100474591208,1.748179947045435,False,True,False,False,False,True,0
2.058447599668278,-0.7508583336347919,-0.348369102820301,0.2432159019849117,-0.9166876736979732,1,1,1.073066696943772,0,1.4165182832801098,1.5525709374506165,False,False,True,True,False,False,0
1.1140740746736149,-0.7508583336347919,-0.348369102820301,0.365014861239871,-0.9166876736979732,1,1,-0.9145122523465776,0,-1.4321861577055308,-1.1326072851691602,True,True,False,False,False,False,0
-0.4218301198231992,-0.8459307699153518,1.3867528138540912,0.2000092862234088,-0.9166876736979732,1,0,1.6674018549251854,0,0.7043421730336995,1.2280378078955771,False,False,False,True,False,False,0
0.429143825776387,0.5801557742930463,-0.348369102820301,-1.2184705569895626,0.8084361535388619,1,1,-1.2838618101767347,0,1.4165182832801098,1.2947226975301742,False,False,True,False,False,True,0
1.2801177713759733,3.3372564264292826,-1.736466636159815,1.3652468313054424,-0.9166876736979732,1,1,0.5987732835511497,0,1.4165182832801098,-1.2659770644383543,False,True,False,False,True,False,0
-2.186044397285756,2.006242318501444,-1.3894422528249364,1.0329011188969606,-0.9166876736979732,0,1,1.285743229985675,0,0.7043421730336995,-1.6883146987908026,True,False,False,False,False,True,0
-2.217177590417448,-0.7508583336347919,1.0397284305192127,0.0367700435659861,-0.9166876736979732,1,0,-0.9648607460834214,0,0.7043421730336995,0.8990590190315648,True,True,False,False,True,False,0
0.429143825776387,2.7668218087459238,-1.042417869490058,-1.2184705569895626,0.8084361535388619,1,1,-0.7053134010991443,0,-0.0078339372127105,-1.408238162325495,True,False,False,False,True,False,0
-0.494474237130481,-1.321292951318151,0.6927040471843343,1.429962129999891,-0.9166876736979732,1,1,-1.1327685156228633,0,-0.7200100474591208,0.0410467723997487,True,True,False,False,False,True,0
0.086678701327773,-0.7508583336347919,-1.3894422528249364,0.1354193535765605,-0.9166876736979732,1,1,0.6494436045553452,0,-1.4321861577055308,-1.1103789886242943,True,False,True,False,True,False,0
-0.4010746577354044,0.1998660291708067,0.6927040471843343,-1.2184705569895626,0.8084361535388619,1,0,-0.6977891456578147,0,-0.0078339372127105,0.7523522618354512,True,False,False,False,False,False,0
-0.6190070096572498,1.530880137098645,1.0397284305192127,0.1559997193396631,0.8084361535388619,1,1,0.4952963413623445,0,-0.7200100474591208,-0.1901275116668545,True,False,True,False,True,False,0
1.0829408815419228,0.2949384654513666,1.3867528138540912,-1.2184705569895626,0.8084361535388619,1,0,-1.1259237312570656,0,-0.7200100474591208,0.6456564384200958,False,False,False,False,False,False,0
-1.438847762125144,0.1047935928902469,-0.6953934861551795,1.039150368199504,-0.9166876736979732,1,0,0.0799294832351013,0,-0.0078339372127105,1.3213966533840131,True,False,False,False,False,True,0
0.6159429845665401,-0.6557858973542321,-1.3894422528249364,-1.2184705569895626,0.8084361535388619,1,0,0.4478307314288254,0,0.7043421730336995,-1.381564206471656,False,False,False,False,False,True,0
-1.0548717135009402,-0.1804237159514327,-0.6953934861551795,-1.2184705569895626,-0.9166876736979732,1,1,1.377702720164128,0,-0.0078339372127105,-0.4035191584975652,True,False,False,True,False,False,0
-0.785050706359608,-1.226220515037591,1.0397284305192127,-1.2184705569895626,0.8084361535388619,0,1,-1.1532618361783358,0,0.7043421730336995,-1.1815095375678648,True,False,True,False,True,False,0
0.8442530675322827,-0.7508583336347919,0.3456796638494558,1.307920604254364,0.8084361535388619,0,0,1.3485713540675672,0,1.4165182832801098,1.059102754154598,True,True,False,False,False,True,0
1.2386068472003835,1.7210250096597648,-0.348369102820301,-1.2184705569895626,-0.9166876736979732,0,0,-0.2530563752515918,1,0.7043421730336995,0.2010905075227818,False,False,False,False,False,True,0
-0.5463628923499679,-1.321292951318151,0.3456796638494558,0.7089869536566593,-0.9166876736979732,1,1,-1.313183908046545,0,1.4165182832801098,0.1833078702868892,True,False,False,False,False,False,0
0.1281896255033626,-1.321292951318151,0.3456796638494558,1.5484320843229118,0.8084361535388619,1,1,0.1317450642123078,0,-0.0078339372127105,0.1655252330509967,True,True,False,True,False,False,0
0.1593228186350548,-0.7508583336347919,-1.3894422528249364,0.6911071614885453,-0.9166876736979732,1,1,-1.254859627040542,0,-0.7200100474591208,0.5478519336226867,True,False,False,False,False,True,0
-0.733162051140121,-0.9410032061959116,1.0397284305192127,-1.2184705569895626,0.8084361535388619,1,0,-0.933596383273804,0,0.7043421730336995,1.6459297829390525,False,False,True,False,True,False,0
-0.2142754989452513,-0.0853512796708728,0.6927040471843343,-1.2184705569895626,0.8084361535388619,1,0,1.411355316006884,0,-0.0078339372127105,-1.408238162325495,True,False,True,False,False,False,0
-0.919961209930274,0.6752282105736062,1.0397284305192127,0.4814430941848578,-0.9166876736979732,1,0,1.0903912968361005,1,-0.0078339372127105,0.2900036937022446,False,False,True,True,False,False,0
-0.7435397821840184,1.0555179556958456,-1.736466636159815,0.7932680017110895,-0.9166876736979732,1,0,-0.7457179364882675,1,-0.0078339372127105,-0.2612580606104248,True,False,False,False,True,False,0
-0.7539175132279158,-1.0360756424764714,0.3456796638494558,1.1884478816604347,-0.9166876736979732,1,0,0.7846105352428422,0,-0.7200100474591208,-0.0834316882514991,True,True,False,False,True,False,0
0.771608950225001,-0.8459307699153518,1.0397284305192127,0.9294403464388256,-0.9166876736979732,1,1,0.8239743045474889,0,-1.4321861577055308,-0.8036284963051479,True,False,True,False,True,False,0
-0.3180528093842253,-0.1804237159514327,1.3867528138540912,0.1114224027690834,0.8084361535388619,1,0,-1.5867205679584813,0,1.4165182832801098,0.6278738011842032,False,False,True,False,False,False,0
0.2631001290740287,-0.8459307699153518,-1.3894422528249364,0.0325184854204159,-0.9166876736979732,0,1,1.2830422107537438,0,1.4165182832801098,1.419201158181422,True,False,False,False,True,False,0
2.058447599668278,0.770300646854166,1.7337771971889695,0.9331105455565062,-0.9166876736979732,0,0,-1.279978845097448,1,0.7043421730336995,-1.5771732160664742,False,True,False,False,False,False,0
-0.3699414646037122,-0.1804237159514327,-0.0013447194854226,1.090886198164994,0.8084361535388619,0,0,0.9480320222434026,1,-1.4321861577055308,1.7170603318826223,True,False,False,False,True,False,0
0.2527223980301313,-0.1804237159514327,1.7337771971889695,0.4825797143277894,-0.9166876736979732,1,1,1.1518145779573228,0,1.4165182832801098,-0.2079101489027471,True,False,False,True,False,False,0
0.8961417227517697,1.4358077008180852,-0.348369102820301,-1.2184705569895626,-0.9166876736979732,0,1,-0.7772928252295378,1,0.7043421730336995,-0.7236066287436314,True,False,False,False,True,False,0
-0.9718498651497612,-0.6557858973542321,1.7337771971889695,0.4626870205626992,-0.9166876736979732,1,0,1.557642587154959,0,-1.4321861577055308,0.1655252330509967,True,False,False,False,False,True,0
-0.7227843200962236,1.0555179556958456,0.3456796638494558,0.3263748998968342,0.8084361535388619,1,1,-1.3924509550354125,0,-0.0078339372127105,-1.1192703072422407,False,True,False,False,True,False,0
-1.3246927206422725,-1.0360756424764714,0.6927040471843343,-1.2184705569895626,0.8084361535388619,0,1,0.8114259968547345,0,-1.4321861577055308,1.6726037387928911,False,False,False,False,True,False,0
0.5951875224787453,-1.0360756424764714,1.0397284305192127,0.7780313036857439,0.8084361535388619,1,0,0.779271610392188,0,-0.0078339372127105,0.2588840785394326,True,True,False,False,False,False,0
1.062185419454128,-0.0853512796708728,-1.042417869490058,-1.2184705569895626,0.8084361535388619,0,0,-1.6848831005017628,0,0.7043421730336995,1.0546570948456246,False,False,False,False,False,True,0
1.2282291161564862,0.6752282105736062,1.3867528138540912,1.834473214616097,-0.9166876736979732,1,1,-1.4901407440130927,0,1.4165182832801098,-1.190400856185811,True,False,True,False,True,False,0
-0.5463628923499679,-1.321292951318151,0.6927040471843343,0.5168120103778611,-0.9166876736979732,1,1,-0.3725153186517487,0,-1.4321861577055308,1.4503207733442345,True,True,False,False,False,True,0
0.4187660947324896,0.1998660291708067,1.0397284305192127,0.8741864217556807,-0.9166876736979732,1,0,-0.7141931213574765,1,-0.7200100474591208,-1.6527494243190175,False,True,False,False,False,True,0
1.2386068472003835,0.009721156609687,-0.0013447194854226,-1.2184705569895626,0.8084361535388619,1,0,-0.0723398456982219,0,-1.4321861577055308,-1.3637815692357635,True,False,False,False,False,False,0
1.062185419454128,1.7210250096597648,-1.042417869490058,0.4007987822801029,0.8084361535388619,1,1,-0.5125047900818316,0,1.4165182832801098,1.2947226975301742,True,True,False,True,False,False,0
-0.1831423058135592,-0.4656410247931123,1.0397284305192127,0.4675292241100547,-0.9166876736979732,1,1,0.3952630030942107,0,-1.4321861577055308,-1.0170201431358583,True,False,False,False,False,False,0
0.086678701327773,-1.0360756424764714,-0.6953934861551795,0.8458243948872459,-0.9166876736979732,1,1,1.6976070217798025,0,-0.7200100474591208,-1.6705320615549102,False,False,True,False,False,True,0
-0.7954284374035054,-0.8459307699153518,1.0397284305192127,-1.2184705569895626,0.8084361535388619,1,0,1.4763080912000863,0,-0.0078339372127105,-0.0434207544707409,False,False,True,True,False,False,0
2.058447599668278,0.009721156609687,-1.042417869490058,-1.2184705569895626,0.8084361535388619,1,0,1.3738969519009971,0,-0.7200100474591208,0.556743252240633,False,False,False,True,False,False,0
0.6159429845665401,-0.6557858973542321,-0.0013447194854226,-1.2184705569895626,0.8084361535388619,1,1,0.8221979084423943,0,-0.7200100474591208,-0.3812908619526995,True,False,True,False,False,False,0
-1.0029830582814532,-0.3705685885125524,-1.3894422528249364,-1.2184705569895626,0.8084361535388619,1,0,0.0214848864705858,0,0.7043421730336995,-0.8436394300859061,False,False,True,False,False,True,0
-0.10012045746238,2.196387191062564,0.6927040471843343,-1.2184705569895626,0.8084361535388619,1,1,-0.6834793943964286,0,-0.0078339372127105,0.5434062743137136,True,False,False,False,False,True,0
1.1970959230247942,-0.1804237159514327,0.6927040471843343,-1.2184705569895626,0.8084361535388619,1,1,-1.316119473460895,0,0.7043421730336995,-1.6571950836279907,True,False,True,True,False,False,0
0.1904560117667469,-0.6557858973542321,-0.348369102820301,0.4299357410391969,0.8084361535388619,0,1,0.6000341648816917,0,1.4165182832801098,-1.6127384905382594,False,True,False,False,False,True,0
-1.1171380997643243,-0.1804237159514327,-1.042417869490058,0.0581162149557462,-0.9166876736979732,1,1,-0.7454072366899115,0,0.7043421730336995,1.152461599643034,True,True,False,False,False,False,0
0.1697005496789521,0.3900109017319265,1.7337771971889695,0.5913205908954602,-0.9166876736979732,1,1,-0.0001288311193614,0,1.4165182832801098,-0.6080194867103297,True,False,True,False,True,False,0
1.248984578244281,-0.4656410247931123,0.6927040471843343,0.567810053948277,-0.9166876736979732,1,1,0.3588946093497639,0,-1.4321861577055308,1.2458204451314698,True,True,False,True,False,False,0
-0.836939361579095,-0.8459307699153518,-0.348369102820301,0.1545656150122598,-0.9166876736979732,1,0,0.7769174552328479,0,1.4165182832801098,-0.936998275574342,False,False,False,False,False,False,0
-0.0586095332867904,-0.3705685885125524,0.3456796638494558,0.12688261420752,-0.9166876736979732,0,1,1.1096938043423616,0,-0.0078339372127105,0.1255142992702384,True,False,False,False,False,True,0
-0.1104981885062774,-0.7508583336347919,1.7337771971889695,1.2788942814325523,-0.9166876736979732,1,0,-0.1550991792846158,0,0.7043421730336995,1.703723353955703,True,False,False,False,False,True,0
-0.1416313816379696,-0.1804237159514327,-1.042417869490058,0.2181772762020985,0.8084361535388619,1,1,-1.097731940823804,0,0.7043421730336995,0.8546024259418334,True,True,False,False,False,False,0
-0.6605179338328393,-0.4656410247931123,1.7337771971889695,-1.2184705569895626,0.8084361535388619,1,0,-0.3712467871862726,0,-0.7200100474591208,0.112177321343319,True,False,True,False,True,False,0
-1.2105376791594011,-0.1804237159514327,-0.6953934861551795,1.5920149583371108,0.8084361535388619,1,1,-1.5854864621002096,0,1.4165182832801098,-1.2926510202921933,True,False,True,False,False,False,0
-0.992605327237556,-0.3705685885125524,1.7337771971889695,-1.2184705569895626,0.8084361535388619,1,1,1.6051354941608578,0,0.7043421730336995,-0.1634535558130156,True,False,False,True,False,False,0
0.6159429845665401,-0.5607134610736721,-1.3894422528249364,-1.2184705569895626,-0.9166876736979732,0,0,-1.023047150793903,0,-0.0078339372127105,0.965743908666162,True,False,False,False,False,True,0
-2.3001994387686278,2.006242318501444,0.6927040471843343,-0.0346657078512974,-0.9166876736979732,1,0,1.0693902855077122,1,0.7043421730336995,-0.1278882813412305,False,False,False,False,True,False,0
2.058447599668278,1.530880137098645,-1.736466636159815,0.361988464009037,-0.9166876736979732,1,1,-0.2923415568064586,1,0.7043421730336995,0.0321554537818024,True,True,False,False,False,True,0
0.3772551705569,0.5801557742930463,1.3867528138540912,0.4370636734442068,-0.9166876736979732,0,0,0.5118573186948632,0,-1.4321861577055308,0.112177321343319,True,True,False,False,True,False,0
0.1593228186350548,-0.7508583336347919,-0.6953934861551795,0.3748456087783963,-0.9166876736979732,1,1,1.5513425271698271,0,-0.0078339372127105,1.5792448933044552,True,False,False,True,False,False,0
1.09331861258582,-0.8459307699153518,-0.6953934861551795,1.1094711143096494,-0.9166876736979732,0,1,1.702326459567478,0,1.4165182832801098,0.0321554537818024,True,False,True,False,True,False,0
-1.0652494445448375,-0.2754961522319926,0.3456796638494558,1.013819541858746,-0.9166876736979732,0,0,-0.2859742104072449,1,-1.4321861577055308,0.5033953405329553,True,True,False,True,False,False,0
0.2838555911618235,0.8653730831347259,1.0397284305192127,-1.2184705569895626,0.8084361535388619,1,0,-1.3402749483827767,0,-0.7200100474591208,0.0099271572369367,True,False,False,False,False,True,0
-0.919961209930274,0.2949384654513666,0.3456796638494558,0.3675175390049311,0.8084361535388619,1,0,0.9374311954915472,1,0.7043421730336995,0.2811123750842983,False,False,True,False,False,True,0
-0.0170986091112009,0.1998660291708067,1.3867528138540912,-1.2184705569895626,0.8084361535388619,0,1,1.585114569437581,0,0.7043421730336995,0.3833625391906806,True,False,True,False,True,False,0
-1.314314989598375,-0.5607134610736721,-0.0013447194854226,-1.2184705569895626,0.8084361535388619,1,0,1.053128011171039,0,-1.4321861577055308,0.7701348990713438,True,False,True,True,False,False,0
1.425406005990537,0.3900109017319265,1.3867528138540912,0.6491199426855668,0.8084361535388619,1,1,-0.6999037125003476,0,-0.0078339372127105,0.1566339144330504,False,True,False,False,False,True,0
-0.9303389409741716,2.196387191062564,-0.6953934861551795,-1.2184705569895626,0.8084361535388619,1,0,0.0965780893859587,0,-0.7200100474591208,1.059102754154598,True,False,False,True,False,False,0
0.2215892048984391,-0.7508583336347919,-1.3894422528249364,0.516243620251448,-0.9166876736979732,0,1,-1.0715276206731434,0,-0.0078339372127105,1.2058095113507117,True,False,False,True,False,False,0
0.3046110532496183,-0.8459307699153518,-1.042417869490058,0.5602384570248753,-0.9166876736979732,1,0,-0.5467290596442264,0,1.4165182832801098,0.3744712205727343,True,False,True,False,True,False,0
0.3876329016007974,-1.0360756424764714,-1.042417869490058,-0.1808252274847434,0.8084361535388619,0,0,-0.3797273094943948,0,1.4165182832801098,0.5478519336226867,False,True,False,False,False,True,0
1.1348295367614096,2.196387191062564,-0.0013447194854226,0.3642852404494302,-0.9166876736979732,0,0,-0.2348994754517477,1,-0.0078339372127105,-1.2437487678934886,True,True,False,False,False,False,0
0.0451677771521834,-0.1804237159514327,0.6927040471843343,0.5794249060441603,-0.9166876736979732,1,0,0.916741405561624,0,1.4165182832801098,0.5122866591509017,True,False,False,False,False,True,0
0.1178118944594652,-0.2754961522319926,1.7337771971889695,-1.2184705569895626,0.8084361535388619,1,0,0.6244989486683047,0,1.4165182832801098,1.032428798300759,True,False,False,False,True,False,0
1.2801177713759733,-0.0853512796708728,-0.348369102820301,0.7863078644757924,0.8084361535388619,1,1,-1.4715279657178433,1,-0.7200100474591208,-1.221520471348623,False,True,False,True,False,False,0
-1.2105376791594011,0.9604455194152858,-0.6953934861551795,-1.2184705569895626,-0.9166876736979732,0,0,-0.6713146366506094,1,-1.4321861577055308,-1.501597007813931,False,False,False,True,False,False,0
2.058447599668278,0.4850833380124864,0.6927040471843343,0.2084009660277929,-0.9166876736979732,1,0,0.0662341769023051,1,-1.4321861577055308,0.272221056466352,True,False,True,False,True,False,0
-0.992605327237556,0.1047935928902469,1.0397284305192127,-1.2184705569895626,0.8084361535388619,1,0,-0.666232686787068,0,-0.7200100474591208,-1.1459442630960797,False,False,False,False,True,False,0
1.1452072678053071,-1.0360756424764714,-1.042417869490058,-1.2184705569895626,0.8084361535388619,1,0,1.173221741904043,0,-0.7200100474591208,1.69927769464673,True,False,False,False,False,False,0
0.4083883636885922,-0.2754961522319926,0.6927040471843343,0.8619115966735792,-0.9166876736979732,0,0,-0.4306109649432364,1,-1.4321861577055308,0.5389606150047405,True,False,True,False,False,False,0
-1.5114918794324257,-0.4656410247931123,-0.348369102820301,0.2274437964714744,-0.9166876736979732,1,1,1.0224057647415417,0,0.7043421730336995,-0.4257474550424309,False,False,False,False,False,True,0
-0.9407166720180687,-1.0360756424764714,0.6927040471843343,-1.2184705569895626,0.8084361535388619,1,0,-1.6106016812229451,0,1.4165182832801098,1.4503207733442345,True,False,False,False,True,False,0
0.875386260663975,-0.9410032061959116,1.3867528138540912,-1.2184705569895626,0.8084361535388619,0,0,1.3165431948314374,0,-0.7200100474591208,0.8145914921610752,False,False,False,False,True,False,0
-1.4077145689934516,-0.9410032061959116,-1.042417869490058,0.4624042664885457,-0.9166876736979732,1,0,0.9901223691853294,0,0.7043421730336995,0.1877535295958624,False,False,False,True,False,False,0
0.0659232392399782,-0.1804237159514327,-0.6953934861551795,1.4831556004473143,0.8084361535388619,0,0,-0.5226615612740894,0,-0.0078339372127105,-1.692760358099776,True,True,False,False,True,False,0
1.2386068472003835,-0.6557858973542321,1.3867528138540912,0.0221761867681189,-0.9166876736979732,0,0,-1.169918614064237,0,-0.0078339372127105,1.3836358837096372,True,True,False,False,False,True,0
1.3423841576393576,-1.0360756424764714,-0.348369102820301,-1.2184705569895626,0.8084361535388619,1,0,1.343500357806318,0,0.7043421730336995,-0.0211924579258751,False,False,False,False,False,True,0
-0.3180528093842253,0.770300646854166,-1.736466636159815,-1.2184705569895626,-0.9166876736979732,1,1,0.5807161832388583,1,-0.7200100474591208,0.4322647915893851,True,False,False,False,False,False,0
-0.733162051140121,-1.321292951318151,-0.0013447194854226,0.0285698551957399,0.8084361535388619,1,0,0.8673896896333839,0,0.7043421730336995,-1.6171841498472326,True,False,False,False,True,False,0
0.1489450875911573,0.3900109017319265,-0.0013447194854226,-1.2184705569895626,0.8084361535388619,1,0,-1.2359347580133129,0,-0.7200100474591208,-0.6346934425641685,True,False,True,False,False,True,0
-0.6501402027889419,0.6752282105736062,1.7337771971889695,0.4985295418244151,0.8084361535388619,1,0,-1.102436773808423,0,1.4165182832801098,-1.470477392651119,False,False,False,True,False,False,0
0.8027421433566931,-0.4656410247931123,1.3867528138540912,0.896928751427785,-0.9166876736979732,0,1,0.0865511966208817,0,-0.0078339372127105,0.2099818261407281,False,False,False,True,False,False,0
2.058447599668278,-0.3705685885125524,-0.6953934861551795,1.382392199386273,-0.9166876736979732,1,0,1.445449359408692,0,-0.0078339372127105,0.8634937445597797,True,False,False,True,False,False,0
-0.4529633129548914,-0.1804237159514327,-0.0013447194854226,1.120629172875771,0.8084361535388619,0,0,1.0460189494166006,0,-0.0078339372127105,0.8946133597225917,True,False,False,False,False,True,0
0.2734778601179261,-1.226220515037591,-0.6953934861551795,-1.2184705569895626,0.8084361535388619,1,0,-1.6594178877057812,0,0.7043421730336995,0.3878081984996537,True,False,False,False,False,True,0
2.058447599668278,-0.5607134610736721,-0.6953934861551795,-1.2184705569895626,0.8084361535388619,1,1,-1.5521445660558095,0,0.7043421730336995,-0.1812361930489082,False,False,False,False,False,True,0
-0.4633410439987888,0.9604455194152858,1.3867528138540912,0.7022123837893939,0.8084361535388619,1,0,0.045847436635804,0,-0.7200100474591208,0.7167869873636661,False,False,False,False,True,False,0
1.09331861258582,-0.6557858973542321,1.3867528138540912,-1.2184705569895626,0.8084361535388619,1,0,0.2698353896449411,0,1.4165182832801098,-1.2081834934217035,True,False,False,False,False,False,0
-0.2350309610330461,0.1047935928902469,1.3867528138540912,0.9815865380645956,-0.9166876736979732,1,0,1.3117618604974748,1,0.7043421730336995,1.2013638520417382,False,False,False,False,False,False,0
1.643338357912382,2.861894245026483,-0.6953934861551795,-0.7815557914313874,-0.9166876736979732,1,1,0.1752334733134854,0,-0.0078339372127105,0.049938091017695,True,True,False,False,False,True,0
0.3668774395130026,-0.8459307699153518,0.3456796638494558,-1.2184705569895626,0.8084361535388619,0,0,1.3696459110113468,0,-0.7200100474591208,-0.4257474550424309,False,False,False,True,False,False,0
2.058447599668278,-0.2754961522319926,-0.6953934861551795,-1.2184705569895626,0.8084361535388619,1,0,1.6448099632638609,0,0.7043421730336995,0.5522975929316599,True,False,False,False,True,False,0
1.3423841576393576,-0.3705685885125524,0.6927040471843343,0.2629646569546088,0.8084361535388619,1,1,1.2762902712073765,0,1.4165182832801098,-0.3234972909360487,True,True,False,False,False,True,0
-0.2246532299891487,-0.8459307699153518,-0.6953934861551795,-1.2184705569895626,0.8084361535388619,0,1,-1.5638371018361363,0,1.4165182832801098,-1.4793687112690652,True,False,True,False,True,False,0
-0.8473170926229924,2.1013147547820044,0.3456796638494558,1.0567767064042064,-0.9166876736979732,1,1,-0.960044116808739,0,-1.4321861577055308,-1.3237706354550052,False,False,False,False,False,True,0
-0.8265616305351976,-0.5607134610736721,-0.0013447194854226,-1.2184705569895626,-0.9166876736979732,0,1,-1.0308946244362085,0,0.7043421730336995,-0.901433001102557,True,False,False,False,False,True,0
1.2801177713759733,-0.7508583336347919,1.3867528138540912,-1.2184705569895626,0.8084361535388619,1,0,1.197023919685321,0,-0.0078339372127105,-1.6038471719203131,True,False,False,False,False,True,0
-0.442585581910994,-0.3705685885125524,-1.042417869490058,1.1495616712992505,-0.9166876736979732,1,0,0.687973161418743,0,-0.7200100474591208,-1.0792593734614826,False,False,False,False,True,False,0
0.875386260663975,-1.226220515037591,-1.736466636159815,0.1358654197433737,-0.9166876736979732,0,1,1.5231848146103644,0,1.4165182832801098,1.210255170659685,False,True,False,False,False,False,0
0.7404757570933088,-1.7966551327209506,-0.348369102820301,-1.2184705569895626,0.8084361535388619,1,1,0.6946677249531025,0,-1.4321861577055308,-1.097042010697375,False,False,False,False,True,False,0
0.6055652535226427,0.1998660291708067,1.3867528138540912,1.1696570641911122,0.8084361535388619,1,0,-1.0136433962925684,1,1.4165182832801098,-0.8880960231756375,False,True,False,False,False,False,0
-1.5426250725641175,0.2949384654513666,1.3867528138540912,1.2356841432533647,-0.9166876736979732,1,1,0.8850801050689362,0,0.7043421730336995,-1.3326619540729516,True,True,False,False,False,False,0
0.8442530675322827,-0.0853512796708728,-0.6953934861551795,1.3057957858409477,-0.9166876736979732,0,0,-1.4043710823300355,0,-0.7200100474591208,-0.8658677266307718,False,False,False,False,False,False,0
0.0970564323716704,0.1998660291708067,-0.0013447194854226,-1.2184705569895626,-0.9166876736979732,0,1,-0.211277423574833,0,-0.0078339372127105,-0.0567577323976603,True,False,False,True,False,False,0
0.6782093708299244,-0.3705685885125524,-0.348369102820301,-1.2184705569895626,-0.9166876736979732,1,1,1.1673718228131156,0,0.7043421730336995,0.907950337649511,True,False,False,False,False,False,0
-0.1416313816379696,2.196387191062564,-0.348369102820301,0.522189621413308,0.8084361535388619,1,1,-0.4553603685227479,0,-0.7200100474591208,-0.7324979473615776,True,True,False,False,True,False,0
-0.5982515475694549,1.0555179556958456,0.6927040471843343,0.0833884410750204,-0.9166876736979732,1,1,1.4506867461047632,0,0.7043421730336995,-0.745834925288497,True,False,False,False,False,True,0
-2.165288935197961,1.4358077008180852,-0.6953934861551795,0.9998195326605596,-0.9166876736979732,1,1,-0.525687015773918,1,-1.4321861577055308,-0.5057693226039475,False,False,False,False,False,False,0
-0.9407166720180687,-0.6557858973542321,0.3456796638494558,1.4525561979094437,-0.9166876736979732,1,0,0.678439876223634,0,1.4165182832801098,-1.381564206471656,True,True,False,True,False,False,0
1.3216286955515628,2.196387191062564,1.7337771971889695,0.6883830517390263,-0.9166876736979732,0,1,0.2876902829815815,0,-1.4321861577055308,0.1655252330509967,True,False,False,True,False,False,0
-1.4284700310812464,0.6752282105736062,-0.6953934861551795,0.4868895524750538,-0.9166876736979732,1,0,-0.7886414526712252,0,1.4165182832801098,-0.5724542122385445,False,False,False,True,False,False,0
-0.4529633129548914,-0.8459307699153518,1.0397284305192127,0.1562291568188603,-0.9166876736979732,0,0,0.7354384236188557,0,1.4165182832801098,1.4014185209455297,False,False,False,False,False,False,0
0.9687858400590514,-0.2754961522319926,1.0397284305192127,1.104263539982442,-0.9166876736979732,0,0,-1.64048154347615,0,1.4165182832801098,0.7078956687457197,True,True,False,False,True,False,0
-0.1935200368574565,-1.321292951318151,-1.3894422528249364,-1.2184705569895626,-0.9166876736979732,1,0,0.0029155748510996,0,0.7043421730336995,-1.6749777208638834,True,False,False,False,False,True,0
0.086678701327773,-0.5607134610736721,-1.042417869490058,0.069809520900064,-0.9166876736979732,0,0,0.8691780825409892,0,-0.7200100474591208,0.2010905075227818,True,False,True,False,False,False,0
-0.9718498651497612,-0.6557858973542321,-0.0013447194854226,-0.0417555341013533,-0.9166876736979732,0,0,0.6236565644920123,0,-0.0078339372127105,0.2144274854497012,True,False,False,False,False,False,0
-2.030378431627295,-0.9410032061959116,-0.0013447194854226,0.4947131623728143,-0.9166876736979732,1,1,0.9212906278470104,0,0.7043421730336995,-0.8969873417935837,True,False,False,False,False,False,0
0.1074341634155678,-1.606510260159831,-1.042417869490058,0.8047192214945239,0.8084361535388619,1,1,-0.053003086451459,0,1.4165182832801098,1.5881362119224016,False,False,False,False,False,True,0
0.1593228186350548,-0.2754961522319926,1.3867528138540912,-1.2184705569895626,0.8084361535388619,1,1,-1.0496158955541628,0,0.7043421730336995,-0.5991281680923835,True,False,False,False,False,True,0
-0.0586095332867904,-0.2754961522319926,0.3456796638494558,1.0994930656679411,0.8084361535388619,1,0,-0.8208940738209969,0,-0.0078339372127105,-1.6038471719203131,False,True,False,False,False,True,0
-1.3454481827300673,0.1998660291708067,-0.0013447194854226,1.0894764305415945,-0.9166876736979732,1,1,-1.4890186083115875,0,-0.0078339372127105,-1.697206017408749,True,False,False,True,False,False,0
0.7923644123127958,-0.8459307699153518,1.7337771971889695,0.6201583042612397,-0.9166876736979732,0,1,-1.091340426952866,0,1.4165182832801098,-0.2612580606104248,True,False,False,False,True,False,0
0.6159429845665401,1.2456628282569653,1.0397284305192127,1.1073264422692823,-0.9166876736979732,0,1,0.5397173714586994,0,-1.4321861577055308,-1.44380343679728,False,True,False,False,False,True,0
-0.7642952442718132,0.6752282105736062,-0.0013447194854226,0.5943972626332502,-0.9166876736979732,1,0,-0.7591112363578603,0,0.7043421730336995,1.3747445650916907,True,False,False,False,True,False,0
-0.0274763401550982,0.770300646854166,-1.3894422528249364,-1.2184705569895626,0.8084361535388619,1,1,0.7852265449717595,0,0.7043421730336995,1.3391792906199056,True,False,False,True,False,False,0
-1.0029830582814532,-1.416365387598711,-0.0013447194854226,-1.2184705569895626,0.8084361535388619,1,0,-1.267798091614948,0,-0.0078339372127105,0.6234281418752301,True,False,False,False,True,False,0
-0.4010746577354044,0.770300646854166,0.3456796638494558,1.119690128342978,-0.9166876736979732,1,1,-0.4048512219522828,0,-0.7200100474591208,0.8279284700879945,True,False,False,False,False,False,0
2.058447599668278,0.4850833380124864,1.0397284305192127,-1.2184705569895626,0.8084361535388619,1,1,1.4463280817259228,0,-1.4321861577055308,0.7834718769982632,True,False,True,True,False,False,0
0.1593228186350548,0.4850833380124864,-1.042417869490058,0.7477902270923555,-0.9166876736979732,0,0,-1.483264315907339,0,1.4165182832801098,-1.6483037650100445,True,False,False,False,False,True,0
-0.2142754989452513,-0.7508583336347919,-1.042417869490058,0.193087895582645,0.8084361535388619,1,0,0.472910307877435,0,-1.4321861577055308,0.8768307224866991,False,False,True,False,True,False,0
-0.5256074302621732,-0.0853512796708728,-1.736466636159815,-1.2184705569895626,0.8084361535388619,1,0,1.126053965632854,0,0.7043421730336995,0.2233188040676475,False,False,False,False,True,False,0
0.034790046108286,-0.0853512796708728,1.3867528138540912,-1.2184705569895626,-0.9166876736979732,0,1,-0.1728401899307566,0,1.4165182832801098,-0.2790406978463173,True,False,True,False,True,False,0
0.034790046108286,-0.6557858973542321,0.3456796638494558,0.877937316260323,-0.9166876736979732,1,0,-1.585481072232415,1,0.7043421730336995,-0.4079648178065383,False,True,False,False,True,False,0
0.4914102120397713,-0.3705685885125524,-1.042417869490058,1.4626602530383317,0.8084361535388619,1,1,-0.7842570560203331,0,-0.0078339372127105,1.4636577512711535,True,False,True,True,False,False,0
-0.7539175132279158,-0.0853512796708728,-0.348369102820301,1.5952904865641977,-0.9166876736979732,1,1,1.6117314752745862,0,-1.4321861577055308,-0.301268994391183,False,False,False,False,False,False,0
-1.137893561852119,-0.7508583336347919,-0.6953934861551795,-1.2184705569895626,0.8084361535388619,1,1,0.2570845272431296,0,-1.4321861577055308,1.503668685051912,False,False,False,False,False,False,0
-0.2350309610330461,0.1047935928902469,0.3456796638494558,-1.2184705569895626,0.8084361535388619,1,1,0.6767763196088207,0,0.7043421730336995,-1.2437487678934886,False,False,False,False,False,True,0
-0.2557864231208409,1.530880137098645,0.3456796638494558,-1.2184705569895626,-0.9166876736979732,0,0,-0.1475667521082428,1,-0.0078339372127105,-0.936998275574342,False,False,True,False,False,True,0
1.591449702692895,0.6752282105736062,0.3456796638494558,0.6711794036565017,2.533559980775697,1,0,1.0816571030082236,1,0.7043421730336995,0.4989496812239822,True,False,False,True,False,False,0
1.695227013131869,-1.0360756424764714,0.3456796638494558,-1.2184705569895626,0.8084361535388619,0,1,1.479891136216606,0,-0.7200100474591208,-1.470477392651119,True,False,True,False,False,True,0
-0.3491860025159174,0.1998660291708067,-0.348369102820301,0.6268222381912228,-0.9166876736979732,0,0,0.6259976796486234,0,1.4165182832801098,0.1655252330509967,True,False,True,False,True,False,0
1.6640938200001767,0.4850833380124864,1.0397284305192127,-1.2184705569895626,2.533559980775697,1,0,-0.5825309956701257,1,-0.7200100474591208,0.9123959969584844,False,False,True,False,True,False,0
0.3149887842935157,2.1013147547820044,1.7337771971889695,-0.0386495622528217,-0.9166876736979732,1,1,1.2467988271687922,0,-0.7200100474591208,-0.016746798616902,True,False,False,False,False,True,0
-1.6879133071786812,-0.7508583336347919,0.6927040471843343,1.0133826019559342,-0.9166876736979732,0,1,-1.6397446963886106,0,0.7043421730336995,-1.150389922405053,False,False,False,False,True,False,0
-0.5463628923499679,0.4850833380124864,1.7337771971889695,0.6800683847940238,-0.9166876736979732,1,1,-1.1993806746300049,0,-0.7200100474591208,0.7923631956162095,True,False,False,False,False,True,0
0.9687858400590514,-0.0853512796708728,0.6927040471843343,-1.2184705569895626,0.8084361535388619,1,1,1.6308615070114192,0,-0.0078339372127105,-0.9147699790294764,False,False,True,False,False,False,0
-0.0897427264184826,-0.3705685885125524,-1.042417869490058,-1.2184705569895626,0.8084361535388619,0,0,-0.564231177440372,0,-1.4321861577055308,-0.3057146537001561,True,False,True,False,True,False,0
0.3046110532496183,-0.4656410247931123,-0.6953934861551795,-1.2184705569895626,0.8084361535388619,0,0,-0.7757078563645051,0,-0.7200100474591208,0.0943946841074264,True,False,False,True,False,False,0
0.719720295005514,1.4358077008180852,-0.0013447194854226,-1.2184705569895626,0.8084361535388619,1,1,-1.6680453273779834,0,1.4165182832801098,1.1391246217161144,True,False,False,False,False,False,0
-1.8228238107493475,-0.6557858973542321,0.3456796638494558,0.5727097369478525,-0.9166876736979732,0,0,0.203451343752205,0,-0.0078339372127105,1.6948320353377568,False,False,False,True,False,False,0
-0.2038977679013539,-0.4656410247931123,-1.042417869490058,-1.2184705569895626,0.8084361535388619,0,0,1.1293383076535284,0,0.7043421730336995,-0.3812908619526995,False,False,False,False,False,True,0
-0.0378540711989956,1.4358077008180852,0.6927040471843343,0.6746851699122599,-0.9166876736979732,1,0,1.2545456319900303,1,-0.0078339372127105,1.2324834672045504,False,False,True,False,False,False,0
-0.3180528093842253,0.1047935928902469,1.0397284305192127,1.5694710048246192,2.533559980775697,1,0,1.2528745991069858,1,1.4165182832801098,1.7215059911915958,True,True,False,False,False,True,0
-1.6256469209152968,-0.0853512796708728,-1.042417869490058,-0.2082890378435508,-0.9166876736979732,1,1,-0.9274322870504595,0,-0.0078339372127105,1.0813310506994636,False,False,False,False,True,False,0
0.1489450875911573,-0.3705685885125524,-1.042417869490058,0.4600013371879237,-0.9166876736979732,1,0,1.2967644664255131,0,0.7043421730336995,-0.8703133859397449,True,False,True,False,False,False,0
-1.397336837949554,0.5801557742930463,-0.348369102820301,-1.2184705569895626,-0.9166876736979732,0,0,1.256066444041636,1,-0.0078339372127105,-1.381564206471656,False,False,False,False,False,True,0
0.8442530675322827,-0.7508583336347919,1.3867528138540912,0.4192911549055851,-0.9166876736979732,1,1,0.2609803584584424,0,-0.7200100474591208,-1.634966787083125,False,False,True,False,True,False,0
-0.152009112681867,1.0555179556958456,-0.348369102820301,0.804446714453635,-0.9166876736979732,0,1,-1.4449764337611857,1,-0.0078339372127105,0.3389059461009491,True,True,False,False,True,False,0
0.1697005496789521,-1.0360756424764714,-0.348369102820301,0.4969671894713055,-0.9166876736979732,1,0,1.6097869500676396,0,1.4165182832801098,1.2947226975301742,True,False,False,False,True,False,0
-0.7746729753157106,0.3900109017319265,1.0397284305192127,0.0585212929894998,-0.9166876736979732,1,0,0.6123486218588393,1,-0.0078339372127105,-1.4971513485049577,True,False,True,False,False,True,0
0.6159429845665401,-1.226220515037591,1.3867528138540912,0.8436428975710829,-0.9166876736979732,1,0,-1.411262810705658,0,-0.7200100474591208,-1.4793687112690652,True,True,False,True,False,False,0
0.8131198744005905,-0.5607134610736721,-1.736466636159815,-1.2184705569895626,0.8084361535388619,1,0,-1.720524035960635,0,-0.7200100474591208,-0.4479757515872966,True,False,False,False,False,True,0
2.037692137580483,-0.3705685885125524,-0.0013447194854226,0.703596533829631,0.8084361535388619,1,0,-0.2733295805609991,0,1.4165182832801098,0.1655252330509967,True,False,True,True,False,False,0
-0.3803191956476097,-0.5607134610736721,-0.6953934861551795,0.985558224114118,0.8084361535388619,1,1,1.2383878515418916,0,0.7043421730336995,0.3077863309381372,False,True,False,False,True,False,0
-0.9407166720180687,-1.7015826964403906,-0.348369102820301,-1.2184705569895626,-0.9166876736979732,1,1,-1.103861263706538,0,-0.0078339372127105,0.4100364950445194,True,False,False,False,False,False,0
0.0036568529765938,3.4323288627098423,1.7337771971889695,-1.2184705569895626,0.8084361535388619,1,1,0.2476637338048959,0,1.4165182832801098,0.1966448482138086,False,False,True,False,False,False,0
0.2112114738545417,-0.1804237159514327,-0.0013447194854226,1.23434242233524,-0.9166876736979732,1,1,1.0837410693110192,0,-0.7200100474591208,-0.9592265721192078,True,False,False,False,True,False,0
-1.5945137277836046,-0.9410032061959116,1.0397284305192127,0.8287627642813772,-0.9166876736979732,1,1,-0.9345924656155956,0,1.4165182832801098,-0.901433001102557,True,False,True,False,False,True,0
-0.0586095332867904,1.2456628282569653,0.3456796638494558,0.570587800512542,0.8084361535388619,0,1,-0.5574881050958606,0,-1.4321861577055308,-1.6571950836279907,False,True,False,False,False,False,0
-1.314314989598375,-0.5607134610736721,-0.348369102820301,0.8793494855321436,0.8084361535388619,0,0,-0.788630846802339,0,-1.4321861577055308,-1.5727275567575012,True,True,False,False,False,False,0
0.3461219774252078,-1.511437823879271,-0.0013447194854226,1.4217805143774376,-0.9166876736979732,0,0,0.7080024317437665,0,-0.0078339372127105,-0.5102149819129206,True,False,True,True,False,False,0
-0.6708956648767367,1.530880137098645,1.3867528138540912,-1.2184705569895626,-0.9166876736979732,1,0,-0.6231073113618655,0,-1.4321861577055308,1.3747445650916907,True,False,False,True,False,False,0
-1.5011141483885282,-0.5607134610736721,-1.3894422528249364,0.5980187883429229,-0.9166876736979732,0,0,0.7385979293467382,0,-1.4321861577055308,-0.9147699790294764,False,False,False,False,False,True,0
-0.1727645747696618,3.717546171551522,0.3456796638494558,-0.4573657568424072,-0.9166876736979732,1,1,0.3298041019284207,0,0.7043421730336995,1.285831378912228,False,False,False,True,False,False,0
0.5640543293470531,-0.8459307699153518,-0.6953934861551795,0.3572568963989637,-0.9166876736979732,1,1,0.1754174242853157,0,-0.0078339372127105,0.1255142992702384,True,False,False,False,True,False,0
1.010296764234641,0.2949384654513666,-1.042417869490058,-0.3102178788285816,0.8084361535388619,0,1,1.479815330334075,0,-0.7200100474591208,1.4681034105801267,True,False,False,False,False,True,0
-1.521869610476323,-0.4656410247931123,1.7337771971889695,0.4546584699996404,-0.9166876736979732,0,1,0.4523985574514386,0,-0.0078339372127105,-1.6127384905382594,True,False,False,False,False,False,0
-0.2038977679013539,-1.0360756424764714,0.6927040471843343,1.271551961878453,-0.9166876736979732,1,0,-1.7141179172866403,0,1.4165182832801098,-0.2212471268296665,True,False,True,False,True,False,0
-0.2869196162525331,1.2456628282569653,-1.736466636159815,0.9225738734919654,-0.9166876736979732,0,0,-1.6616736343111935,1,1.4165182832801098,-0.4746497074411355,False,True,False,False,False,True,0
-0.4218301198231992,-0.3705685885125524,1.7337771971889695,-1.2184705569895626,-0.9166876736979732,1,1,-1.3358710786611427,1,1.4165182832801098,1.4236468174903951,True,False,False,False,False,True,0
0.5744320603909505,1.8160974459403243,0.3456796638494558,0.2174897643139807,-0.9166876736979732,0,1,0.452746116990842,0,-0.7200100474591208,-1.6749777208638834,True,False,False,True,False,False,0
0.1904560117667469,0.2949384654513666,-0.0013447194854226,-0.4257858413090002,2.533559980775697,1,1,-0.0018652378827537,0,0.7043421730336995,-1.6794233801728564,False,True,False,False,True,False,0
-0.1312536505940722,-0.1804237159514327,-0.0013447194854226,0.3535956634353895,-0.9166876736979732,0,1,1.2684560114345032,0,-0.0078339372127105,-1.537162282285716,True,False,False,False,False,False,0
-0.3180528093842253,0.770300646854166,0.6927040471843343,0.5005219493548614,-0.9166876736979732,1,1,-0.5847486654675691,0,1.4165182832801098,0.8634937445597797,True,True,False,False,False,False,0
-1.3350704516861698,-0.4656410247931123,0.6927040471843343,-1.2184705569895626,0.8084361535388619,1,0,-0.6676695212210996,0,0.7043421730336995,-0.1812361930489082,True,False,True,False,False,False,0
1.8093820546147403,-0.8459307699153518,-0.0013447194854226,-1.2184705569895626,0.8084361535388619,0,1,0.990453932988052,0,-1.4321861577055308,-1.1770638782588916,False,False,False,False,False,True,0
-0.8784502857546845,-1.511437823879271,1.3867528138540912,0.2789124030226025,-0.9166876736979732,0,1,-0.330445487980782,0,1.4165182832801098,-1.2437487678934886,False,False,False,False,False,True,0
0.7508534881372062,-0.9410032061959116,-0.348369102820301,-1.2184705569895626,-0.9166876736979732,1,0,-1.589985610775117,0,1.4165182832801098,1.219146489277631,True,False,False,True,False,False,0
1.217851385112589,0.3900109017319265,-0.348369102820301,0.545660931436274,0.8084361535388619,1,1,-0.2241832012090647,0,-0.7200100474591208,-0.4524214108962698,True,True,False,False,True,False,0
-1.252048603334991,-0.1804237159514327,-1.3894422528249364,-1.2184705569895626,-0.9166876736979732,1,0,-1.6660658549637228,0,-1.4321861577055308,-0.7991828369961748,False,False,False,True,False,False,0
-0.442585581910994,-1.226220515037591,0.6927040471843343,-1.2184705569895626,0.8084361535388619,1,0,-0.0342047923840518,0,-0.0078339372127105,0.93462429350335,True,False,False,False,False,True,0
0.6470761776982322,-0.4656410247931123,-0.0013447194854226,-1.2184705569895626,0.8084361535388619,1,0,1.6101626760129375,0,-0.0078339372127105,-0.714715310125685,True,False,True,False,False,True,0
0.8234976054444879,-0.1804237159514327,-0.6953934861551795,0.6529023788394777,-0.9166876736979732,0,0,1.2568312836683673,1,1.4165182832801098,0.77902621768929,True,True,False,False,False,True,0
-0.494474237130481,-1.0360756424764714,0.3456796638494558,-1.2184705569895626,0.8084361535388619,1,1,-0.5455072983218717,0,0.7043421730336995,0.1210686399612653,False,False,True,False,False,True,0
-0.5671183544377627,-0.5607134610736721,1.3867528138540912,-1.2184705569895626,0.8084361535388619,1,0,-0.8877020067357766,0,-0.7200100474591208,-1.377118547162683,True,False,False,False,True,False,0
0.0970564323716704,-1.1311480787570314,-0.6953934861551795,-1.2184705569895626,0.8084361535388619,1,1,-0.4093082948850512,0,-0.7200100474591208,1.6103645084672673,False,False,False,False,False,True,0
-1.3558259137739646,-1.321292951318151,0.6927040471843343,-1.2184705569895626,0.8084361535388619,1,1,0.9988186600719406,0,-1.4321861577055308,-1.2615314051293811,True,False,False,False,False,True,0
-2.2483107835491403,-0.2754961522319926,-0.348369102820301,-1.2184705569895626,-0.9166876736979732,1,1,1.6792726040761417,0,0.7043421730336995,0.6723303942739347,True,False,False,False,True,False,0
2.058447599668278,2.7668218087459238,-0.0013447194854226,1.4945179592391544,-0.9166876736979732,1,1,1.4935807049482015,0,0.7043421730336995,0.049938091017695,True,False,False,False,True,False,0
-1.5011141483885282,0.6752282105736062,0.3456796638494558,0.2670879670744727,-0.9166876736979732,1,1,-0.8520685475451357,0,-0.7200100474591208,-1.2659770644383543,True,False,True,False,False,False,0
2.058447599668278,1.7210250096597648,1.0397284305192127,0.8113434481706053,0.8084361535388619,1,1,0.5540645040612417,0,-0.0078339372127105,-1.6127384905382594,False,False,True,True,False,False,0
-1.7709351555298602,-1.0360756424764714,1.7337771971889695,-1.2184705569895626,0.8084361535388619,1,0,0.7786562961300825,0,0.7043421730336995,-1.283759701674247,False,False,False,False,True,False,0
0.1178118944594652,0.3900109017319265,-0.348369102820301,0.1844768652224337,0.8084361535388619,1,0,0.8514259444258527,0,-1.4321861577055308,-0.5946825087834102,True,False,False,False,True,False,0
-0.6190070096572498,2.5766769361848034,-0.0013447194854226,1.1823803570884486,-0.9166876736979732,1,1,-0.4201262811490203,0,0.7043421730336995,-0.901433001102557,False,False,False,False,False,False,0
0.2838555911618235,0.4850833380124864,-0.6953934861551795,0.6827182035523722,0.8084361535388619,1,0,-1.7188876025514983,0,-1.4321861577055308,-1.661640742936964,False,False,False,False,False,False,0
1.3942728128588446,-0.4656410247931123,1.3867528138540912,-1.2184705569895626,0.8084361535388619,1,0,0.2886714127869108,0,0.7043421730336995,-0.5991281680923835,False,False,True,False,False,True,0
0.6989648329177193,-0.6557858973542321,1.3867528138540912,1.128824878168963,-0.9166876736979732,1,1,-0.4053152721827318,0,-0.7200100474591208,-0.016746798616902,True,False,False,True,False,False,0
0.8234976054444879,-0.5607134610736721,-0.348369102820301,-1.2184705569895626,0.8084361535388619,1,1,-0.4431198048943977,0,-0.0078339372127105,-0.9947918465909928,True,False,False,True,False,False,0
-0.4737187750426862,3.052039117587603,1.0397284305192127,-1.2184705569895626,0.8084361535388619,1,1,1.2050817720383205,0,0.7043421730336995,0.9212873155764304,False,False,False,True,False,False,0
0.7508534881372062,1.4358077008180852,1.0397284305192127,1.5385015883199482,-0.9166876736979732,1,1,0.6341043885451813,0,-0.7200100474591208,-0.1856818523578813,True,True,False,False,False,True,0
-0.8161838994913002,0.770300646854166,1.0397284305192127,1.2559314804353576,-0.9166876736979732,1,0,-1.2317510035377437,0,0.7043421730336995,1.0457657762276784,False,False,False,False,False,False,0
-1.6671578450908864,2.1013147547820044,1.0397284305192127,-1.2184705569895626,0.8084361535388619,0,1,0.6855605870471769,0,0.7043421730336995,1.6281471457031598,False,False,True,False,True,False,0
0.8027421433566931,-1.226220515037591,-0.348369102820301,0.3388879685023451,0.8084361535388619,1,0,-1.0618893199893902,0,-0.0078339372127105,-1.3237706354550052,True,True,False,True,False,False,0
0.034790046108286,-0.1804237159514327,0.3456796638494558,0.5282228824678149,0.8084361535388619,1,0,-1.7152953425997164,0,1.4165182832801098,0.8768307224866991,True,False,False,False,False,True,0
0.5121656741275662,0.8653730831347259,-1.3894422528249364,0.2557041535567341,-0.9166876736979732,1,1,0.5835152632913113,0,-0.0078339372127105,-1.1859551968768378,False,True,False,False,False,True,0
1.9650480202732008,-0.4656410247931123,-0.348369102820301,-1.2184705569895626,0.8084361535388619,1,0,0.7154853069097695,0,-0.0078339372127105,-0.1545622371950694,True,False,False,False,False,False,0
-0.2557864231208409,-0.7508583336347919,1.0397284305192127,0.8330452236366367,-0.9166876736979732,1,0,-0.074759548604613,0,-0.0078339372127105,0.6678847349649615,True,False,False,False,True,False,0
-0.9614721341058636,-0.4656410247931123,-0.0013447194854226,-0.1137177268526218,0.8084361535388619,1,1,-0.5833579057098466,0,-0.7200100474591208,1.0368744576097322,False,False,False,False,True,False,0
-1.127515830808222,-0.4656410247931123,1.0397284305192127,-1.2184705569895626,0.8084361535388619,0,1,0.7853647690006865,0,1.4165182832801098,-1.6483037650100445,False,False,False,False,False,True,0
0.0244123150643886,0.1047935928902469,-0.6953934861551795,-1.2184705569895626,0.8084361535388619,1,0,1.1728667060964086,0,0.7043421730336995,-0.7947371776872015,False,False,False,False,False,False,0
-0.1312536505940722,-0.0853512796708728,-0.348369102820301,0.0872406851430485,0.8084361535388619,0,1,0.3224093771808657,0,0.7043421730336995,1.125787643789195,False,False,False,True,False,False,0
-0.3595637335598148,3.3372564264292826,1.7337771971889695,-1.2184705569895626,0.8084361535388619,1,1,-0.8081552082216962,0,-0.0078339372127105,1.5570165967595897,True,False,False,False,False,True,0
0.532921136215361,0.2949384654513666,0.6927040471843343,-1.2184705569895626,0.8084361535388619,0,1,-0.4856203033888271,0,-0.0078339372127105,-0.7013783321987657,False,False,False,False,False,False,0
-1.376581375861759,0.2949384654513666,1.0397284305192127,-1.2184705569895626,0.8084361535388619,1,1,0.0183330308776377,0,0.7043421730336995,-0.7991828369961748,True,False,False,False,False,True,0
-1.0652494445448375,-0.9410032061959116,1.0397284305192127,-1.2184705569895626,0.8084361535388619,1,1,1.5496243764102555,0,0.7043421730336995,-1.4615860740331723,False,False,False,True,False,False,0
-2.0718893558028846,-0.5607134610736721,0.3456796638494558,0.8901538613407306,0.8084361535388619,1,0,0.8900692101130475,0,-0.0078339372127105,-0.585791190165464,False,False,False,True,False,False,0
0.8961417227517697,-0.5607134610736721,-0.6953934861551795,0.7370220361199855,0.8084361535388619,0,1,-1.261641123926429,0,0.7043421730336995,-1.3726728878537098,False,False,True,False,False,True,0
1.404650543902742,-0.6557858973542321,-0.348369102820301,-1.2184705569895626,0.8084361535388619,1,1,-1.515984812355027,0,-0.7200100474591208,0.1610795737420235,True,False,False,False,True,False,0
1.61220516478069,-0.1804237159514327,1.7337771971889695,0.8647264887334295,0.8084361535388619,0,1,1.246044593410948,0,0.7043421730336995,-0.301268994391183,True,True,False,False,False,False,0
-0.4633410439987888,0.009721156609687,1.0397284305192127,0.4643377535777188,-0.9166876736979732,1,0,0.0745924709181807,1,0.7043421730336995,0.4011451764265731,False,True,False,False,True,False,0
0.7508534881372062,1.3407352645375252,-1.3894422528249364,1.0180670972569472,0.8084361535388619,1,1,-1.5216356540709586,0,-0.7200100474591208,-1.0481397582986705,False,True,False,False,False,False,0
-0.2765418852086357,1.1505903919764056,-0.348369102820301,0.7768191116724836,0.8084361535388619,1,0,-0.1423507510166473,1,0.7043421730336995,-0.4168561364244846,False,False,False,False,False,False,0
1.4150282749466394,1.530880137098645,-0.6953934861551795,-1.2184705569895626,-0.9166876736979732,0,1,-1.5151236505748045,1,1.4165182832801098,0.6412107791111227,True,False,False,False,False,False,0
0.6159429845665401,-0.0853512796708728,1.7337771971889695,-1.2184705569895626,0.8084361535388619,0,0,-0.8192513812105504,0,-1.4321861577055308,0.7879175363072363,True,False,False,False,False,False,0
0.034790046108286,-0.6557858973542321,1.3867528138540912,0.597928326252381,-0.9166876736979732,1,0,-0.3189930621173719,0,1.4165182832801098,0.6278738011842032,True,True,False,False,False,False,0
-0.8058061684474028,0.1998660291708067,-1.3894422528249364,-1.2184705569895626,0.8084361535388619,0,0,-0.5195361334200055,0,-0.0078339372127105,-0.999237505899966,True,False,False,False,False,True,0
-1.3558259137739646,0.9604455194152858,-0.348369102820301,0.1094849129325412,0.8084361535388619,0,0,-0.6610112958276778,1,-0.0078339372127105,0.7345696245995587,False,False,True,True,False,False,0
-0.5671183544377627,-0.5607134610736721,0.3456796638494558,0.9542781944136044,0.8084361535388619,0,0,-0.4447588463040801,0,-0.0078339372127105,-0.7502805845974702,False,False,False,False,False,True,0
0.2008337428106443,-0.7508583336347919,-1.736466636159815,0.6425605605168649,-0.9166876736979732,1,0,1.2460120803374763,0,1.4165182832801098,-0.9414439348833152,True,False,False,False,False,True,0
0.1281896255033626,-0.3705685885125524,-1.3894422528249364,0.6231855020415475,-0.9166876736979732,0,1,1.2037574293611646,0,-0.7200100474591208,0.3166776495560834,True,False,True,False,False,False,0
0.8857639917078723,2.956966681307043,1.3867528138540912,0.1831777335363165,0.8084361535388619,1,1,-1.0058958960045186,0,0.7043421730336995,0.1077316620343458,False,False,False,False,False,False,0
2.058447599668278,-0.0853512796708728,-0.0013447194854226,1.1312491020855886,-0.9166876736979732,1,0,-0.3853352061346721,0,-0.7200100474591208,-1.0792593734614826,True,True,False,True,False,False,0
-0.1935200368574565,-0.3705685885125524,-0.6953934861551795,-1.2184705569895626,0.8084361535388619,1,1,-1.1159030976932982,0,-0.7200100474591208,-1.0259114617538048,True,False,False,True,False,False,0
1.6848492820879717,0.4850833380124864,1.0397284305192127,0.3103999351467307,0.8084361535388619,0,0,0.1144442840582978,0,0.7043421730336995,-0.5902368494744371,True,True,False,False,False,False,0
0.5536765983031557,0.770300646854166,-0.6953934861551795,-0.2019536494176241,-0.9166876736979732,0,1,-1.248195490179217,1,0.7043421730336995,-0.2301384454476127,False,False,True,False,False,False,0
-1.5841359967397073,2.006242318501444,0.6927040471843343,0.0137608106993097,0.8084361535388619,1,1,-0.2918773327093066,0,-1.4321861577055308,-0.4124104771155115,True,False,False,False,True,False,0
1.186718191980897,-0.8459307699153518,-0.348369102820301,0.8275142273220055,0.8084361535388619,1,1,-1.244050855711835,0,-1.4321861577055308,-0.5146606412218937,True,True,False,False,False,True,0
0.3876329016007974,-1.226220515037591,-0.348369102820301,0.7145037001906565,-0.9166876736979732,0,1,0.8457326792343766,0,1.4165182832801098,1.3702989057827175,True,True,False,False,True,False,0
-0.3076750783403279,-0.0853512796708728,-0.0013447194854226,-1.2184705569895626,0.8084361535388619,0,0,0.0845771140744159,0,-1.4321861577055308,0.7390152839085318,True,False,False,False,False,True,0
-0.7746729753157106,-0.6557858973542321,-1.3894422528249364,-1.2184705569895626,0.8084361535388619,1,0,-1.573996133295534,0,-0.7200100474591208,1.2991683568391474,False,False,False,False,False,True,0
0.3357442463813104,1.4358077008180852,0.3456796638494558,-1.2184705569895626,0.8084361535388619,1,1,-0.096368919526984,0,-0.0078339372127105,-1.2081834934217035,True,False,False,False,False,True,0
2.058447599668278,1.3407352645375252,0.6927040471843343,-0.1712372065466806,0.8084361535388619,0,0,1.429224988013284,1,-1.4321861577055308,-0.5635628936205983,False,False,True,False,True,False,0
0.8234976054444879,-0.5607134610736721,-0.0013447194854226,0.9812474253074852,0.8084361535388619,1,0,1.1226466998531206,0,-0.0078339372127105,1.4592120919621805,False,False,True,False,True,False,0
2.058447599668278,0.2949384654513666,-0.6953934861551795,-1.2184705569895626,0.8084361535388619,1,1,1.3292479825569397,0,-0.7200100474591208,0.1210686399612653,False,False,False,True,False,False,0
-1.3558259137739646,-0.9410032061959116,-0.6953934861551795,-0.2533181845371552,-0.9166876736979732,1,0,0.9361004197463778,0,-0.0078339372127105,0.4144821543534925,True,False,True,False,False,False,0
-0.2246532299891487,0.2949384654513666,0.3456796638494558,-1.2184705569895626,0.8084361535388619,1,0,1.0826095448075488,0,-1.4321861577055308,1.6859407167198106,True,False,False,True,False,False,0
0.1697005496789521,0.770300646854166,0.6927040471843343,0.4923710748322028,-0.9166876736979732,0,1,1.0002156790309726,1,-0.0078339372127105,0.0988403434163995,True,True,False,True,False,False,0
-1.0029830582814532,-0.7508583336347919,1.0397284305192127,1.1171443810162265,-0.9166876736979732,1,0,0.644348962422481,0,-0.0078339372127105,-1.634966787083125,True,False,False,True,False,False,0
0.2008337428106443,1.8160974459403243,-1.3894422528249364,1.642917096080563,-0.9166876736979732,1,1,-1.3676890330532812,0,0.7043421730336995,1.539233959523697,True,False,True,False,False,True,0
-0.6293847407011471,-0.9410032061959116,-1.3894422528249364,0.343261210167936,-0.9166876736979732,1,1,1.6678142667448277,0,-0.7200100474591208,1.0813310506994636,True,False,True,False,True,False,0
0.5536765983031557,-0.2754961522319926,-1.3894422528249364,0.5688248304612927,-0.9166876736979732,1,1,-1.367011822244889,0,1.4165182832801098,0.9123959969584844,True,False,True,False,True,False,0
-1.5841359967397073,0.009721156609687,0.3456796638494558,-1.2184705569895626,0.8084361535388619,1,1,-0.3307342805745534,0,-0.0078339372127105,-1.1370529444781334,True,False,True,True,False,False,0
0.1074341634155678,-1.7966551327209506,1.3867528138540912,0.4548182596746152,0.8084361535388619,0,0,-0.4750692025140446,0,1.4165182832801098,1.4992230257429386,True,False,True,False,False,False,0
0.325366515337413,-0.8459307699153518,-1.042417869490058,-1.2184705569895626,0.8084361535388619,0,1,0.0011397003461144,1,-0.7200100474591208,-0.3590625654078338,False,False,False,False,True,False,0
-1.9058456591005264,-0.2754961522319926,-0.6953934861551795,-0.2316016789608055,-0.9166876736979732,0,0,0.1278986111406623,0,0.7043421730336995,1.4280924767993686,True,False,False,True,False,False,0
-1.5841359967397073,-1.0360756424764714,-0.348369102820301,1.0517694295553488,-0.9166876736979732,1,1,-1.3636257682029285,0,-0.7200100474591208,0.3922538578086268,False,False,False,False,True,False,0
-1.5114918794324257,0.1047935928902469,-0.6953934861551795,-1.2184705569895626,-0.9166876736979732,1,1,0.7635232860297394,0,-1.4321861577055308,-0.5680085529295714,False,False,False,False,True,False,0
0.5848097914348479,-0.5607134610736721,1.0397284305192127,-1.2184705569895626,0.8084361535388619,0,1,-1.4810741170489783,0,-0.0078339372127105,-1.3459989319998709,False,False,False,False,True,False,0
-0.7746729753157106,-1.321292951318151,-0.6953934861551795,-1.2184705569895626,0.8084361535388619,0,1,0.4186188650487508,0,-0.0078339372127105,0.2322101226855938,True,False,False,False,True,False,0
1.6018274337367924,-1.9868000052820705,-0.6953934861551795,-1.2184705569895626,0.8084361535388619,1,1,-0.2336203381173856,0,-0.7200100474591208,0.7167869873636661,True,False,True,True,False,False,0
0.0244123150643886,-0.1804237159514327,-1.042417869490058,1.1128907414420246,0.8084361535388619,0,0,1.4929812125560742,0,1.4165182832801098,-0.6613673984180074,True,True,False,False,False,True,0
2.058447599668278,-0.5607134610736721,0.6927040471843343,0.6708944080438213,-0.9166876736979732,1,0,1.452700296392822,0,1.4165182832801098,0.77902621768929,False,False,False,False,False,True,0
0.5225434051714636,-0.0853512796708728,-1.042417869490058,-1.2184705569895626,-0.9166876736979732,1,1,1.0685385125294549,0,-0.7200100474591208,-1.0792593734614826,False,False,True,True,False,False,0
-1.4077145689934516,2.481604499904244,1.3867528138540912,0.423313916011537,-0.9166876736979732,1,0,1.4093483726535414,0,0.7043421730336995,1.4503207733442345,False,False,True,False,True,False,0
1.3320064265954603,-0.4656410247931123,-1.3894422528249364,-1.2184705569895626,-0.9166876736979732,1,1,-0.6194392455275525,0,-1.4321861577055308,1.2369291265135234,True,False,False,False,True,False,0
-0.9822275961936584,-0.4656410247931123,-0.6953934861551795,0.1116263827750131,-0.9166876736979732,1,0,0.560579811024754,0,-0.7200100474591208,-0.492432344677028,True,False,False,True,False,False,0
-0.8680725547107871,-0.5607134610736721,0.6927040471843343,-1.2184705569895626,0.8084361535388619,1,0,0.7479627377065886,0,-1.4321861577055308,-0.9547809128102346,True,False,False,False,True,False,0
-0.8473170926229924,-1.7015826964403906,0.6927040471843343,0.6404024392453376,-0.9166876736979732,1,1,0.8285849017790531,0,1.4165182832801098,1.2502661044404428,True,False,True,False,False,False,0
0.3980106326446948,-1.226220515037591,-0.0013447194854226,1.3052590974736975,-0.9166876736979732,1,1,-0.8837995685857479,0,1.4165182832801098,1.219146489277631,False,False,False,False,False,False,0
0.1281896255033626,0.4850833380124864,1.0397284305192127,1.0709358648377885,-0.9166876736979732,1,1,0.2611690038312549,1,-0.0078339372127105,0.6367651198021496,False,False,False,False,False,False,0
-1.0548717135009402,0.6752282105736062,0.6927040471843343,-1.2184705569895626,0.8084361535388619,1,0,0.5243656370459155,0,1.4165182832801098,-0.5946825087834102,False,False,False,True,False,False,0
2.058447599668278,1.3407352645375252,-1.042417869490058,0.287826841633392,0.8084361535388619,1,0,-1.1031972667675778,0,0.7043421730336995,-1.252640086511435,True,True,False,True,False,False,0
-0.6397624717450445,-0.1804237159514327,-1.736466636159815,-0.1882400768211708,-0.9166876736979732,0,1,-0.6723766144728583,1,1.4165182832801098,-1.44380343679728,False,False,True,True,False,False,0
-0.9095834788863768,-0.8459307699153518,-1.736466636159815,0.3979169642842413,0.8084361535388619,0,0,0.5866933727564206,0,-1.4321861577055308,0.6234281418752301,False,True,False,False,True,False,0
1.4357837370344342,1.0555179556958456,1.0397284305192127,0.7258812694224992,-0.9166876736979732,1,1,1.3220909335924582,1,0.7043421730336995,-1.1326072851691602,True,True,False,True,False,False,0
0.325366515337413,-0.8459307699153518,-0.348369102820301,0.6192604079714019,-0.9166876736979732,0,0,1.4385762347702966,0,-1.4321861577055308,-0.90587866041153,True,False,False,False,False,True,0
0.0970564323716704,1.1505903919764056,0.3456796638494558,1.128846172784967,-0.9166876736979732,1,1,-0.5634913746188809,0,1.4165182832801098,-1.5460536009036625,True,False,False,False,False,False,0
0.4602770189080792,0.9604455194152858,-0.0013447194854226,0.3351753402625514,0.8084361535388619,1,0,0.9044467693886242,1,-1.4321861577055308,-0.0567577323976603,True,True,False,False,True,False,0
1.4669169301661262,-0.0853512796708728,1.3867528138540912,-1.2184705569895626,0.8084361535388619,1,0,-0.2122263880400973,0,-1.4321861577055308,0.3700255612637611,True,False,True,False,False,True,0
0.1178118944594652,-1.0360756424764714,1.0397284305192127,-0.2374019801184302,0.8084361535388619,1,0,0.6193681422612057,0,0.7043421730336995,-1.6127384905382594,False,False,True,False,True,False,0
-0.7020288580084288,-0.3705685885125524,-1.042417869490058,0.6119262540219356,0.8084361535388619,0,0,-1.4686916781909367,0,-0.0078339372127105,1.1035593472443292,False,False,False,False,False,False,0
-2.2794439766808328,-0.0853512796708728,0.6927040471843343,-1.2184705569895626,0.8084361535388619,1,0,0.8719343913844912,0,-1.4321861577055308,0.4856127032970628,True,False,True,False,True,False,0
1.4772946612100235,1.4358077008180852,-1.3894422528249364,-0.0032230064977035,-0.9166876736979732,1,1,1.5947639975903294,0,0.7043421730336995,-1.2659770644383543,False,True,False,True,False,False,0
-1.023738520369248,0.1998660291708067,-1.3894422528249364,-1.2184705569895626,0.8084361535388619,1,0,-0.1708062972384405,0,-0.7200100474591208,-0.3234972909360487,True,False,False,False,True,False,0
0.1593228186350548,-0.4656410247931123,-0.0013447194854226,-1.2184705569895626,0.8084361535388619,1,0,1.1023036001290865,0,1.4165182832801098,0.0899490247984533,False,False,True,False,False,False,0
0.8131198744005905,-0.2754961522319926,1.0397284305192127,1.1631527598262092,0.8084361535388619,1,0,-0.1495347493201018,0,-0.0078339372127105,0.3878081984996537,False,False,False,True,False,False,0
-1.2209154102032984,0.1998660291708067,1.3867528138540912,-1.2184705569895626,0.8084361535388619,1,0,-1.5049893081872407,0,-0.7200100474591208,-1.7105429953356683,True,False,False,False,False,False,0
-0.494474237130481,-0.8459307699153518,-0.0013447194854226,-1.2184705569895626,0.8084361535388619,1,0,-0.4284899650326905,0,-1.4321861577055308,-0.616910805328276,True,False,False,False,True,False,0
-0.7435397821840184,-0.9410032061959116,1.3867528138540912,-0.2304253515639725,0.8084361535388619,1,0,0.4806807585702878,0,-1.4321861577055308,-0.3857365212616727,True,False,True,False,False,False,0
1.062185419454128,0.009721156609687,-0.6953934861551795,-0.0193062055366676,-0.9166876736979732,0,0,-1.1475398829808554,0,-1.4321861577055308,0.8012545142341557,True,False,False,False,True,False,0
0.086678701327773,0.009721156609687,-0.0013447194854226,0.9451743457973086,-0.9166876736979732,1,0,1.2736033351783924,1,-1.4321861577055308,0.9301786341943769,False,True,False,False,False,False,0
-0.4529633129548914,-0.4656410247931123,-0.348369102820301,0.2028709303725303,-0.9166876736979732,1,1,1.1890869046909431,0,-1.4321861577055308,0.0855033654894801,False,False,False,True,False,False,0
0.8650085296200775,0.3900109017319265,1.3867528138540912,0.3635344851528806,-0.9166876736979732,0,0,1.4628927102592058,1,0.7043421730336995,0.5478519336226867,False,True,False,False,False,True,0
1.0518076884102303,0.009721156609687,0.6927040471843343,1.2642383019955163,-0.9166876736979732,1,1,-1.45996774249854,0,-0.0078339372127105,0.2988950123201909,False,False,False,True,False,False,0
0.9065194537956672,0.1047935928902469,-0.348369102820301,-1.2184705569895626,0.8084361535388619,0,0,1.2673206618635655,0,0.7043421730336995,0.8768307224866991,True,False,False,True,False,False,0
-0.1208759195501748,2.5766769361848034,1.3867528138540912,0.6394087972384305,-0.9166876736979732,0,1,1.4640404043660595,0,-1.4321861577055308,1.3436249499288788,False,False,False,False,False,False,0
0.1178118944594652,-1.0360756424764714,-0.348369102820301,-1.2184705569895626,0.8084361535388619,1,1,0.4092535350887911,0,-0.7200100474591208,-0.2968233350822098,True,False,False,False,True,False,0
0.5121656741275662,-0.2754961522319926,0.6927040471843343,0.3097514900729354,0.8084361535388619,1,0,1.5413940482878272,0,-1.4321861577055308,0.3789168798817074,True,True,False,False,True,False,0
0.771608950225001,-0.2754961522319926,-1.042417869490058,-1.2184705569895626,-0.9166876736979732,1,0,1.647580181443607,0,1.4165182832801098,-0.2079101489027471,True,False,True,False,False,True,0
-2.030378431627295,-0.5607134610736721,-1.3894422528249364,1.7961694840520652,-0.9166876736979732,0,0,-0.7314111409608332,0,1.4165182832801098,-0.4035191584975652,False,False,False,False,True,False,0
-0.4322078508670966,-1.321292951318151,-1.042417869490058,-1.2184705569895626,0.8084361535388619,1,0,0.4049797176610409,0,-0.0078339372127105,1.4058641802545029,False,False,False,False,False,True,0
1.4669169301661262,1.4358077008180852,-1.042417869490058,0.8464047932557663,-0.9166876736979732,0,0,-1.4221929409930962,1,1.4165182832801098,1.0146461610648665,True,True,False,False,False,True,0
-0.8680725547107871,-0.8459307699153518,1.0397284305192127,-0.0487978077126645,0.8084361535388619,1,1,-1.276516985172956,0,1.4165182832801098,-0.2079101489027471,True,False,False,False,True,False,0
-0.1727645747696618,0.3900109017319265,-0.0013447194854226,0.0462815319743514,0.8084361535388619,0,0,0.918607690752197,0,1.4165182832801098,-1.06147673622559,True,True,False,False,False,True,0
-1.2209154102032984,1.2456628282569653,-1.3894422528249364,-1.2184705569895626,2.533559980775697,1,1,0.0626636502884049,1,1.4165182832801098,-1.4615860740331723,True,False,False,False,False,True,0
-0.3180528093842253,0.3900109017319265,-0.0013447194854226,-1.2184705569895626,-0.9166876736979732,1,1,-0.9189348996721414,0,-1.4321861577055308,0.7567979211444243,False,False,False,False,False,True,0
1.8508929787903297,0.1047935928902469,1.0397284305192127,0.0256095833514436,-0.9166876736979732,0,1,-1.4069104055281276,0,0.7043421730336995,0.2855580343932715,False,True,False,False,False,False,0
1.1140740746736149,-1.226220515037591,-0.348369102820301,-1.2184705569895626,0.8084361535388619,1,0,0.6078958955936472,0,-0.0078339372127105,-1.474923051960092,True,False,False,False,False,False,0
1.0518076884102303,-0.5607134610736721,-0.0013447194854226,0.7439652017064375,0.8084361535388619,1,1,-0.3061869101039896,0,0.7043421730336995,-0.5146606412218937,True,False,False,True,False,False,0
0.927274915883462,-1.7015826964403906,1.3867528138540912,-1.2184705569895626,0.8084361535388619,0,1,0.6750939853900785,0,1.4165182832801098,0.7745805583803169,False,False,False,False,False,True,0
0.5536765983031557,0.3900109017319265,0.6927040471843343,0.062001121442306,-0.9166876736979732,1,1,0.0465448159817503,0,-1.4321861577055308,-0.585791190165464,False,True,False,False,False,True,0
0.086678701327773,-0.9410032061959116,0.3456796638494558,1.6718379064817253,-0.9166876736979732,1,1,0.40718347812224,0,-0.7200100474591208,1.6948320353377568,False,True,False,False,False,True,0
0.086678701327773,2.291459627343124,1.0397284305192127,0.9885087292548336,-0.9166876736979732,1,1,-1.0021850589612544,0,-0.7200100474591208,1.6814950574108374,True,False,False,True,False,False,0
-0.8161838994913002,-0.7508583336347919,-1.736466636159815,0.9373161521622791,-0.9166876736979732,1,1,-0.5224659612331546,0,1.4165182832801098,-0.016746798616902,True,True,False,False,False,True,0
-1.023738520369248,0.1998660291708067,1.3867528138540912,0.5445401621729242,0.8084361535388619,0,0,-0.3222181155923054,0,-0.0078339372127105,0.018818475854883,True,True,False,True,False,False,0
-0.3491860025159174,-0.8459307699153518,-0.6953934861551795,0.9245078409108228,-0.9166876736979732,1,1,-1.200103786248003,0,1.4165182832801098,-0.8214111335410405,True,False,False,True,False,False,0
-0.5463628923499679,0.1998660291708067,-1.042417869490058,0.243792457715958,-0.9166876736979732,1,0,0.265902872555284,0,-1.4321861577055308,-1.003683165208939,False,False,False,True,False,False,0
-0.9718498651497612,-0.7508583336347919,0.6927040471843343,-1.2184705569895626,-0.9166876736979732,1,0,1.7010734022385738,0,1.4165182832801098,-1.634966787083125,True,False,False,False,True,False,0
0.3876329016007974,1.8160974459403243,-0.0013447194854226,-1.2184705569895626,0.8084361535388619,0,1,-0.8794600295442434,0,-0.0078339372127105,-0.5724542122385445,False,False,False,False,False,True,0
-0.7124065890523262,0.8653730831347259,-0.6953934861551795,0.2424766746007852,-0.9166876736979732,1,0,-0.7026619338775832,1,0.7043421730336995,-0.9147699790294764,True,False,False,False,False,True,0
0.8857639917078723,0.3900109017319265,-1.736466636159815,0.0638644803975723,-0.9166876736979732,1,0,-1.0520898448719067,1,1.4165182832801098,-0.9458895941922884,True,False,False,False,False,True,0
0.325366515337413,-0.8459307699153518,1.0397284305192127,0.556019721407732,0.8084361535388619,0,0,-1.31256233458313,0,-0.7200100474591208,0.4055908357355463,True,False,False,False,True,False,0
-1.2105376791594011,0.5801557742930463,-1.042417869490058,-1.2184705569895626,0.8084361535388619,0,1,1.2203749133721753,0,0.7043421730336995,1.3969728616365564,False,False,False,True,False,False,0
0.6159429845665401,0.3900109017319265,-1.042417869490058,-0.5933488516745319,0.8084361535388619,1,1,1.303868138312157,0,-0.7200100474591208,-1.5504992602126355,True,True,False,False,False,False,0
-0.6190070096572498,-0.4656410247931123,0.3456796638494558,0.4169548313211849,0.8084361535388619,1,1,0.0382105155708959,0,-0.7200100474591208,1.5792448933044552,False,True,False,True,False,False,0
0.9999190331907436,0.009721156609687,-0.6953934861551795,-1.2184705569895626,0.8084361535388619,1,1,0.4097556621272088,0,-0.7200100474591208,-0.4257474550424309,True,False,True,False,True,False,0
1.923537096097612,0.9604455194152858,1.0397284305192127,0.4355026019702553,-0.9166876736979732,1,1,-0.8598876809148436,0,-0.0078339372127105,1.7437342877364614,True,False,False,False,True,False,0
-1.0860049066326325,-0.9410032061959116,0.3456796638494558,0.4538910632740354,-0.9166876736979732,1,1,-1.1000721866469,0,-0.7200100474591208,-0.270149379228371,False,False,False,False,False,True,0
-0.3699414646037122,-1.511437823879271,1.0397284305192127,-0.0478598839491355,-0.9166876736979732,1,1,-0.6554468658631637,0,-1.4321861577055308,-0.0034098206899826,True,False,False,True,False,False,0
0.4395215568202844,0.009721156609687,-0.0013447194854226,0.0248212022296243,-0.9166876736979732,1,1,-1.304412332877512,0,-0.0078339372127105,-1.1414986037871064,True,False,False,True,False,False,0
0.429143825776387,0.770300646854166,1.0397284305192127,0.5043865218847863,-0.9166876736979732,1,1,-0.352636790758272,0,1.4165182832801098,-0.714715310125685,True,False,True,False,False,True,0
0.2631001290740287,0.9604455194152858,-0.6953934861551795,-1.2184705569895626,0.8084361535388619,1,1,1.519254557787847,0,-0.0078339372127105,0.1610795737420235,False,False,False,True,False,False,0
-0.4529633129548914,-0.8459307699153518,-1.042417869490058,0.2394480358314245,0.8084361535388619,1,0,0.5657949427828344,0,0.7043421730336995,-1.0125744838268855,False,True,False,True,False,False,0
-1.4284700310812464,-0.0853512796708728,-0.348369102820301,0.5784488761256775,-0.9166876736979732,1,0,-1.4555108434324748,1,-1.4321861577055308,-1.2037378341127305,True,False,False,True,False,False,0
0.2838555911618235,0.2949384654513666,-1.3894422528249364,-1.2184705569895626,0.8084361535388619,0,0,-0.4974002941207894,0,-1.4321861577055308,0.5300692963867942,True,False,False,False,False,True,0
0.4083883636885922,-1.226220515037591,1.3867528138540912,0.9690019003361252,-0.9166876736979732,1,0,0.9179589940831056,0,-0.0078339372127105,-0.2523667419924785,True,False,False,True,False,False,0
1.2593623092881785,2.291459627343124,1.3867528138540912,0.5616285311312186,-0.9166876736979732,1,1,-0.1276228503344182,0,0.7043421730336995,1.570353574686509,True,False,True,False,False,False,0
1.165962729893102,0.1998660291708067,0.6927040471843343,-1.2184705569895626,0.8084361535388619,0,0,0.5989195054484174,0,-0.0078339372127105,0.7879175363072363,True,False,False,False,False,True,0
0.481032480995874,1.530880137098645,1.0397284305192127,1.264179061334454,0.8084361535388619,1,1,0.7676736580983223,0,-0.7200100474591208,1.6414841236300792,True,True,False,True,False,False,0
0.8338753364883853,0.3900109017319265,0.3456796638494558,-1.2184705569895626,0.8084361535388619,1,0,-0.6033132826860728,0,-0.0078339372127105,0.712341328054693,False,False,False,False,True,False,0
-1.0963826376765298,0.2949384654513666,1.3867528138540912,0.1641080046303147,0.8084361535388619,1,0,-0.7485163210739085,0,-0.7200100474591208,-0.2790406978463173,False,True,False,True,False,False,0
-0.3284305404281227,0.3900109017319265,-1.042417869490058,-1.2184705569895626,0.8084361535388619,1,0,-1.3867815095822549,0,1.4165182832801098,-0.2968233350822098,False,False,True,True,False,False,0
0.4187660947324896,-1.0360756424764714,1.0397284305192127,0.3035184118697629,0.8084361535388619,1,0,-0.9738466988973192,0,-1.4321861577055308,-0.0834316882514991,False,False,False,True,False,False,0
-1.2001599481155036,-0.3705685885125524,1.0397284305192127,-1.2184705569895626,-0.9166876736979732,1,0,1.2415638746065638,1,-1.4321861577055308,-0.839193770776933,False,False,False,False,False,True,0
-1.1171380997643243,-0.0853512796708728,1.0397284305192127,-1.2184705569895626,-0.9166876736979732,1,1,-0.0386448263799211,0,-0.0078339372127105,0.24110144130354,True,False,False,True,False,False,0
0.771608950225001,-0.0853512796708728,-0.348369102820301,-1.2184705569895626,0.8084361535388619,0,0,-1.6281540464962732,0,1.4165182832801098,-0.3723995433347533,False,False,False,False,False,False,0
-1.5737582656958098,-0.8459307699153518,-1.042417869490058,0.7908388143877262,0.8084361535388619,1,1,-0.5498329280271318,0,-0.0078339372127105,-1.470477392651119,True,True,False,False,False,True,0
-0.2142754989452513,-1.226220515037591,-1.3894422528249364,1.1694822241860294,-0.9166876736979732,0,1,0.4045297506335392,0,-0.0078339372127105,1.2458204451314698,True,False,False,False,True,False,0
-0.2038977679013539,-0.8459307699153518,-1.042417869490058,-0.0568892814643656,0.8084361535388619,0,1,1.4308796774262411,0,-0.0078339372127105,1.059102754154598,True,True,False,False,False,False,0
0.9376526469273592,-1.0360756424764714,-1.042417869490058,1.8534700935199813,-0.9166876736979732,1,0,0.1395575906472998,1,1.4165182832801098,-0.52355195983984,False,False,False,False,False,True,0
-0.3180528093842253,-0.6557858973542321,-1.3894422528249364,-1.2184705569895626,0.8084361535388619,1,1,1.1883472757361548,0,1.4165182832801098,0.7745805583803169,True,False,False,True,False,False,0
0.0140345840204912,0.6752282105736062,-1.736466636159815,0.6957409019529177,-0.9166876736979732,1,0,-0.3856565118019143,1,-0.7200100474591208,1.637038464321106,True,False,False,False,True,False,0
-1.2728040654227857,-0.3705685885125524,-0.0013447194854226,-1.2184705569895626,0.8084361535388619,1,1,1.5101576780174013,0,-0.7200100474591208,-0.9414439348833152,True,False,True,False,True,False,0
-0.785050706359608,0.5801557742930463,-0.0013447194854226,0.9208859949813608,-0.9166876736979732,0,0,0.6052922417154257,0,-0.0078339372127105,-1.4037925030165217,True,False,True,False,False,True,0
-2.476620866514883,0.009721156609687,-1.3894422528249364,0.8784850522103116,0.8084361535388619,1,1,1.0164334434916646,0,-1.4321861577055308,0.9790808865930812,True,True,False,False,True,False,0
0.0140345840204912,2.006242318501444,-1.042417869490058,0.7145584577746658,4.258683808012532,1,1,0.6559785584563019,1,0.7043421730336995,0.2499927599214863,False,False,False,True,False,False,0
-1.469980955256836,-0.6557858973542321,1.3867528138540912,0.4358614082444221,-0.9166876736979732,1,1,-0.944158611617582,0,-0.0078339372127105,-1.6127384905382594,True,False,False,True,False,False,0
1.4461614680783317,-0.5607134610736721,-0.6953934861551795,-1.2184705569895626,-0.9166876736979732,1,1,0.7647114910784053,1,1.4165182832801098,0.2055361668317549,False,False,False,False,False,True,0
-0.733162051140121,0.009721156609687,-1.3894422528249364,0.7272410827587319,-0.9166876736979732,0,0,1.064486027414691,1,-0.0078339372127105,1.192472533423792,True,True,False,False,False,True,0
-2.0096229695395005,0.3900109017319265,-1.3894422528249364,0.4926258096747726,0.8084361535388619,1,0,0.0023138221918325,0,-0.0078339372127105,-1.2659770644383543,False,True,False,False,False,False,0
-1.6879133071786812,1.1505903919764056,-0.6953934861551795,-1.2184705569895626,0.8084361535388619,0,1,1.280823671622785,1,-0.0078339372127105,0.3389059461009491,False,False,False,True,False,False,0
2.058447599668278,-0.6557858973542321,1.0397284305192127,-1.2184705569895626,0.8084361535388619,1,1,-0.7795746518404078,0,-0.7200100474591208,-1.1815095375678648,False,False,False,False,False,True,0
1.1140740746736149,0.1047935928902469,-0.348369102820301,-1.2184705569895626,0.8084361535388619,1,0,0.4204844547725115,0,-1.4321861577055308,0.3477972647188954,True,False,False,False,False,True,0
-0.4114523887793018,0.6752282105736062,1.3867528138540912,1.366504174309026,-0.9166876736979732,1,1,-0.0603367839862423,1,-0.7200100474591208,1.223592148586604,True,True,False,False,True,False,0
0.0036568529765938,-1.226220515037591,-1.3894422528249364,0.8935126467130952,-0.9166876736979732,1,1,1.370739010973442,0,-1.4321861577055308,-1.1726182189499186,False,True,False,False,True,False,0
0.2734778601179261,0.9604455194152858,1.0397284305192127,-1.2184705569895626,0.8084361535388619,0,1,-0.0406952364090272,0,-0.0078339372127105,-0.9147699790294764,False,False,True,False,False,False,0
1.1970959230247942,-0.4656410247931123,1.0397284305192127,-1.2184705569895626,0.8084361535388619,1,0,-0.0984697508999756,0,-1.4321861577055308,1.352516268546825,False,False,False,True,False,False,0
0.2838555911618235,-0.5607134610736721,-0.348369102820301,0.3203491640073814,-0.9166876736979732,1,0,-1.7257671602579068,0,-0.7200100474591208,0.3300146274830028,True,False,True,False,False,True,0
0.1697005496789521,-1.321292951318151,1.0397284305192127,-1.2184705569895626,0.8084361535388619,1,1,0.6029836396322856,0,-0.7200100474591208,0.7034500094367466,True,False,True,False,False,True,0
1.217851385112589,0.1047935928902469,1.3867528138540912,0.9249374157584752,-0.9166876736979732,1,1,-0.8669562317274707,0,0.7043421730336995,1.2458204451314698,False,False,False,False,True,False,0
-1.708668769266476,-0.7508583336347919,-1.3894422528249364,-1.2184705569895626,0.8084361535388619,1,0,1.0139704477762133,0,-0.0078339372127105,-0.270149379228371,False,False,True,False,False,True,0
-0.5152296992182758,-0.4656410247931123,1.0397284305192127,0.3567341375925585,-0.9166876736979732,1,0,-1.058662006247317,0,0.7043421730336995,-1.6305211277741518,True,False,True,True,False,False,0
-1.1690267549838116,-0.8459307699153518,-1.736466636159815,-1.2184705569895626,0.8084361535388619,1,0,1.0527345508220296,0,0.7043421730336995,-1.6705320615549102,True,False,False,False,False,False,0
0.7923644123127958,-1.0360756424764714,-0.348369102820301,1.0589892650399535,0.8084361535388619,1,0,-1.1711101225802605,0,0.7043421730336995,1.31695099407504,False,False,False,False,False,True,0
-0.4218301198231992,-0.4656410247931123,-0.348369102820301,-1.2184705569895626,0.8084361535388619,1,0,1.2260956495027342,0,0.7043421730336995,1.352516268546825,True,False,True,False,False,False,0
0.7923644123127958,2.861894245026483,-1.3894422528249364,-1.2184705569895626,0.8084361535388619,1,1,0.5454819219984274,0,0.7043421730336995,-1.1815095375678648,False,False,False,False,True,False,0
0.3668774395130026,0.4850833380124864,1.0397284305192127,0.3084677289367155,0.8084361535388619,1,1,-1.715080964954852,0,-0.0078339372127105,0.0543837503266681,True,True,False,True,False,False,0
-0.785050706359608,-0.8459307699153518,0.6927040471843343,0.8977725305731928,0.8084361535388619,0,0,-0.11586928734132,0,-1.4321861577055308,-0.270149379228371,True,True,False,True,False,False,0
0.7508534881372062,-0.1804237159514327,1.7337771971889695,-0.1201397347316162,-0.9166876736979732,1,0,0.9985430813476012,0,-1.4321861577055308,-1.541607941594689,False,False,False,True,False,False,0
0.1800782807228495,-0.0853512796708728,1.3867528138540912,0.7326122893983884,-0.9166876736979732,1,0,0.5272342637795899,0,-0.7200100474591208,1.663712420174945,False,False,False,False,False,False,0
1.0310522263224358,0.8653730831347259,1.3867528138540912,-1.2184705569895626,-0.9166876736979732,1,0,0.6446478392850294,1,-0.0078339372127105,0.4233734729714388,False,False,False,False,False,True,0
-1.0444939824570427,0.5801557742930463,0.3456796638494558,-1.2184705569895626,0.8084361535388619,1,1,-0.8569517677670875,0,-1.4321861577055308,0.3789168798817074,False,False,False,True,False,False,0
-1.1482712928960168,-0.9410032061959116,0.6927040471843343,0.8230037714766019,-0.9166876736979732,0,0,-0.2478881875033359,0,0.7043421730336995,0.1788622109779161,True,False,False,False,False,False,0
-0.4010746577354044,0.5801557742930463,1.3867528138540912,1.0673421982498046,0.8084361535388619,1,0,-1.141985015685009,0,-0.0078339372127105,0.1788622109779161,False,True,False,False,False,True,0
0.875386260663975,-0.9410032061959116,-0.348369102820301,-1.2184705569895626,0.8084361535388619,0,0,-0.8471877614570268,0,-0.7200100474591208,-1.6305211277741518,True,False,False,False,False,False,0
0.0451677771521834,-1.1311480787570314,-0.348369102820301,0.6808676533886869,0.8084361535388619,1,1,1.0502246110967537,0,0.7043421730336995,-0.1945731709758276,True,True,False,False,False,True,0
0.6885871018738219,-1.0360756424764714,-0.348369102820301,-0.1674563714917175,-0.9166876736979732,1,0,-1.2461078726756571,0,1.4165182832801098,1.2458204451314698,True,True,False,True,False,False,0
-0.0378540711989956,-0.3705685885125524,0.6927040471843343,-1.2184705569895626,0.8084361535388619,1,1,-0.382418592190955,0,-0.7200100474591208,1.094668028626383,True,False,True,False,False,True,0
-1.3246927206422725,1.2456628282569653,-1.042417869490058,0.1888035149086481,-0.9166876736979732,1,0,1.2773661583658698,1,0.7043421730336995,0.7301239652905855,True,False,False,False,False,True,0
1.695227013131869,1.6259525733792048,-0.6953934861551795,-1.2184705569895626,2.533559980775697,1,1,-0.1075040386573221,1,-0.0078339372127105,0.3611342426458148,False,False,False,True,False,False,0
0.4602770189080792,-1.0360756424764714,-0.348369102820301,1.5457758611687729,-0.9166876736979732,1,1,0.2788846299387499,0,0.7043421730336995,-0.7369436066705508,True,False,False,False,False,False,0
1.3838950818149471,-0.6557858973542321,-0.6953934861551795,0.7747860362287672,0.8084361535388619,0,1,-0.8319087033261191,1,-1.4321861577055308,1.032428798300759,False,True,False,False,False,False,0
1.0518076884102303,-0.6557858973542321,-0.0013447194854226,1.3417633529304744,-0.9166876736979732,1,0,0.8411645054783573,0,-1.4321861577055308,0.712341328054693,True,True,False,True,False,False,0
-1.127515830808222,0.2949384654513666,-0.0013447194854226,-1.2184705569895626,0.8084361535388619,0,0,0.0256288254711553,0,-0.7200100474591208,-1.5149339857408504,False,False,False,False,False,True,0
-0.5671183544377627,1.3407352645375252,-0.348369102820301,0.1966000662341937,-0.9166876736979732,1,0,-0.5397966464600897,1,-0.0078339372127105,-1.057031076916617,False,False,False,True,False,False,0
1.5603165095612028,-0.0853512796708728,0.6927040471843343,-1.2184705569895626,0.8084361535388619,0,1,-0.7418307986081074,0,1.4165182832801098,-0.5813455308564909,True,False,True,True,False,False,0
-0.5256074302621732,0.770300646854166,-1.3894422528249364,1.0679310824427477,-0.9166876736979732,1,1,-0.745510339644822,0,-1.4321861577055308,0.4678300660611702,False,True,False,False,False,True,0
1.09331861258582,1.1505903919764056,-1.3894422528249364,-1.2184705569895626,-0.9166876736979732,1,1,-1.349138846771131,1,-0.7200100474591208,0.5923085267124182,False,False,False,False,False,True,0
-0.1208759195501748,2.291459627343124,-1.042417869490058,-0.1227993201935453,0.8084361535388619,1,1,0.2098910186998888,1,-1.4321861577055308,-0.9903461872820196,True,False,False,False,False,True,0
-0.2765418852086357,-0.0853512796708728,0.6927040471843343,-1.2184705569895626,-0.9166876736979732,1,0,1.1192274372708768,0,-1.4321861577055308,-0.5635628936205983,False,False,False,False,False,False,0
-0.9822275961936584,-0.5607134610736721,-0.6953934861551795,-0.345814791511729,-0.9166876736979732,1,1,-1.739714399443427,0,1.4165182832801098,-1.0881506920794288,True,False,False,False,False,True,0
-1.158649023939914,0.009721156609687,-1.3894422528249364,0.1029341766981565,-0.9166876736979732,1,0,0.2375233060827252,0,-0.0078339372127105,-1.092596351388402,True,True,False,True,False,False,0
1.6640938200001767,-1.416365387598711,-1.3894422528249364,0.2621757955031055,-0.9166876736979732,0,0,-0.2987751464195355,0,0.7043421730336995,0.9301786341943769,False,False,True,True,False,False,0
-0.2661641541647383,-1.1311480787570314,-0.348369102820301,0.6241466417398174,0.8084361535388619,0,1,-1.278335109286783,0,-0.0078339372127105,-1.5504992602126355,True,True,False,True,False,False,0
1.643338357912382,-0.0853512796708728,1.3867528138540912,1.2338713790248437,-0.9166876736979732,1,1,-0.1246554673134095,0,-0.7200100474591208,-0.5902368494744371,False,False,False,False,False,False,0
-1.5426250725641175,-0.2754961522319926,1.3867528138540912,-1.2184705569895626,0.8084361535388619,1,1,-1.46320340184236,0,1.4165182832801098,1.3747445650916907,False,False,True,False,False,True,0
0.3357442463813104,-0.1804237159514327,-1.3894422528249364,0.8119971768709279,0.8084361535388619,1,1,-1.2246381167158378,1,-1.4321861577055308,-0.4257474550424309,True,True,False,True,False,False,0
1.6225828958245871,0.1998660291708067,-1.736466636159815,-1.2184705569895626,-0.9166876736979732,1,1,-0.3571658445061045,0,-0.0078339372127105,-0.9281069569563958,True,False,False,True,False,False,0
-0.5671183544377627,-0.9410032061959116,-1.3894422528249364,0.8972912402295316,-0.9166876736979732,1,0,1.0024291760275426,0,-1.4321861577055308,0.4945040219150091,False,False,False,False,False,False,0
-0.836939361579095,-0.0853512796708728,-1.3894422528249364,0.7253442608354598,-0.9166876736979732,1,1,0.9460596783639672,0,0.7043421730336995,-0.0967686661784185,True,False,False,True,False,False,0
0.4187660947324896,-0.2754961522319926,-0.6953934861551795,0.055221588168303,-0.9166876736979732,0,1,1.3533050489248932,0,-0.7200100474591208,-0.0700947103245797,False,False,False,False,False,True,0
-1.283181796466683,-0.9410032061959116,-0.6953934861551795,0.42725774293937,-0.9166876736979732,1,0,-0.7729892765955655,0,0.7043421730336995,0.6412107791111227,True,False,False,True,False,False,0
-1.1171380997643243,2.386532063623684,-0.6953934861551795,0.7675934194262726,-0.9166876736979732,1,1,0.1907609869630561,1,-1.4321861577055308,0.1566339144330504,False,False,False,False,False,False,0
-0.6605179338328393,-0.8459307699153518,-0.6953934861551795,0.6229065906048683,-0.9166876736979732,0,0,1.328814706732931,0,-1.4321861577055308,-0.1545622371950694,True,False,False,False,True,False,0
0.6574539087421296,-0.3705685885125524,-0.348369102820301,-0.5753110310402857,0.8084361535388619,1,1,1.7286902154848387,0,1.4165182832801098,-0.5457802563847057,False,False,True,True,False,False,0
-0.3388082714720201,-0.9410032061959116,-0.0013447194854226,-1.2184705569895626,0.8084361535388619,1,0,1.632239922233225,0,-1.4321861577055308,0.747906602526478,True,False,False,False,False,False,0
-0.10012045746238,-0.6557858973542321,-0.6953934861551795,-1.2184705569895626,0.8084361535388619,1,1,-0.2039884097827344,0,-1.4321861577055308,-1.1414986037871064,True,False,False,False,False,True,0
-0.919961209930274,-0.5607134610736721,1.0397284305192127,-1.2184705569895626,0.8084361535388619,0,1,-0.5497011370662175,0,1.4165182832801098,1.6726037387928911,True,False,False,False,True,False,0
-1.1171380997643243,0.4850833380124864,-1.3894422528249364,-1.2184705569895626,0.8084361535388619,0,0,-0.5422389520378779,0,-0.7200100474591208,1.419201158181422,True,False,False,True,False,False,0
-0.8576948236668898,0.4850833380124864,-0.348369102820301,-1.2184705569895626,0.8084361535388619,0,0,0.5905120071555777,0,-1.4321861577055308,-0.0656490510156066,False,False,False,False,False,True,0
1.186718191980897,-0.6557858973542321,0.3456796638494558,1.7549988257123843,-0.9166876736979732,1,1,0.0360114495106793,0,1.4165182832801098,0.8901677004136185,True,False,False,True,False,False,0
-1.2209154102032984,-0.2754961522319926,-0.348369102820301,0.7034559573420281,-0.9166876736979732,1,0,-1.115447914664705,0,0.7043421730336995,-0.5279976191488132,True,False,False,False,True,False,0
-1.2209154102032984,1.1505903919764056,-0.6953934861551795,-1.2184705569895626,0.8084361535388619,0,1,-1.3835439377047012,0,1.4165182832801098,-1.5727275567575012,True,False,True,True,False,False,0
-0.152009112681867,-1.0360756424764714,-0.6953934861551795,0.7616996140901056,-0.9166876736979732,1,1,1.1479917707572926,0,0.7043421730336995,0.4633844067521971,True,True,False,False,False,False,0
-0.2972973472964305,0.4850833380124864,-1.3894422528249364,0.1156574695954929,-0.9166876736979732,0,1,-0.3408223744191052,0,-1.4321861577055308,-0.363508224716807,True,False,True,False,False,False,0
-0.4529633129548914,-0.0853512796708728,1.3867528138540912,0.4211629996852738,-0.9166876736979732,0,1,-0.7446820386714765,0,-0.0078339372127105,-0.4035191584975652,False,False,True,False,False,True,0
0.3357442463813104,0.009721156609687,-0.348369102820301,2.096364008822621,0.8084361535388619,0,0,0.9956210775360896,1,0.7043421730336995,0.8590480852508066,True,False,True,False,False,False,0
0.5951875224787453,-1.226220515037591,0.3456796638494558,1.2880759434577032,-0.9166876736979732,0,1,-1.6694771196776264,0,-1.4321861577055308,0.7345696245995587,True,False,False,False,False,False,0
0.875386260663975,0.6752282105736062,-0.0013447194854226,0.8759735684010395,-0.9166876736979732,1,1,-0.39032639757922,1,-0.0078339372127105,0.0143728165459099,True,True,False,False,False,True,0
-2.2275553214613457,0.9604455194152858,1.3867528138540912,0.5689048854086748,0.8084361535388619,0,1,1.1476772458914697,0,-0.0078339372127105,0.8812763817956722,True,False,False,False,False,False,0
1.5188055853856133,-0.4656410247931123,1.3867528138540912,1.255159910852489,-0.9166876736979732,1,0,1.58157133989606,0,-1.4321861577055308,-1.0525854176076437,True,False,False,False,True,False,0
1.902781634009817,-0.3705685885125524,0.3456796638494558,0.8168475460229162,-0.9166876736979732,1,0,-1.2470345822029307,0,-0.7200100474591208,-0.363508224716807,True,False,False,False,True,False,0
0.4187660947324896,0.5801557742930463,0.3456796638494558,1.056435512218464,4.258683808012532,1,0,1.527846007052517,1,1.4165182832801098,-1.2659770644383543,True,True,False,False,False,False,0
0.5536765983031557,-0.4656410247931123,0.6927040471843343,0.6662765184590307,-0.9166876736979732,1,0,-1.7027221719684256,0,1.4165182832801098,-0.8836503638666644,True,False,False,False,True,False,0
0.3149887842935157,-0.1804237159514327,-0.0013447194854226,-1.2184705569895626,0.8084361535388619,0,1,0.2107853890203942,0,-0.0078339372127105,1.2902770382212012,True,False,False,False,True,False,0
-0.1312536505940722,-1.1311480787570314,-1.042417869490058,-1.2184705569895626,-0.9166876736979732,1,1,-0.3041328488741193,0,0.7043421730336995,-0.3857365212616727,False,False,True,True,False,False,0
-0.836939361579095,-0.1804237159514327,1.3867528138540912,1.0165511767733193,2.533559980775697,1,0,0.0647020635150002,1,1.4165182832801098,1.4058641802545029,True,True,False,False,True,False,0
-0.6916511269645315,2.671749372465364,-0.0013447194854226,0.6064455322142605,0.8084361535388619,0,1,-0.1266650186672983,0,1.4165182832801098,-0.1189969627232842,False,False,False,False,False,True,0
0.2423446669862339,-0.4656410247931123,1.0397284305192127,-1.2184705569895626,0.8084361535388619,1,1,1.467624840316204,0,-0.7200100474591208,1.6459297829390525,True,False,False,True,False,False,0
-1.1897822170716064,-1.226220515037591,0.6927040471843343,0.4850626985757935,-0.9166876736979732,0,0,0.0544540123036395,0,-0.0078339372127105,-0.7191609694346582,True,False,False,False,False,False,0
-1.2728040654227857,-1.0360756424764714,1.3867528138540912,-1.2184705569895626,0.8084361535388619,1,1,-0.8325789594663892,0,-0.7200100474591208,-0.1545622371950694,True,False,False,True,False,False,0
0.8961417227517697,1.7210250096597648,1.3867528138540912,1.157314352513631,-0.9166876736979732,0,0,0.9495872599022128,1,1.4165182832801098,-1.4304664588703606,False,True,False,False,False,False,0
1.062185419454128,-0.3705685885125524,-0.348369102820301,-1.2184705569895626,0.8084361535388619,1,1,-1.5782381331166255,0,-1.4321861577055308,-0.5902368494744371,True,False,True,False,False,True,0
2.058447599668278,-1.0360756424764714,-1.042417869490058,-1.2184705569895626,0.8084361535388619,1,1,-1.0720194895760808,0,-0.7200100474591208,1.2458204451314698,False,False,False,False,True,False,0
-0.7539175132279158,0.3900109017319265,-1.042417869490058,1.116633310232139,-0.9166876736979732,1,1,1.7033908715235695,1,-0.7200100474591208,0.7834718769982632,True,False,True,True,False,False,0
1.0414299573663333,-0.2754961522319926,-1.042417869490058,0.7014465781627367,-0.9166876736979732,1,0,0.4159522714240242,0,0.7043421730336995,0.4456017695163045,False,False,False,False,True,False,0
0.9687858400590514,0.4850833380124864,-1.736466636159815,0.697055564298827,-0.9166876736979732,1,1,-1.1504100745148576,1,-0.0078339372127105,0.2366557819945669,False,True,False,False,False,True,0
0.2942333222057209,-0.3705685885125524,1.3867528138540912,-1.2184705569895626,0.8084361535388619,0,0,0.7535864562168441,0,1.4165182832801098,-0.0745403696335528,True,False,True,False,True,False,0
-2.445487673383191,-1.321292951318151,-1.736466636159815,0.3464270631171095,0.8084361535388619,1,1,1.0448004915616034,0,-1.4321861577055308,1.632592805012133,False,True,False,False,False,False,0
-0.2142754989452513,-1.1311480787570314,1.7337771971889695,0.9297178168864516,-0.9166876736979732,1,1,1.3265808673321031,0,1.4165182832801098,1.1391246217161144,True,False,True,False,True,False,0
0.958408109015154,0.1998660291708067,0.6927040471843343,1.830171381963571,0.8084361535388619,1,1,0.6594797122556842,0,-0.0078339372127105,1.3702989057827175,True,True,False,False,True,False,0
0.034790046108286,0.5801557742930463,0.6927040471843343,-0.3006079228349362,-0.9166876736979732,0,1,-0.9229242711736966,0,-0.0078339372127105,1.2680487416763355,False,False,False,False,False,True,0
2.058447599668278,-0.5607134610736721,-1.042417869490058,0.1170867706260532,-0.9166876736979732,0,1,-0.4435974167276847,0,-0.0078339372127105,-1.492705689195985,False,True,False,False,True,False,0
1.5291833164295108,-0.3705685885125524,0.6927040471843343,-1.2184705569895626,0.8084361535388619,0,1,0.7015436314587467,0,0.7043421730336995,0.3922538578086268,True,False,True,False,True,False,0
1.1452072678053071,-0.3705685885125524,-0.6953934861551795,0.6924360736150886,2.533559980775697,1,1,-0.9270070090947914,1,1.4165182832801098,-1.5727275567575012,False,False,True,False,False,False,0
-0.2142754989452513,1.530880137098645,1.3867528138540912,0.3775858896272864,-0.9166876736979732,1,0,0.2441730120076971,0,-1.4321861577055308,1.445875114035261,True,False,True,False,False,False,0
0.2734778601179261,-0.0853512796708728,-1.042417869490058,-1.2184705569895626,0.8084361535388619,0,0,0.2545008680357594,0,-1.4321861577055308,-1.706097336026695,False,False,False,False,True,False,0
0.5848097914348479,-0.6557858973542321,1.0397284305192127,1.783391913900404,-0.9166876736979732,1,1,0.3422428735982515,0,-0.0078339372127105,0.3300146274830028,False,False,True,True,False,False,0
-1.604891458827502,-1.1311480787570314,1.3867528138540912,-0.0134328942670304,-0.9166876736979732,1,1,1.1195929050806948,0,1.4165182832801098,0.4544930881342508,True,False,True,True,False,False,0
0.3357442463813104,-0.0853512796708728,-0.6953934861551795,0.9296998845782384,2.533559980775697,1,0,-1.67720149569417,1,1.4165182832801098,1.2502661044404428,False,False,True,False,False,False,0
0.086678701327773,1.2456628282569653,-0.348369102820301,0.1727537788376896,-0.9166876736979732,1,0,-0.1661040722543672,0,0.7043421730336995,0.650102097729069,False,True,False,False,False,False,0
1.1555849988492046,-0.6557858973542321,1.0397284305192127,-1.2184705569895626,0.8084361535388619,1,0,-1.455364447668504,0,0.7043421730336995,-0.5191063005308669,False,False,True,True,False,False,0
1.1763404609369994,0.5801557742930463,-1.042417869490058,0.2473320071595112,-0.9166876736979732,1,1,-0.9265678218028792,0,-0.0078339372127105,1.419201158181422,True,False,True,False,True,False,0
1.747115668351356,0.009721156609687,1.3867528138540912,0.564143217138386,-0.9166876736979732,1,0,-1.454585872572232,1,1.4165182832801098,0.650102097729069,True,True,False,False,True,False,0
-0.0689872643306878,-0.9410032061959116,-0.348369102820301,-1.2184705569895626,0.8084361535388619,1,1,-0.4535344204072833,0,0.7043421730336995,-1.506042667122904,False,False,True,True,False,False,0
-0.4840965060865836,-0.9410032061959116,-0.6953934861551795,0.651706197815694,-0.9166876736979732,0,0,-1.6750064285681237,0,1.4165182832801098,1.0857767100084368,False,False,True,False,True,False,0
-0.1208759195501748,2.671749372465364,-0.6953934861551795,-1.2184705569895626,-0.9166876736979732,0,1,-0.9991538668602252,0,1.4165182832801098,-0.6480304204910879,False,False,False,True,False,False,0
-1.2416708722910934,0.009721156609687,-1.736466636159815,-1.2184705569895626,0.8084361535388619,1,0,-0.0948267218709023,0,-1.4321861577055308,0.7567979211444243,False,False,True,False,True,False,0
-0.3699414646037122,0.4850833380124864,0.6927040471843343,1.875061072938836,0.8084361535388619,1,1,0.642637070864219,0,-1.4321861577055308,-1.0792593734614826,False,False,True,True,False,False,0
0.8234976054444879,0.1047935928902469,-0.0013447194854226,1.524627905828731,-0.9166876736979732,1,1,1.030803178765604,1,-0.7200100474591208,1.5881362119224016,False,False,True,False,False,True,0
0.8442530675322827,3.3372564264292826,-0.6953934861551795,0.4874288026006196,-0.9166876736979732,1,1,0.5938989305310536,0,-1.4321861577055308,1.6503754422480257,True,True,False,True,False,False,0
-0.733162051140121,0.1998660291708067,1.0397284305192127,-1.2184705569895626,0.8084361535388619,0,0,-1.2291358744571208,0,-0.0078339372127105,1.4236468174903951,True,False,False,True,False,False,0
1.2074736540686914,-1.321292951318151,0.3456796638494558,-1.2184705569895626,0.8084361535388619,1,1,-1.377295863863782,0,-0.0078339372127105,1.4280924767993686,True,False,False,False,True,False,0
0.6885871018738219,0.009721156609687,-0.6953934861551795,-1.2184705569895626,0.8084361535388619,1,1,0.7810756513030674,0,-0.7200100474591208,0.4544930881342508,False,False,False,False,True,False,0
-0.7435397821840184,0.2949384654513666,-1.042417869490058,0.756186550083688,-0.9166876736979732,0,0,0.0536342307987439,1,-0.0078339372127105,-1.0881506920794288,False,True,False,False,False,False,0
2.0169366754926883,-0.1804237159514327,0.3456796638494558,0.8165897690923457,-0.9166876736979732,1,1,-1.024333068929684,0,-1.4321861577055308,-1.408238162325495,False,False,False,False,False,True,0
0.0555455081960808,-0.1804237159514327,-1.042417869490058,-1.2184705569895626,0.8084361535388619,1,1,-1.612853776627593,0,-0.7200100474591208,-0.9281069569563958,False,False,False,False,False,False,0
0.927274915883462,-0.0853512796708728,1.3867528138540912,-1.2184705569895626,0.8084361535388619,1,0,-1.4961626172733398,0,1.4165182832801098,-1.154835581714026,True,False,False,True,False,False,0
0.6782093708299244,-1.321292951318151,0.6927040471843343,0.521361212817798,0.8084361535388619,1,0,1.5575076665933902,0,-0.0078339372127105,-0.7725088811423358,False,False,False,False,True,False,0
-0.5982515475694549,-1.9868000052820705,-1.3894422528249364,0.9061033686175668,-0.9166876736979732,1,0,1.1693973699036853,0,-0.0078339372127105,-1.2615314051293811,True,True,False,False,False,True,0
-0.152009112681867,0.8653730831347259,0.6927040471843343,0.8758787833433391,0.8084361535388619,1,1,0.5489764688630937,1,-1.4321861577055308,-1.1059333293153213,False,False,False,False,True,False,0
-0.1312536505940722,1.0555179556958456,0.3456796638494558,0.6281620377906103,0.8084361535388619,1,1,-0.8224048016038259,0,-0.0078339372127105,-0.4390844329693503,False,False,False,False,False,False,0
-0.7746729753157106,-0.8459307699153518,1.0397284305192127,0.2620992629734082,0.8084361535388619,0,1,0.4521111557912918,0,0.7043421730336995,-0.1678992151219888,False,False,False,False,False,True,0
1.923537096097612,-0.7508583336347919,1.3867528138540912,0.4575377262371859,-0.9166876736979732,0,1,-0.859921932655345,0,-0.7200100474591208,-1.5282709636677696,True,False,True,False,False,True,0
0.6989648329177193,1.0555179556958456,-1.042417869490058,-1.2184705569895626,0.8084361535388619,0,0,-1.5588742506641864,0,0.7043421730336995,1.4369837954173148,True,False,True,False,True,False,0
0.8650085296200775,0.009721156609687,-1.3894422528249364,-0.2518073875701597,-0.9166876736979732,1,0,-1.0468088176333692,0,-0.0078339372127105,-1.1370529444781334,True,False,True,True,False,False,0
-0.442585581910994,-0.1804237159514327,-0.0013447194854226,0.8519551628676638,-0.9166876736979732,1,1,-1.2803104089001704,0,-0.0078339372127105,1.4014185209455297,True,False,True,False,True,False,0
0.4602770189080792,-1.1311480787570314,-0.348369102820301,0.1846886906132067,0.8084361535388619,0,0,1.6635576621206796,0,1.4165182832801098,0.3477972647188954,True,False,False,True,False,False,0
0.1489450875911573,-0.2754961522319926,-0.6953934861551795,-1.2184705569895626,0.8084361535388619,1,0,-1.1349105534044783,0,-0.7200100474591208,1.725951650500569,True,False,False,False,False,False,0
-1.2728040654227857,-0.7508583336347919,-1.042417869490058,1.4073805506621295,0.8084361535388619,1,1,-0.6856965425937627,0,-0.0078339372127105,-0.8880960231756375,False,False,False,False,False,True,0
0.3668774395130026,-0.2754961522319926,-0.0013447194854226,-1.2184705569895626,-0.9166876736979732,1,0,-1.4384873806698346,0,0.7043421730336995,0.1032860027253727,False,False,True,False,False,True,0
-2.0407561626711925,-0.1804237159514327,0.3456796638494558,1.5043202072164117,-0.9166876736979732,0,1,-0.8003558956561365,0,1.4165182832801098,1.445875114035261,False,True,False,True,False,False,0
-1.5322473415202202,3.242183990148723,1.0397284305192127,-1.2184705569895626,-0.9166876736979732,1,1,-1.14466377997895,0,-0.0078339372127105,0.2900036937022446,False,False,False,True,False,False,0
0.2734778601179261,-0.8459307699153518,-1.736466636159815,-1.2184705569895626,-0.9166876736979732,1,0,-1.1356661780959476,0,0.7043421730336995,1.5925818712313746,True,False,True,True,False,False,0
1.1763404609369994,-0.1804237159514327,0.6927040471843343,0.4259984786170492,-0.9166876736979732,1,0,-1.5881589671928402,0,0.7043421730336995,-0.0434207544707409,True,True,False,False,True,False,0
1.2801177713759733,-1.321292951318151,1.7337771971889695,-0.2545257333634674,0.8084361535388619,1,0,-1.5014811997197366,0,0.7043421730336995,-0.5191063005308669,True,True,False,True,False,False,0
0.0763009702838756,-0.0853512796708728,-0.6953934861551795,-1.2184705569895626,0.8084361535388619,1,0,1.0105447521259563,0,1.4165182832801098,0.8768307224866991,False,False,False,False,False,True,0
1.456539199122229,-1.0360756424764714,-0.348369102820301,0.8652442841330971,-0.9166876736979732,1,0,-1.0821552228972693,0,-0.0078339372127105,1.352516268546825,False,False,False,False,False,False,0
1.3216286955515628,0.2949384654513666,-0.0013447194854226,-1.2184705569895626,0.8084361535388619,0,0,-1.2949484204969208,0,-1.4321861577055308,-0.3412799281719413,False,False,False,False,False,True,0
1.2697400403320758,-0.6557858973542321,1.3867528138540912,-1.2184705569895626,0.8084361535388619,1,0,-1.5617891259408732,0,-0.0078339372127105,0.6456564384200958,True,False,True,False,False,False,0
1.4150282749466394,-0.5607134610736721,-0.0013447194854226,-1.2184705569895626,0.8084361535388619,0,0,0.2876954989826732,0,-0.0078339372127105,1.668158079483918,False,False,False,True,False,False,0
0.5432988672592584,0.1998660291708067,1.3867528138540912,-0.2245369899642275,0.8084361535388619,1,0,0.4975957285102229,0,-0.0078339372127105,1.663712420174945,True,True,False,False,True,False,0
-0.9510944030619662,-0.8459307699153518,-1.736466636159815,0.5248586533590281,-0.9166876736979732,1,0,-1.260817691220769,0,1.4165182832801098,-0.6124651460193028,False,False,False,True,False,False,0
-0.2142754989452513,-0.5607134610736721,-0.348369102820301,0.7548310597146136,-0.9166876736979732,0,0,0.2130959036372682,0,-0.0078339372127105,0.2455471006125132,False,True,False,False,False,True,0
-0.1623868437257644,3.5274012989904024,1.3867528138540912,0.8074735920141534,-0.9166876736979732,1,1,-1.054356718946314,0,0.7043421730336995,1.067994072772544,True,False,True,False,False,False,0
-0.6190070096572498,-0.1804237159514327,0.6927040471843343,-1.2184705569895626,0.8084361535388619,1,1,0.4571831952527592,0,1.4165182832801098,-1.6260754684651788,False,False,False,False,False,True,0
0.2423446669862339,-0.2754961522319926,0.6927040471843343,0.2130712115481715,-0.9166876736979732,1,1,0.8513976041532555,0,0.7043421730336995,1.0546570948456246,True,True,False,True,False,False,0
-0.8784502857546845,0.6752282105736062,-1.3894422528249364,-0.1259044914926033,0.8084361535388619,1,1,0.1589365995029045,0,-0.0078339372127105,-1.448249096106253,False,True,False,False,True,False,0
-1.158649023939914,-0.3705685885125524,0.6927040471843343,0.8368561593518156,0.8084361535388619,1,0,1.7008485925915262,0,-0.7200100474591208,0.2055361668317549,False,True,False,False,True,False,0
1.0310522263224358,-0.8459307699153518,-0.6953934861551795,1.4274607331139892,-0.9166876736979732,0,0,0.597940809776931,0,1.4165182832801098,-0.5413345970757326,True,False,False,True,False,False,0
-1.81244607970545,-1.606510260159831,-0.0013447194854226,0.1033874478102341,0.8084361535388619,0,0,1.0898244913841468,1,-0.0078339372127105,0.24110144130354,True,False,False,False,False,False,0
-0.4529633129548914,-1.226220515037591,-1.3894422528249364,0.4890851394619558,-0.9166876736979732,0,1,-1.6233532390915686,0,1.4165182832801098,0.2900036937022446,True,True,False,False,True,False,0
1.2282291161564862,2.7668218087459238,-1.042417869490058,1.720430458993203,-0.9166876736979732,0,0,1.028004098713151,1,1.4165182832801098,-0.2034644895937739,False,False,False,False,True,False,0
0.4498992878641817,0.5801557742930463,1.3867528138540912,-0.5278421297702635,-0.9166876736979732,0,1,-0.40164842341534,0,-1.4321861577055308,-0.1101056441053379,True,False,False,True,False,False,0
-0.2142754989452513,-0.2754961522319926,-1.3894422528249364,-1.2184705569895626,0.8084361535388619,0,0,0.5687188591280795,0,-0.0078339372127105,-0.2301384454476127,True,False,False,False,False,True,0
-0.9407166720180687,-1.416365387598711,1.0397284305192127,1.0816129532800374,-0.9166876736979732,0,1,1.3996473060899854,0,-1.4321861577055308,0.365579901954788,True,False,True,False,False,False,0
-1.2935595275105802,-0.5607134610736721,1.3867528138540912,0.8976743832077023,-0.9166876736979732,0,0,-0.0295076095343672,0,-0.0078339372127105,-0.9236612976474228,True,False,True,True,False,False,0
-0.2557864231208409,-0.8459307699153518,-0.348369102820301,0.0603435037018117,0.8084361535388619,1,0,0.5110916097346171,0,0.7043421730336995,-0.936998275574342,False,True,False,False,False,False,0
0.9999190331907436,-0.7508583336347919,-1.3894422528249364,0.3755505726450433,-0.9166876736979732,1,0,1.7182208319604912,0,-1.4321861577055308,-0.808074155614121,False,True,False,False,False,False,0
-0.5671183544377627,-0.5607134610736721,-1.042417869490058,-1.2184705569895626,0.8084361535388619,1,1,-1.6644368978228177,0,-0.0078339372127105,1.5481252781416432,False,False,True,True,False,False,0
-1.3039372585544775,-0.6557858973542321,0.3456796638494558,0.8940021026613896,0.8084361535388619,1,1,-1.7149404806587851,0,0.7043421730336995,-0.8569764080128255,False,True,False,False,False,True,0
0.9895413021468462,2.1013147547820044,0.6927040471843343,1.2788135860455911,-0.9166876736979732,0,1,0.8193115473050088,0,1.4165182832801098,-0.3546169060988607,True,False,False,True,False,False,0
1.311250964507665,0.1047935928902469,1.0397284305192127,0.4513381110020193,0.8084361535388619,1,1,0.2968916566405621,0,1.4165182832801098,1.7392886284274882,True,False,True,True,False,False,0
0.2215892048984391,-0.3705685885125524,0.3456796638494558,-1.2184705569895626,0.8084361535388619,1,0,-0.0315133358207887,0,1.4165182832801098,-1.7105429953356683,False,False,True,False,False,True,0
1.4150282749466394,-0.2754961522319926,1.7337771971889695,0.5368598506309779,-0.9166876736979732,1,1,-1.4653861244324895,0,0.7043421730336995,-1.4393577774883068,True,False,True,True,False,False,0
-0.0793649953745852,0.6752282105736062,0.3456796638494558,-1.0189865970147762,-0.9166876736979732,0,0,0.9798440651676372,1,-1.4321861577055308,1.285831378912228,False,False,True,False,True,False,0
0.9999190331907436,-1.511437823879271,1.0397284305192127,0.1520714230716222,-0.9166876736979732,0,0,0.5849992156018703,0,0.7043421730336995,1.1791355554968723,False,False,True,False,False,False,0
-0.0378540711989956,-1.8917275690015103,-1.3894422528249364,-1.2184705569895626,0.8084361535388619,0,1,-1.361887970505912,0,0.7043421730336995,-1.350444591308844,False,False,False,True,False,False,0
1.0206744952785385,-0.0853512796708728,0.6927040471843343,0.3387168110248421,0.8084361535388619,0,1,1.381401386538179,0,-0.0078339372127105,-1.257085745820408,False,False,True,False,False,False,0
0.9791635711029488,-1.416365387598711,-0.6953934861551795,0.9829180119494554,0.8084361535388619,0,1,1.2120387004275877,0,-0.0078339372127105,0.1566339144330504,True,False,False,False,True,False,0
1.1555849988492046,-0.7508583336347919,0.6927040471843343,1.0865723572703605,0.8084361535388619,1,1,0.6925401181078407,1,0.7043421730336995,0.1788622109779161,True,True,False,False,False,False,0
-0.6086292786133524,0.4850833380124864,-0.0013447194854226,-1.2184705569895626,-0.9166876736979732,1,0,0.4801449013914778,0,-0.7200100474591208,-0.1678992151219888,True,False,True,False,False,True,0
0.3564997084691052,0.1998660291708067,1.7337771971889695,-1.2184705569895626,-0.9166876736979732,1,0,0.5677645047950208,0,-1.4321861577055308,-0.6258021239462223,False,False,False,False,False,False,0
-0.2557864231208409,0.1998660291708067,0.3456796638494558,-1.2184705569895626,2.533559980775697,1,1,0.6653784878901694,1,0.7043421730336995,-1.706097336026695,False,False,False,False,False,False,0
-0.6086292786133524,2.861894245026483,-1.042417869490058,1.77579469939384,0.8084361535388619,0,1,0.0950598853348985,0,-1.4321861577055308,1.5347883002147238,True,True,False,True,False,False,0
0.8234976054444879,0.1047935928902469,0.6927040471843343,0.6867057404814758,-0.9166876736979732,1,1,0.967000531813099,0,-0.7200100474591208,-1.5727275567575012,False,False,False,False,True,False,0
-0.1727645747696618,-0.2754961522319926,1.3867528138540912,0.0821317385110159,0.8084361535388619,1,0,1.674332703308994,0,-0.0078339372127105,1.032428798300759,False,True,False,True,False,False,0
-1.5945137277836046,0.5801557742930463,0.6927040471843343,0.5299413419683197,0.8084361535388619,0,1,1.1398553306545127,0,1.4165182832801098,0.2455471006125132,True,True,False,False,True,False,0
-0.2142754989452513,-0.3705685885125524,1.3867528138540912,0.5810437771901217,0.8084361535388619,1,0,-1.3206751288142944,0,-0.7200100474591208,-0.2568124013014516,True,False,False,False,False,False,0
-1.81244607970545,-0.2754961522319926,-0.6953934861551795,0.6660366738366739,-0.9166876736979732,0,0,-0.4588218807138337,0,-0.0078339372127105,0.747906602526478,False,True,False,True,False,False,0
0.8131198744005905,-1.226220515037591,0.3456796638494558,-1.2184705569895626,0.8084361535388619,1,1,1.4844288832995916,0,0.7043421730336995,-1.252640086511435,True,False,True,True,False,False,0
-0.1727645747696618,-0.9410032061959116,-1.3894422528249364,-1.2184705569895626,-0.9166876736979732,0,1,-1.3138367775165096,0,-1.4321861577055308,0.8501567666328603,True,False,False,True,False,False,0
0.9791635711029488,-0.9410032061959116,-0.348369102820301,0.4722846480944478,-0.9166876736979732,1,1,-0.9966929575452104,0,-0.0078339372127105,-0.808074155614121,False,False,False,False,False,False,0
-1.376581375861759,0.8653730831347259,1.7337771971889695,-0.0803457012671187,-0.9166876736979732,1,0,0.6524819251911995,0,-0.7200100474591208,0.965743908666162,True,False,False,False,False,True,0
1.165962729893102,0.009721156609687,1.3867528138540912,0.996513903773257,-0.9166876736979732,1,0,-0.8755640244622277,1,-0.7200100474591208,0.4100364950445194,False,True,False,True,False,False,0
0.086678701327773,-1.8917275690015103,-0.0013447194854226,0.8253264857199468,-0.9166876736979732,1,1,-1.0442893152394257,0,-1.4321861577055308,1.1391246217161144,True,False,False,True,False,False,0
-1.3454481827300673,-0.4656410247931123,1.3867528138540912,0.8058995516387257,-0.9166876736979732,1,0,1.2834358449694558,1,-0.0078339372127105,1.6281471457031598,True,False,True,True,False,False,0
0.034790046108286,0.1047935928902469,-1.736466636159815,0.0937036811551025,-0.9166876736979732,1,1,1.7102772100313974,1,-0.0078339372127105,-0.3190516316270755,False,True,False,False,False,True,0
0.5121656741275662,-0.3705685885125524,-1.042417869490058,-1.2184705569895626,0.8084361535388619,1,1,-0.6027275257634865,0,1.4165182832801098,1.476994729198073,False,False,False,False,True,False,0
-0.6501402027889419,0.6752282105736062,1.7337771971889695,-1.2184705569895626,0.8084361535388619,0,1,1.1812170022439437,0,-0.0078339372127105,0.9524069307392424,False,False,True,False,False,False,0
0.034790046108286,-0.0853512796708728,-0.6953934861551795,2.7986561216557067,2.533559980775697,0,1,-0.3369065485329414,1,-1.4321861577055308,-1.2037378341127305,True,False,True,False,False,True,0
-0.7954284374035054,-1.0360756424764714,0.6927040471843343,-1.2184705569895626,-0.9166876736979732,1,1,-1.5607186286501744,0,-1.4321861577055308,0.6367651198021496,True,False,True,False,True,False,0
1.3216286955515628,0.1047935928902469,-1.042417869490058,-0.0101174986761471,-0.9166876736979732,1,1,-0.8265150104640032,0,-1.4321861577055308,1.3969728616365564,False,True,False,False,True,False,0
0.3772551705569,-0.4656410247931123,1.3867528138540912,0.238939046475969,0.8084361535388619,0,1,1.1014752991557408,0,0.7043421730336995,1.6814950574108374,False,True,False,False,False,True,0
0.0659232392399782,-0.6557858973542321,1.0397284305192127,-1.2184705569895626,-0.9166876736979732,1,1,-0.3480917412737589,0,-1.4321861577055308,1.1569072589520069,True,False,False,True,False,False,0
-1.314314989598375,-0.1804237159514327,-1.736466636159815,-1.2184705569895626,-0.9166876736979732,0,1,0.5405590601681799,0,1.4165182832801098,0.1566339144330504,False,False,True,False,False,True,0
-0.785050706359608,0.6752282105736062,-0.348369102820301,0.9809260847486932,-0.9166876736979732,1,1,-1.164579689213583,0,0.7043421730336995,-0.4168561364244846,True,True,False,False,False,False,0
1.062185419454128,-0.3705685885125524,0.3456796638494558,0.3599878908739577,0.8084361535388619,0,1,0.0988527874620035,0,-0.0078339372127105,0.7034500094367466,True,True,False,False,True,False,0
-0.733162051140121,0.9604455194152858,1.7337771971889695,-1.2184705569895626,0.8084361535388619,0,0,-1.0224700872064694,0,-1.4321861577055308,-1.6216298091562056,True,False,True,True,False,False,0
1.5291833164295108,2.956966681307043,1.0397284305192127,-0.091028713775474,-0.9166876736979732,1,1,-1.111838789642727,0,0.7043421730336995,1.5614622560685627,True,False,False,False,True,False,0
2.0169366754926883,0.1998660291708067,-0.0013447194854226,-1.2184705569895626,2.533559980775697,1,0,-1.6863474058748766,1,-1.4321861577055308,1.7215059911915958,False,False,False,True,False,False,0
-1.137893561852119,-1.226220515037591,-1.042417869490058,-1.2184705569895626,0.8084361535388619,1,1,-0.7921671216757377,0,-0.7200100474591208,-1.350444591308844,False,False,True,False,True,False,0
0.429143825776387,0.1998660291708067,1.3867528138540912,1.6869072896670425,2.533559980775697,1,1,1.5213013166161888,1,-0.0078339372127105,-0.7858458590692553,False,True,False,True,False,False,0
-0.4737187750426862,-0.0853512796708728,0.6927040471843343,0.840198773624809,-0.9166876736979732,1,1,1.6247360091961525,0,0.7043421730336995,-1.541607941594689,True,False,True,False,False,True,0
0.4914102120397713,0.1047935928902469,-1.042417869490058,-1.2184705569895626,-0.9166876736979732,1,0,-0.3832712345027276,0,-0.7200100474591208,-1.6705320615549102,True,False,True,False,False,False,0
0.3980106326446948,-0.2754961522319926,1.7337771971889695,-1.2184705569895626,0.8084361535388619,1,0,-0.7741999104489248,0,-0.7200100474591208,1.1969181927327652,True,False,True,True,False,False,0
-1.7916906176176552,-1.226220515037591,-1.3894422528249364,-1.2184705569895626,0.8084361535388619,1,1,-1.4137852688335537,0,0.7043421730336995,0.2855580343932715,False,False,False,False,False,False,0
-0.6812733959206341,-0.3705685885125524,0.6927040471843343,1.4196444882713877,2.533559980775697,1,0,0.3370051391687743,1,-0.0078339372127105,-1.408238162325495,False,False,False,False,False,True,0
0.3046110532496183,0.2949384654513666,-0.6953934861551795,0.6740279187942526,0.8084361535388619,1,0,-1.5818116154644777,1,-0.7200100474591208,-1.7238799732625878,True,True,False,False,True,False,0
0.8857639917078723,-1.606510260159831,1.7337771971889695,0.5674474050366358,0.8084361535388619,0,0,0.1025215487631289,0,-0.7200100474591208,-1.5504992602126355,False,True,False,False,True,False,0
0.4187660947324896,-0.2754961522319926,-0.6953934861551795,-1.2184705569895626,0.8084361535388619,1,1,-1.6021654949241015,0,1.4165182832801098,0.712341328054693,False,False,False,False,False,True,0
0.7819866812688984,-0.4656410247931123,1.7337771971889695,-1.2184705569895626,0.8084361535388619,1,1,1.7074762174452105,0,0.7043421730336995,0.7167869873636661,True,False,False,True,False,False,0
1.2074736540686914,0.1047935928902469,1.0397284305192127,-1.2184705569895626,0.8084361535388619,0,1,-0.5450865409004828,0,1.4165182832801098,-1.2126291527306767,False,False,False,True,False,False,0
2.058447599668278,-0.8459307699153518,-1.042417869490058,1.0397195588753914,-0.9166876736979732,1,1,-1.6422247310409612,0,-0.7200100474591208,0.0366011130907756,True,False,True,False,False,False,0
-0.0378540711989956,1.6259525733792048,0.3456796638494558,1.304214380410361,0.8084361535388619,1,0,0.7052023084910952,1,0.7043421730336995,-1.2748683830563008,False,False,True,False,False,True,0
-1.4596032242129386,1.7210250096597648,1.0397284305192127,0.750085562543696,-0.9166876736979732,1,1,1.4053205766106112,0,-0.7200100474591208,0.6678847349649615,False,False,True,True,False,False,0
1.6848492820879717,0.8653730831347259,0.6927040471843343,-1.2184705569895626,0.8084361535388619,1,1,0.5640037680079801,0,-1.4321861577055308,-1.541607941594689,False,False,False,True,False,False,0
-1.656780114046989,-0.3705685885125524,-0.348369102820301,1.0448328284745825,0.8084361535388619,1,0,-1.0590526847290775,0,-0.0078339372127105,0.8901677004136185,True,False,False,False,True,False,0
-2.05113389371509,1.0555179556958456,1.7337771971889695,0.2688792765770952,-0.9166876736979732,1,0,0.9373625181438408,1,-0.0078339372127105,-0.7191609694346582,False,True,False,False,False,False,0
0.1593228186350548,0.4850833380124864,-0.0013447194854226,1.0295793189102864,0.8084361535388619,0,1,-0.7522707986596389,0,-1.4321861577055308,-1.4838143705780382,False,True,False,False,True,False,0
1.0829408815419228,-0.6557858973542321,-1.736466636159815,0.5351836601426908,0.8084361535388619,1,1,-0.7694467425208569,0,-0.0078339372127105,-0.4035191584975652,True,True,False,True,False,False,0
0.667831639786027,0.4850833380124864,-0.6953934861551795,0.5351855814614279,-0.9166876736979732,1,0,-1.2707858170402138,1,-1.4321861577055308,0.7301239652905855,False,False,False,False,False,False,0
2.0169366754926883,-0.0853512796708728,-0.0013447194854226,-1.2184705569895626,-0.9166876736979732,1,1,1.515854594409642,0,-0.0078339372127105,-1.697206017408749,False,False,False,False,True,False,0
0.9895413021468462,-0.0853512796708728,-1.042417869490058,0.8586126924018566,-0.9166876736979732,1,0,-0.19371792976668,0,-0.7200100474591208,0.6234281418752301,True,True,False,False,True,False,0
2.058447599668278,-1.606510260159831,-1.042417869490058,-1.2184705569895626,0.8084361535388619,1,1,-1.5777841671549535,0,-1.4321861577055308,0.8279284700879945,True,False,True,True,False,False,0
2.058447599668278,0.1998660291708067,-1.3894422528249364,1.614809483834908,0.8084361535388619,0,1,0.4411869369717572,0,-0.7200100474591208,0.6412107791111227,True,True,False,True,False,False,0
-0.2454086920769435,-0.9410032061959116,-0.6953934861551795,0.5931245490797691,0.8084361535388619,0,1,0.4228054013915685,0,-0.7200100474591208,-1.123715966551214,True,True,False,False,True,False,0
1.5084278543417158,-0.5607134610736721,1.7337771971889695,0.1193369550870702,-0.9166876736979732,0,0,-0.533147462135227,0,0.7043421730336995,-0.4168561364244846,False,True,False,False,False,True,0
1.1140740746736149,0.1998660291708067,1.3867528138540912,-1.2184705569895626,0.8084361535388619,0,1,1.562415402020472,0,0.7043421730336995,-0.4835410260590818,True,False,False,True,False,False,0
-0.0170986091112009,2.386532063623684,0.6927040471843343,1.0555440203244162,-0.9166876736979732,1,0,-1.185009374555738,1,-0.0078339372127105,-0.0211924579258751,False,False,False,False,True,False,0
-1.5322473415202202,0.6752282105736062,-1.042417869490058,1.4035665728589506,-0.9166876736979732,1,1,1.1247656133632298,1,-0.7200100474591208,-0.6480304204910879,False,False,True,True,False,False,0
1.5499387785173055,-0.0853512796708728,-0.0013447194854226,-1.2184705569895626,0.8084361535388619,1,0,-0.5941898013100599,0,-0.0078339372127105,1.4814403885070462,True,False,False,False,True,False,0
-0.0689872643306878,-1.8917275690015103,1.3867528138540912,0.8391791938149501,-0.9166876736979732,0,0,1.3133525669637085,0,1.4165182832801098,0.841265448014914,True,False,False,True,False,False,0
0.325366515337413,-0.8459307699153518,-0.348369102820301,-0.1586978799184284,-0.9166876736979732,1,1,0.2565521473983808,0,0.7043421730336995,0.9612982493571888,True,False,False,False,False,True,0
-1.2935595275105802,0.770300646854166,-1.3894422528249364,-1.2184705569895626,-0.9166876736979732,1,0,-1.3756182240460215,1,-0.0078339372127105,-0.0745403696335528,True,False,False,False,True,False,0
1.09331861258582,-0.7508583336347919,1.0397284305192127,1.1685422189938686,0.8084361535388619,1,1,1.6803533595023197,0,-0.7200100474591208,-1.0259114617538048,True,True,False,False,False,True,0
-0.6293847407011471,-0.8459307699153518,1.0397284305192127,0.7806246036512405,0.8084361535388619,0,0,-0.8683875024270046,0,-0.7200100474591208,0.1921991889048355,True,False,True,False,False,False,0
0.1281896255033626,1.7210250096597648,0.3456796638494558,-1.2184705569895626,0.8084361535388619,1,1,-1.4800787301739988,0,1.4165182832801098,-0.1901275116668545,True,False,False,False,False,True,0
0.2734778601179261,1.530880137098645,-0.348369102820301,0.8573047546715273,-0.9166876736979732,1,1,1.4551566851735571,1,1.4165182832801098,-0.554671575002652,True,True,False,False,False,True,0
0.6782093708299244,-0.2754961522319926,-1.042417869490058,1.4162650487225987,-0.9166876736979732,0,1,-0.3146041449322005,0,-0.7200100474591208,-1.2704227237473276,False,False,True,True,False,False,0
0.8131198744005905,0.3900109017319265,-1.3894422528249364,0.4460379931556382,-0.9166876736979732,1,1,1.620765763031933,0,-0.7200100474591208,-1.150389922405053,False,False,True,False,False,False,0
-0.9822275961936584,-1.0360756424764714,0.6927040471843343,1.1262626395230506,0.8084361535388619,1,0,1.4585060533411736,0,-1.4321861577055308,0.6056455046393375,False,False,False,True,False,False,0
-0.1935200368574565,0.3900109017319265,-0.6953934861551795,1.089742373076798,-0.9166876736979732,1,1,1.0121679716656606,0,-1.4321861577055308,1.3836358837096372,True,True,False,False,False,True,0
1.0829408815419228,2.196387191062564,-0.6953934861551795,-1.2184705569895626,-0.9166876736979732,1,1,-1.551451707244143,1,-0.0078339372127105,-0.0300837765438214,True,False,False,False,False,True,0
0.5225434051714636,0.1047935928902469,-0.6953934861551795,1.1600698438025232,-0.9166876736979732,0,1,0.793266836787751,0,-0.7200100474591208,-0.52355195983984,True,False,False,False,False,True,0
-0.5152296992182758,-0.3705685885125524,1.0397284305192127,-1.2184705569895626,-0.9166876736979732,1,1,-1.3549779861264692,0,-0.7200100474591208,0.0366011130907756,True,False,False,False,False,False,0
0.4914102120397713,-0.6557858973542321,-0.6953934861551795,-1.2184705569895626,0.8084361535388619,1,1,1.2229636147139344,0,-1.4321861577055308,-1.7149886546446416,True,False,False,True,False,False,0
-0.0170986091112009,0.3900109017319265,0.3456796638494558,-1.2184705569895626,0.8084361535388619,1,1,-1.462729788943243,0,-1.4321861577055308,-0.52355195983984,False,False,False,True,False,False,0
2.006558944448791,1.2456628282569653,-1.736466636159815,-1.2184705569895626,-0.9166876736979732,1,0,-1.1945430074842531,1,0.7043421730336995,-0.8836503638666644,False,False,True,False,False,False,0
-0.5671183544377627,0.4850833380124864,1.0397284305192127,0.0324381102532444,0.8084361535388619,0,1,0.1516421958430111,0,-1.4321861577055308,-1.7194343139536148,True,False,False,False,True,False,0
0.8857639917078723,0.5801557742930463,-1.042417869490058,-1.2184705569895626,0.8084361535388619,0,1,1.3433703055124344,0,-0.7200100474591208,0.0321554537818024,False,False,True,True,False,False,0
-1.2624263343788882,-0.5607134610736721,1.3867528138540912,-0.0137672037272983,-0.9166876736979732,0,1,0.0219659756379339,0,0.7043421730336995,-1.4838143705780382,True,True,False,False,False,True,0
1.3216286955515628,0.9604455194152858,1.3867528138540912,0.4812620098938795,-0.9166876736979732,0,0,0.2862294549425286,0,0.7043421730336995,1.3258423126929864,True,False,False,False,True,False,0
-0.9407166720180687,-0.1804237159514327,-0.0013447194854226,-1.2184705569895626,0.8084361535388619,1,0,-0.301450781112821,0,1.4165182832801098,0.1921991889048355,True,False,False,False,True,False,0
-0.8058061684474028,-0.5607134610736721,1.0397284305192127,0.3869038051728818,-0.9166876736979732,1,0,0.0447703324103896,0,-0.7200100474591208,1.5214513222878043,True,False,False,False,False,False,0
-0.7124065890523262,0.2949384654513666,-0.348369102820301,-1.2184705569895626,0.8084361535388619,1,0,-1.442948104803367,0,1.4165182832801098,-1.2659770644383543,False,False,False,False,False,False,0
-0.5567406233938653,-1.1311480787570314,1.7337771971889695,1.5239543235014577,-0.9166876736979732,1,1,-0.2833187442515137,0,1.4165182832801098,-0.4390844329693503,False,True,False,True,False,False,0
1.5706942406051003,-0.1804237159514327,-1.3894422528249364,-1.2184705569895626,0.8084361535388619,0,0,-1.616544619000006,0,0.7043421730336995,0.2499927599214863,False,False,True,False,False,True,0
0.1593228186350548,-0.7508583336347919,-0.0013447194854226,-1.2184705569895626,0.8084361535388619,1,1,-1.3924045326256975,0,0.7043421730336995,0.9612982493571888,True,False,True,False,True,False,0
-2.8605969151390864,0.6752282105736062,0.3456796638494558,-1.2184705569895626,-0.9166876736979732,1,0,0.989343272488948,1,-0.7200100474591208,1.654821101556999,False,False,False,False,True,False,0
1.6329606268684846,1.0555179556958456,1.7337771971889695,0.6724052050108168,-0.9166876736979732,1,1,0.0050200574248555,1,0.7043421730336995,1.0057548424469205,True,True,False,False,False,False,0
0.4602770189080792,-0.3705685885125524,-0.348369102820301,1.5818876872734822,-0.9166876736979732,1,0,-0.5450971467693692,0,-0.7200100474591208,0.5033953405329553,False,True,False,False,True,False,0
-1.8643347349249368,-1.8917275690015103,1.3867528138540912,-1.2184705569895626,0.8084361535388619,1,0,-1.686122596227829,0,1.4165182832801098,0.6145368232572839,True,False,False,False,True,False,0
-1.0029830582814532,-1.1311480787570314,1.0397284305192127,0.414653091474054,-0.9166876736979732,1,1,0.2838497413778398,0,1.4165182832801098,-0.0923230068694454,False,False,False,False,False,True,0
-1.521869610476323,0.3900109017319265,0.3456796638494558,0.8172735984528837,-0.9166876736979732,0,0,0.6456467034940697,0,1.4165182832801098,1.31695099407504,True,True,False,True,False,False,0
0.7923644123127958,0.5801557742930463,-0.6953934861551795,0.5255157443671408,0.8084361535388619,1,0,-0.280462462053756,1,0.7043421730336995,1.512560003669858,True,True,False,False,True,False,0
-0.836939361579095,0.9604455194152858,-0.348369102820301,1.67333893674514,-0.9166876736979732,0,0,-1.7370724948905338,0,-0.0078339372127105,0.1966448482138086,True,False,False,False,False,False,0
0.8338753364883853,0.1047935928902469,1.7337771971889695,-1.2184705569895626,0.8084361535388619,1,0,0.9346689751801408,0,1.4165182832801098,1.4725490698891,False,False,False,False,False,False,0
-0.2454086920769435,-0.8459307699153518,1.3867528138540912,0.9006045543917831,0.8084361535388619,1,1,-0.4566115133179185,0,-0.7200100474591208,0.5745258894765256,False,True,False,True,False,False,0
0.8234976054444879,-1.321292951318151,1.0397284305192127,0.3337982350576842,-0.9166876736979732,1,0,-0.0443945982498898,0,1.4165182832801098,-0.7058239915077388,True,False,True,False,True,False,0
-0.152009112681867,-0.5607134610736721,0.6927040471843343,0.4367104710163569,-0.9166876736979732,1,0,-0.278386841352707,0,-1.4321861577055308,-0.7013783321987657,False,False,False,False,False,True,0
0.2942333222057209,1.1505903919764056,-0.0013447194854226,1.073340395237358,-0.9166876736979732,0,0,-0.9151623399492932,1,-1.4321861577055308,-1.1948465154947845,False,True,False,False,False,False,0
1.352761888683255,-0.3705685885125524,0.6927040471843343,0.3595227716296675,0.8084361535388619,1,0,0.2992779771399671,0,-0.7200100474591208,0.081057706180507,True,True,False,False,False,False,0
0.1178118944594652,-0.5607134610736721,-0.0013447194854226,1.299647565882,0.8084361535388619,1,1,-1.25009254977623,0,-0.7200100474591208,-1.06147673622559,True,False,False,True,False,False,0
-0.0689872643306878,0.8653730831347259,0.6927040471843343,0.2323226651847308,-0.9166876736979732,1,1,0.8468671594717986,0,-0.0078339372127105,0.872385063177726,False,False,False,False,False,False,0
0.8131198744005905,-0.4656410247931123,-0.0013447194854226,-0.0304970866312152,0.8084361535388619,1,0,-0.0618229965639409,0,0.7043421730336995,-0.9103243197205032,False,False,False,False,True,False,0
2.058447599668278,0.009721156609687,-1.736466636159815,0.4528610763210169,-0.9166876736979732,1,0,0.0948526362248591,0,-1.4321861577055308,-0.4124104771155115,False,False,False,False,False,True,0
-0.6605179338328393,-0.7508583336347919,-0.348369102820301,0.3763419958548629,0.8084361535388619,0,1,-1.1223836313161997,0,-0.7200100474591208,1.0457657762276784,True,False,False,False,False,False,0
-1.677535576134784,0.009721156609687,-1.3894422528249364,-1.2184705569895626,2.533559980775697,1,0,1.2279982728342456,1,-0.0078339372127105,-0.4479757515872966,True,False,False,False,True,False,0
1.6329606268684846,0.009721156609687,-0.0013447194854226,-1.2184705569895626,-0.9166876736979732,1,0,-0.3951214673827236,0,1.4165182832801098,0.6545477570380421,False,False,False,False,False,False,0
1.9961812134048933,1.6259525733792048,-0.0013447194854226,0.375098422302229,-0.9166876736979732,0,1,0.987541491845208,1,-1.4321861577055308,-1.3949011843985757,True,False,True,False,True,False,0
-0.1104981885062774,1.2456628282569653,-0.348369102820301,-1.2184705569895626,-0.9166876736979732,1,0,-0.1645952570052717,1,-1.4321861577055308,0.6011998453303644,False,False,False,False,False,True,0
-0.3803191956476097,0.4850833380124864,1.3867528138540912,0.8005949507152913,0.8084361535388619,0,1,0.1788519871374284,0,-0.0078339372127105,0.3433516054099223,False,True,False,False,False,True,0
0.2527223980301313,0.1998660291708067,-0.348369102820301,0.4059586438586707,-0.9166876736979732,1,1,-0.3708510665701236,0,-1.4321861577055308,-1.3682272285447366,False,False,False,False,True,False,0
-1.6256469209152968,0.2949384654513666,0.6927040471843343,-1.2184705569895626,0.8084361535388619,0,0,0.5211348459697812,0,-0.0078339372127105,0.0632750689446144,False,False,True,True,False,False,0
-1.2209154102032984,-0.9410032061959116,0.6927040471843343,1.5810813738434493,-0.9166876736979732,1,1,-0.369518552157924,0,-1.4321861577055308,-1.1770638782588916,True,False,False,False,False,False,0
-1.075627175588735,0.4850833380124864,1.0397284305192127,-1.2184705569895626,-0.9166876736979732,1,0,-1.4507701939070268,0,-1.4321861577055308,0.3833625391906806,True,False,True,False,False,True,0
-1.5841359967397073,0.4850833380124864,0.3456796638494558,0.0244198067234504,0.8084361535388619,1,0,0.1354663332577551,0,0.7043421730336995,-0.2745950385373442,False,True,False,False,True,False,0
0.7819866812688984,-0.7508583336347919,-0.6953934861551795,0.1061101165707003,0.8084361535388619,1,0,-0.6992706638345308,0,0.7043421730336995,-1.350444591308844,False,True,False,False,False,False,0
-0.2038977679013539,-0.0853512796708728,-0.348369102820301,-1.2184705569895626,0.8084361535388619,0,0,1.6008660234006835,0,1.4165182832801098,0.3878081984996537,True,False,False,False,False,False,0
-0.0378540711989956,-0.4656410247931123,-0.6953934861551795,0.3032095598827625,0.8084361535388619,1,1,0.8106462046915409,0,-0.0078339372127105,0.3300146274830028,True,True,False,False,False,False,0
0.6055652535226427,0.3900109017319265,1.3867528138540912,0.8354904219494764,-0.9166876736979732,1,0,-1.1724596759293593,1,1.4165182832801098,-0.3057146537001561,True,False,False,False,True,False,0
1.8093820546147403,0.9604455194152858,-1.736466636159815,-1.2184705569895626,-0.9166876736979732,0,0,1.361005779069822,1,0.7043421730336995,1.6592667608659717,False,False,False,False,False,True,0
-0.0067208780673035,0.009721156609687,1.0397284305192127,-1.2184705569895626,-0.9166876736979732,1,0,0.6436767937484773,0,-0.0078339372127105,1.5525709374506165,False,False,False,False,False,False,0
-0.6708956648767367,-0.3705685885125524,-0.6953934861551795,0.1150296786981221,-0.9166876736979732,1,0,0.4367919344519789,0,1.4165182832801098,0.0588294096356413,False,False,True,False,False,False,0
-0.6605179338328393,-1.416365387598711,-1.736466636159815,-1.2184705569895626,0.8084361535388619,1,1,0.6981580990168951,0,-0.0078339372127105,0.4811670439880896,False,False,False,False,True,False,0
-0.5774960854816601,-0.6557858973542321,-0.348369102820301,-1.2184705569895626,0.8084361535388619,0,1,0.8010571082847519,0,-0.0078339372127105,0.9746352272841082,True,False,True,False,True,False,0
1.2282291161564862,-0.5607134610736721,0.3456796638494558,-1.2184705569895626,0.8084361535388619,1,1,0.4468480368231687,0,-0.7200100474591208,-0.4879866853680549,False,False,False,False,False,False,0
0.5640543293470531,0.8653730831347259,1.7337771971889695,0.4543275228471626,2.533559980775697,0,1,1.0052524235517204,1,-1.4321861577055308,-0.1456709185771231,False,True,False,True,False,False,0
-1.127515830808222,0.6752282105736062,-0.0013447194854226,1.0287614775678309,-0.9166876736979732,1,1,-0.2667899322590597,0,-0.7200100474591208,1.2147008299686577,False,False,True,True,False,False,0
-0.2557864231208409,2.196387191062564,-0.6953934861551795,1.0779270633926696,0.8084361535388619,1,1,0.7419415599131539,0,0.7043421730336995,1.192472533423792,True,True,False,False,False,False,0
0.7819866812688984,2.1013147547820044,-1.736466636159815,0.8343618073012834,0.8084361535388619,1,1,1.5352045675258366,1,-1.4321861577055308,0.4500474288252776,True,False,False,False,False,True,0
1.5291833164295108,-0.6557858973542321,-0.6953934861551795,0.4794295521483027,0.8084361535388619,1,1,-1.4342836315234146,0,-0.7200100474591208,-0.3190516316270755,False,False,False,False,False,True,0
2.058447599668278,-0.4656410247931123,-1.042417869490058,-1.2184705569895626,0.8084361535388619,1,1,1.2392413631871797,0,0.7043421730336995,-0.078986028942526,False,False,False,False,False,True,0
-0.5048519681743784,1.7210250096597648,0.3456796638494558,0.4626969473761748,0.8084361535388619,1,1,-0.2263579259308539,1,-0.0078339372127105,-1.448249096106253,True,False,True,False,False,False,0
-0.2765418852086357,0.9604455194152858,-0.348369102820301,0.8390178030410277,-0.9166876736979732,1,0,0.4586836649001083,1,-0.7200100474591208,-0.1056599847963648,False,True,False,False,False,True,0
1.062185419454128,0.770300646854166,-1.3894422528249364,1.751786861113519,-0.9166876736979732,1,0,-1.269095832686537,0,0.7043421730336995,-0.5991281680923835,False,False,False,False,False,False,0
-0.5567406233938653,0.1998660291708067,-0.6953934861551795,0.2471262659447391,-0.9166876736979732,1,0,1.5828388281613175,1,-1.4321861577055308,1.6592667608659717,True,True,False,False,False,True,0
-2.3001994387686278,0.9604455194152858,-0.6953934861551795,0.9768788268288424,-0.9166876736979732,1,0,0.801274615530271,1,-1.4321861577055308,-0.901433001102557,True,True,False,True,False,False,0
0.5017879430836688,0.770300646854166,-0.348369102820301,-1.2184705569895626,-0.9166876736979732,1,0,0.3715049874555085,1,-0.7200100474591208,0.903504678340538,True,False,True,True,False,False,0
1.0414299573663333,-0.8459307699153518,-0.348369102820301,0.0867994222730782,-0.9166876736979732,1,1,-1.1048436105787884,0,-1.4321861577055308,-0.90587866041153,True,True,False,False,False,True,0
-0.0067208780673035,0.5801557742930463,-0.348369102820301,-1.2184705569895626,0.8084361535388619,0,0,1.609621776699739,0,0.7043421730336995,-1.1681725596409454,True,False,True,False,False,False,0
-1.0860049066326325,-1.606510260159831,0.6927040471843343,1.0436765148145948,-0.9166876736979732,1,0,0.3079440152202468,0,1.4165182832801098,-1.44380343679728,False,False,True,False,True,False,0
-1.2105376791594011,-0.5607134610736721,-1.042417869490058,0.9116366064707244,-0.9166876736979732,1,1,0.171580186148932,0,0.7043421730336995,-1.2659770644383543,True,False,False,False,False,False,0
1.1452072678053071,0.4850833380124864,0.6927040471843343,1.3323464894699149,-0.9166876736979732,0,0,-1.3153217730272868,0,-0.7200100474591208,1.445875114035261,False,False,False,False,False,False,0
-0.6708956648767367,-0.2754961522319926,-1.3894422528249364,-0.085144354923098,-0.9166876736979732,1,0,-1.2144844751242352,0,-0.0078339372127105,-0.4346387736603772,False,False,False,False,True,False,0
0.7300980260494114,0.6752282105736062,0.3456796638494558,-1.2184705569895626,-0.9166876736979732,1,1,-0.1132499854598239,1,-0.0078339372127105,0.6234281418752301,True,False,False,True,False,False,0
2.058447599668278,-0.4656410247931123,-0.6953934861551795,0.8576493111650598,0.8084361535388619,1,1,-0.2032032277517462,0,1.4165182832801098,-0.616910805328276,False,True,False,False,False,True,0
0.3564997084691052,-1.1311480787570314,-1.3894422528249364,0.6243283664703749,0.8084361535388619,0,0,-0.3791829328471351,0,-0.7200100474591208,1.1835812148058458,False,True,False,False,False,False,0
0.0451677771521834,0.6752282105736062,1.3867528138540912,1.075378113868023,0.8084361535388619,0,0,1.6111904020946848,0,-1.4321861577055308,0.4900583626060359,True,False,False,True,False,False,0
0.4914102120397713,0.9604455194152858,-1.042417869490058,-1.2184705569895626,-0.9166876736979732,0,0,0.0926487018969568,0,0.7043421730336995,-1.0525854176076437,False,False,False,False,True,False,0
0.8857639917078723,-0.2754961522319926,1.3867528138540912,-1.2184705569895626,-0.9166876736979732,0,1,1.5341930110474733,1,-0.0078339372127105,1.072439732081517,True,False,False,False,False,True,0
-1.5945137277836046,-0.4656410247931123,-1.042417869490058,-1.2184705569895626,0.8084361535388619,1,1,0.8362458164489823,0,-1.4321861577055308,-0.2568124013014516,True,False,False,False,False,False,0
0.5536765983031557,-0.5607134610736721,0.6927040471843343,-0.1229363742634634,-0.9166876736979732,1,1,-0.6182480847449351,0,-1.4321861577055308,0.2366557819945669,True,False,True,False,False,False,0
-0.3491860025159174,-0.1804237159514327,-0.0013447194854226,0.329037367336869,-0.9166876736979732,1,0,-0.0303378230414461,1,-0.0078339372127105,-0.9947918465909928,False,False,False,False,False,False,0
-0.4529633129548914,-0.4656410247931123,0.6927040471843343,0.1689798285082015,-0.9166876736979732,0,1,-0.7048729967403106,0,-1.4321861577055308,-1.5771732160664742,True,False,True,False,False,True,0
-0.0793649953745852,-0.5607134610736721,1.3867528138540912,1.04284122149361,-0.9166876736979732,1,0,-0.082729946005977,0,0.7043421730336995,0.841265448014914,True,False,False,True,False,False,0
-1.366203644817862,-0.4656410247931123,1.0397284305192127,0.7031501474430283,0.8084361535388619,1,1,-1.740195488610775,0,1.4165182832801098,-1.5905101939933937,True,True,False,False,False,True,0
0.325366515337413,-0.0853512796708728,-0.6953934861551795,0.801361236671633,-0.9166876736979732,0,0,-1.4787804675023006,0,0.7043421730336995,0.018818475854883,True,False,True,False,True,False,0
0.1904560117667469,-0.6557858973542321,-0.6953934861551795,-1.2184705569895626,0.8084361535388619,1,0,-0.9433240514429266,0,1.4165182832801098,-1.252640086511435,False,False,True,False,False,True,0
2.058447599668278,-1.0360756424764714,1.0397284305192127,-0.1354942736395083,0.8084361535388619,1,1,1.631113092130737,0,1.4165182832801098,1.703723353955703,True,False,False,True,False,False,0
1.1970959230247942,0.4850833380124864,-1.042417869490058,1.2233534398179902,-0.9166876736979732,1,1,0.634332849392993,0,0.7043421730336995,0.7567979211444243,False,False,False,True,False,False,0
-1.0652494445448375,-1.321292951318151,0.3456796638494558,1.885391043129236,-0.9166876736979732,0,1,-1.3706117323316054,0,-0.0078339372127105,0.5789715487854987,True,False,True,False,True,False,0
1.2904955024198703,-0.9410032061959116,-0.0013447194854226,-1.2184705569895626,0.8084361535388619,1,1,0.7453700374306597,0,-1.4321861577055308,-0.1189969627232842,False,False,False,True,False,False,0
-0.0689872643306878,0.9604455194152858,-1.042417869490058,-1.2184705569895626,0.8084361535388619,0,0,-1.5718965189894638,0,-0.0078339372127105,-0.239029764065559,True,False,True,False,False,True,0
-0.0067208780673035,-0.6557858973542321,1.0397284305192127,1.0964296830514164,-0.9166876736979732,1,1,-0.2229282313464269,0,-1.4321861577055308,1.094668028626383,False,False,False,False,False,True,0
1.6537160889562794,-1.0360756424764714,-0.348369102820301,1.4671939248184764,0.8084361535388619,1,1,-1.5739782250251195,0,0.7043421730336995,-0.4168561364244846,False,True,False,True,False,False,0
0.7508534881372062,-0.7508583336347919,-1.042417869490058,1.3592593616808384,0.8084361535388619,0,1,-0.6189642416948112,0,0.7043421730336995,-0.8925416824846106,True,True,False,False,False,False,0
2.058447599668278,-0.8459307699153518,1.3867528138540912,0.7274279310059217,-0.9166876736979732,0,0,-1.045248711706873,0,-1.4321861577055308,-0.3368342688629681,True,False,False,True,False,False,0
1.5188055853856133,0.009721156609687,0.3456796638494558,0.6994500077750263,-0.9166876736979732,1,1,1.1095658384489144,0,-0.7200100474591208,-0.2168014675206933,False,True,False,True,False,False,0
-1.1897822170716064,-1.0360756424764714,-1.736466636159815,0.2059200632084208,0.8084361535388619,1,1,1.5545185502344996,0,1.4165182832801098,-0.2034644895937739,True,False,False,False,False,True,0
0.6782093708299244,0.2949384654513666,-0.0013447194854226,-1.2184705569895626,0.8084361535388619,1,0,1.2559073560083425,0,-0.0078339372127105,-0.0567577323976603,True,False,False,True,False,False,0
1.0518076884102303,1.7210250096597648,0.6927040471843343,-1.2184705569895626,-0.9166876736979732,1,0,1.0265749144140537,1,-0.7200100474591208,0.1788622109779161,True,False,False,False,False,False,0
-0.6086292786133524,-0.7508583336347919,1.0397284305192127,0.5861815436032118,-0.9166876736979732,1,1,1.3289953542374031,0,-0.7200100474591208,0.4589387474432239,True,False,True,True,False,False,0
0.6055652535226427,-0.1804237159514327,0.3456796638494558,0.9557518458850146,-0.9166876736979732,0,1,-0.9372752288437064,0,1.4165182832801098,0.3122319902471103,True,True,False,False,True,False,0
-0.048231802242893,0.1047935928902469,1.3867528138540912,-1.2184705569895626,0.8084361535388619,0,1,-0.1403813628711638,0,-1.4321861577055308,1.0902223693174098,False,False,False,True,False,False,0
-1.3558259137739646,0.3900109017319265,1.0397284305192127,-1.2184705569895626,-0.9166876736979732,1,1,-0.1260742196103236,0,-0.7200100474591208,-0.9192156383384495,True,False,False,False,True,False,0
2.058447599668278,-1.0360756424764714,1.3867528138540912,-1.2184705569895626,0.8084361535388619,1,0,1.484649867879172,0,-0.0078339372127105,-0.7547262439064433,False,False,False,False,False,True,0
-1.521869610476323,0.3900109017319265,-0.0013447194854226,0.9727284581367632,0.8084361535388619,1,0,1.2281810067391543,0,-1.4321861577055308,0.1921991889048355,True,True,False,False,False,True,0
-0.992605327237556,-0.1804237159514327,1.3867528138540912,1.1034213619359825,0.8084361535388619,1,0,-0.1652302182048218,1,-1.4321861577055308,-0.2745950385373442,True,True,False,False,False,True,0
1.217851385112589,-1.1311480787570314,-1.042417869490058,-1.2184705569895626,-0.9166876736979732,1,1,-0.739893923536095,0,0.7043421730336995,0.8634937445597797,False,False,False,False,False,True,0
-1.553002803608015,1.7210250096597648,-0.6953934861551795,0.406089453642693,-0.9166876736979732,1,0,-0.9886578817303108,1,1.4165182832801098,1.223592148586604,False,True,False,False,False,True,0
0.667831639786027,1.0555179556958456,-1.042417869490058,0.697336717274033,-0.9166876736979732,1,1,-1.5211097072942228,1,0.7043421730336995,-0.492432344677028,True,True,False,False,True,False,0
-0.6086292786133524,-0.6557858973542321,1.3867528138540912,0.92854757366562,0.8084361535388619,1,0,-0.8084843378905758,1,-0.0078339372127105,0.0588294096356413,False,True,False,False,False,False,0
0.2734778601179261,-1.1311480787570314,-0.0013447194854226,0.176084224758681,0.8084361535388619,1,0,0.8540273380369349,0,-0.7200100474591208,1.5570165967595897,False,False,True,False,False,True,0
0.2942333222057209,-0.6557858973542321,-0.0013447194854226,0.2699368024320132,-0.9166876736979732,1,0,0.2873375074410867,0,-1.4321861577055308,0.049938091017695,True,False,False,True,False,False,0
0.0970564323716704,-0.7508583336347919,-0.6953934861551795,0.926430440527152,-0.9166876736979732,1,1,1.1432745932367567,0,-0.7200100474591208,-0.4390844329693503,False,False,False,False,True,False,0
1.404650543902742,-0.3705685885125524,-1.3894422528249364,0.4829660595038556,-0.9166876736979732,1,1,-1.4574226816992475,0,1.4165182832801098,-0.4257474550424309,False,False,False,False,False,False,0
0.6263207156104375,-1.1311480787570314,1.7337771971889695,-1.2184705569895626,-0.9166876736979732,1,0,-0.102345065844328,0,-0.0078339372127105,-0.8747590452487181,True,False,True,True,False,False,0
0.8857639917078723,0.1998660291708067,-1.3894422528249364,0.4140217781589987,-0.9166876736979732,1,1,0.4019101010186369,0,1.4165182832801098,-0.6391391018731417,True,False,False,False,False,True,0
-0.7020288580084288,0.8653730831347259,-1.042417869490058,2.1942110081505324,-0.9166876736979732,1,0,-0.4393618499746061,0,0.7043421730336995,0.9212873155764304,False,False,True,False,False,False,0
-0.2557864231208409,-0.5607134610736721,-0.0013447194854226,-1.2184705569895626,0.8084361535388619,1,1,0.0574895510722453,0,0.7043421730336995,-0.4790953667501086,True,False,False,False,True,False,0
2.058447599668278,-0.9410032061959116,1.7337771971889695,-1.2184705569895626,0.8084361535388619,1,1,-0.0976478829946434,0,-1.4321861577055308,-1.5816188753754474,False,False,True,True,False,False,0
-0.5878738165255575,0.5801557742930463,1.3867528138540912,0.4786962488302823,-0.9166876736979732,0,0,1.582494224355866,1,-1.4321861577055308,-0.6080194867103297,False,True,False,False,True,False,0
-1.656780114046989,-0.8459307699153518,1.7337771971889695,0.0170794084880883,0.8084361535388619,0,1,0.8044626353974546,0,1.4165182832801098,-0.2434754233745322,False,True,False,True,False,False,0
-0.6708956648767367,0.770300646854166,0.3456796638494558,-0.0812616899750648,-0.9166876736979732,1,0,-0.7383924106885277,0,-1.4321861577055308,0.3166776495560834,True,False,False,False,True,False,0
1.0206744952785385,-0.5607134610736721,-0.6953934861551795,1.3721310764506212,-0.9166876736979732,0,1,0.9190190593716208,1,-1.4321861577055308,-1.5282709636677696,False,False,True,False,True,False,0
2.0480698686243803,-1.1311480787570314,-1.736466636159815,-1.2184705569895626,0.8084361535388619,0,1,0.9990479902532674,0,-1.4321861577055308,0.0855033654894801,True,False,False,False,False,True,0
0.2734778601179261,2.006242318501444,1.7337771971889695,0.6666442908873041,-0.9166876736979732,1,0,0.8181901070703157,1,0.7043421730336995,-0.0345294358527946,False,False,False,False,False,False,0
1.311250964507665,2.481604499904244,0.6927040471843343,-1.2184705569895626,-0.9166876736979732,1,1,-0.3923138678618209,0,-1.4321861577055308,0.2188731447586743,False,False,False,False,False,False,0
0.034790046108286,-0.4656410247931123,0.6927040471843343,0.6712801127803085,-0.9166876736979732,1,0,-0.8555105866654796,1,-0.7200100474591208,-0.1501165778860962,True,True,False,False,False,True,0
-0.1312536505940722,-0.4656410247931123,-0.0013447194854226,1.013352341185824,0.8084361535388619,0,0,-1.1558868756610328,0,-0.7200100474591208,1.2280378078955771,True,False,True,False,False,False,0
-0.5463628923499679,0.009721156609687,-0.348369102820301,-1.2184705569895626,-0.9166876736979732,1,0,1.6315983540989587,1,-0.0078339372127105,-0.2834863571552904,False,False,True,False,True,False,0
-0.5152296992182758,-0.6557858973542321,0.6927040471843343,1.7390131335993315,0.8084361535388619,1,0,0.2321242233528147,0,1.4165182832801098,1.210255170659685,True,True,False,True,False,False,0
-0.919961209930274,-0.3705685885125524,-0.6953934861551795,0.4827086027930747,-0.9166876736979732,0,0,-1.058586895831598,0,0.7043421730336995,0.8501567666328603,True,False,False,False,False,True,0
0.2838555911618235,0.1047935928902469,-1.3894422528249364,-1.2184705569895626,-0.9166876736979732,1,1,-1.452379851843893,0,1.4165182832801098,0.4722757253701433,True,False,False,False,True,False,0
-0.7227843200962236,-0.3705685885125524,1.0397284305192127,0.7238092872743549,0.8084361535388619,1,1,-1.2462873031132082,0,-0.7200100474591208,0.903504678340538,True,True,False,True,False,False,0
-0.9095834788863768,0.4850833380124864,-0.6953934861551795,0.5709240312915469,2.533559980775697,1,1,0.0746093359883769,1,-0.0078339372127105,0.7923631956162095,False,True,False,False,False,False,0
0.034790046108286,1.6259525733792048,-0.0013447194854226,-1.2184705569895626,0.8084361535388619,1,1,-1.01970369409419,0,-0.7200100474591208,1.654821101556999,False,False,True,False,True,False,0
0.4914102120397713,-0.2754961522319926,-1.042417869490058,0.760512719440218,0.8084361535388619,1,0,0.0543604720173971,0,-0.0078339372127105,-0.4746497074411355,True,True,False,True,False,False,0
0.2215892048984391,-0.6557858973542321,-1.736466636159815,-1.2184705569895626,-0.9166876736979732,1,1,-0.4791411606995501,0,0.7043421730336995,0.5300692963867942,False,False,True,True,False,False,0
0.0140345840204912,-0.8459307699153518,-0.348369102820301,-1.2184705569895626,0.8084361535388619,1,0,0.3530319979895136,0,1.4165182832801098,0.587862867403445,True,False,True,False,False,False,0
-0.2557864231208409,-0.3705685885125524,0.6927040471843343,-1.2184705569895626,0.8084361535388619,0,1,1.6098518023478785,0,-1.4321861577055308,1.6503754422480257,False,False,False,True,False,False,0
0.9480303779712568,-1.511437823879271,-0.6953934861551795,0.5460008447428587,-0.9166876736979732,1,0,-0.0842877916653337,0,-1.4321861577055308,-0.5813455308564909,True,False,False,False,True,False,0
-1.885090197012732,-0.8459307699153518,-0.6953934861551795,0.4008930870081191,-0.9166876736979732,1,1,-0.8610685835619807,0,-0.0078339372127105,-0.7547262439064433,True,False,False,False,False,True,0
1.3423841576393576,-0.3705685885125524,-1.3894422528249364,-1.2184705569895626,0.8084361535388619,0,0,-1.0138756822078474,0,-1.4321861577055308,-0.8169654742320672,True,False,True,False,True,False,0
0.5640543293470531,-0.3705685885125524,-0.0013447194854226,-1.2184705569895626,0.8084361535388619,1,1,-0.3253553663821971,0,-0.7200100474591208,0.4678300660611702,True,False,False,False,False,True,0
0.325366515337413,0.1047935928902469,-0.348369102820301,0.3034236268120625,-0.9166876736979732,1,1,0.2848849437278183,1,1.4165182832801098,0.7567979211444243,True,False,True,False,True,False,0
0.2838555911618235,-0.2754961522319926,-0.6953934861551795,-1.2184705569895626,0.8084361535388619,1,1,-1.707160293430561,0,1.4165182832801098,0.7390152839085318,False,False,False,False,False,True,0
0.771608950225001,-0.4656410247931123,-0.6953934861551795,-1.2184705569895626,0.8084361535388619,1,0,1.6666370152984542,0,-0.0078339372127105,-0.2790406978463173,True,False,False,False,True,False,0
-0.1623868437257644,-0.3705685885125524,-1.042417869490058,-1.2184705569895626,0.8084361535388619,1,1,-1.3440214281001666,0,1.4165182832801098,0.8501567666328603,False,False,False,False,False,False,0
0.5225434051714636,0.6752282105736062,1.3867528138540912,0.3577183331156744,-0.9166876736979732,0,1,0.158774903469065,0,-1.4321861577055308,-0.4257474550424309,False,False,False,False,True,False,0
2.058447599668278,0.6752282105736062,1.3867528138540912,0.6650684893030344,-0.9166876736979732,1,0,-0.2001311769754997,0,-0.7200100474591208,1.4592120919621805,True,False,False,False,True,False,0
0.2734778601179261,-0.2754961522319926,-1.736466636159815,0.5007843694723799,-0.9166876736979732,1,1,-0.2776844198723723,0,-0.7200100474591208,-1.44380343679728,True,False,False,False,True,False,0
0.0036568529765938,-0.1804237159514327,-0.348369102820301,-1.2184705569895626,0.8084361535388619,1,0,0.7469652644311726,0,0.7043421730336995,-0.0745403696335528,False,False,False,False,False,True,0
1.456539199122229,-0.2754961522319926,-0.0013447194854226,0.2567844150167085,-0.9166876736979732,0,1,-0.5731102022318921,0,-0.0078339372127105,-1.2393031085845156,True,False,True,False,False,True,0
0.9791635711029488,-1.416365387598711,-0.348369102820301,-1.2184705569895626,-0.9166876736979732,0,1,-0.1099931143782315,0,1.4165182832801098,-1.2126291527306767,False,False,False,False,True,False,0
-0.0897427264184826,-0.7508583336347919,-0.6953934861551795,1.4705667998615803,-0.9166876736979732,1,0,0.7429506822576747,0,-0.7200100474591208,1.3302879720019594,False,False,False,True,False,False,0
0.3357442463813104,0.8653730831347259,1.7337771971889695,0.8050690616145837,-0.9166876736979732,1,1,1.6986441366635148,0,-1.4321861577055308,-0.6435847611821148,False,True,False,True,False,False,0
0.2734778601179261,-1.0360756424764714,-1.042417869490058,0.5289227228178293,-0.9166876736979732,1,1,-0.7235789675883965,0,-0.7200100474591208,-0.7725088811423358,True,False,False,True,False,False,0
1.1452072678053071,-1.7966551327209506,-1.3894422528249364,1.013982533731616,-0.9166876736979732,1,1,-0.2577479943667788,0,1.4165182832801098,-0.8525307487038524,True,False,False,True,False,False,0
0.0970564323716704,-0.3705685885125524,-1.042417869490058,0.6582124234993341,-0.9166876736979732,1,1,-0.3021674596628062,0,-0.0078339372127105,0.9524069307392424,True,True,False,False,False,False,0
1.2593623092881785,0.3900109017319265,1.0397284305192127,0.0919474357194333,0.8084361535388619,1,1,-1.1218371682685035,0,1.4165182832801098,-1.06147673622559,True,True,False,False,True,False,0
-0.8473170926229924,-1.511437823879271,-1.042417869490058,-1.2184705569895626,-0.9166876736979732,0,0,1.7108429722831326,0,0.7043421730336995,-0.3234972909360487,True,False,False,False,False,False,0
-2.134155742066269,0.009721156609687,-1.3894422528249364,0.2259940013743843,-0.9166876736979732,1,0,1.5807819850641986,0,-0.0078339372127105,-0.1990188302848008,False,False,False,True,False,False,0
-0.6812733959206341,1.6259525733792048,1.3867528138540912,0.3951449816761876,0.8084361535388619,1,1,-0.7994891701414164,0,-0.0078339372127105,1.2013638520417382,False,True,False,False,True,False,0
-0.7746729753157106,0.4850833380124864,1.0397284305192127,0.6317113539377442,-0.9166876736979732,0,1,0.4707522743591387,0,-1.4321861577055308,-1.2037378341127305,False,False,True,False,False,False,0
-0.494474237130481,-0.2754961522319926,0.3456796638494558,0.6424843482069572,0.8084361535388619,1,1,-0.3616064001020827,0,-0.0078339372127105,0.3433516054099223,True,False,False,False,True,False,0
0.1904560117667469,0.5801557742930463,-0.0013447194854226,-0.4517856067900835,-0.9166876736979732,1,1,-0.8013698862683427,0,1.4165182832801098,0.5167323184598748,False,False,False,False,False,False,0
2.058447599668278,-0.9410032061959116,-1.3894422528249364,1.2574754201505691,-0.9166876736979732,1,1,1.105935153955758,0,0.7043421730336995,1.027983138991786,True,True,False,False,False,False,0
-0.5463628923499679,0.6752282105736062,1.3867528138540912,0.7580015558507355,-0.9166876736979732,1,1,-1.2007792583893648,1,-0.0078339372127105,0.5300692963867942,True,True,False,False,False,False,0
0.6366984466543348,0.009721156609687,1.7337771971889695,-1.2184705569895626,0.8084361535388619,1,1,0.4491442943703922,0,1.4165182832801098,-1.6394124463920985,False,False,False,False,True,False,0
0.3046110532496183,-1.511437823879271,0.6927040471843343,1.3074481199549146,-0.9166876736979732,0,0,0.8228858989863759,0,-0.7200100474591208,1.188026874114819,True,False,False,False,False,False,0
-0.2454086920769435,-0.0853512796708728,-0.6953934861551795,-1.2184705569895626,0.8084361535388619,1,1,-0.8955275731734973,0,-0.0078339372127105,1.3658532464737445,False,False,False,True,False,False,0
1.1036963436297176,-0.5607134610736721,0.6927040471843343,-1.2184705569895626,-0.9166876736979732,1,0,1.5252465259751689,0,-1.4321861577055308,0.9301786341943769,False,False,False,True,False,False,0
-0.1935200368574565,-0.1804237159514327,-1.042417869490058,-1.2184705569895626,0.8084361535388619,1,0,1.4226969887804497,0,-0.0078339372127105,1.3836358837096372,True,False,False,False,False,False,0
0.1593228186350548,-0.5607134610736721,-0.348369102820301,0.8161528291895339,0.8084361535388619,1,0,-0.5462827438174889,0,1.4165182832801098,1.348070609237852,False,True,False,False,True,False,0
-1.0341162514131454,0.9604455194152858,-0.348369102820301,-1.2184705569895626,-0.9166876736979732,1,1,1.5624613028300784,1,-1.4321861577055308,0.6767760535829078,True,False,False,False,False,True,0
0.8546307985761801,0.009721156609687,-0.6953934861551795,0.2647388346984917,0.8084361535388619,1,1,0.438839562613836,0,-0.7200100474591208,0.2322101226855938,False,False,True,False,False,True,0
0.5744320603909505,0.3900109017319265,1.7337771971889695,-1.2184705569895626,0.8084361535388619,1,0,0.3118631445737687,0,-1.4321861577055308,-0.5680085529295714,True,False,True,True,False,False,0
-1.1897822170716064,-0.0853512796708728,-0.6953934861551795,-1.2184705569895626,0.8084361535388619,0,0,0.7057548568733982,0,-0.0078339372127105,-0.8658677266307718,True,False,False,True,False,False,0
-1.2209154102032984,-0.4656410247931123,0.6927040471843343,0.7276905112333353,0.8084361535388619,1,1,-0.5259865881032786,0,-0.0078339372127105,-1.1370529444781334,False,False,False,False,False,True,0
-0.7642952442718132,0.1047935928902469,0.3456796638494558,-0.2000127972732917,-0.9166876736979732,0,0,-0.4427633781531386,1,1.4165182832801098,0.7834718769982632,True,False,True,False,False,True,0
-1.397336837949554,-0.9410032061959116,-0.0013447194854226,-1.2184705569895626,0.8084361535388619,1,0,0.0516660597201819,0,-1.4321861577055308,-0.1012143254873917,False,False,True,False,True,False,0
2.058447599668278,2.5766769361848034,-0.348369102820301,-1.2184705569895626,0.8084361535388619,0,1,-0.6273195799767349,0,1.4165182832801098,-0.3946278398796189,True,False,False,False,False,True,0
0.086678701327773,0.1047935928902469,1.0397284305192127,1.4582628347786315,-0.9166876736979732,1,1,1.473096947061397,0,-0.7200100474591208,0.5745258894765256,False,False,False,False,False,False,0
1.010296764234641,0.3900109017319265,-1.3894422528249364,0.7702387551075676,-0.9166876736979732,1,1,1.1605287771143489,0,0.7043421730336995,0.0054814979279636,False,False,True,False,True,False,0
-0.5152296992182758,-1.606510260159831,0.6927040471843343,1.0487617651822023,-0.9166876736979732,1,0,-1.217965634252766,0,-0.7200100474591208,1.4947773664339656,False,False,True,False,True,False,0
0.2319669359423365,-0.0853512796708728,1.7337771971889695,0.1220924463759629,-0.9166876736979732,1,0,-0.9564958451328296,0,-1.4321861577055308,-0.6969326728897925,False,True,False,False,False,False,0
0.0659232392399782,-1.321292951318151,-0.6953934861551795,-1.2184705569895626,0.8084361535388619,0,1,1.2782177574774238,0,0.7043421730336995,-0.9236612976474228,True,False,False,True,False,False,0
-1.397336837949554,-0.1804237159514327,-0.0013447194854226,0.5957160878364233,-0.9166876736979732,0,1,-1.1981872535802478,0,-0.7200100474591208,0.5389606150047405,True,False,False,False,False,False,0
1.010296764234641,-0.1804237159514327,1.7337771971889695,1.7445823961788118,0.8084361535388619,1,1,0.5928086124362072,0,1.4165182832801098,0.7034500094367466,True,False,False,False,True,False,0
0.719720295005514,0.1047935928902469,1.3867528138540912,0.6729055484319552,-0.9166876736979732,1,1,1.040528934400993,0,0.7043421730336995,-1.6483037650100445,True,False,False,False,False,False,0
1.165962729893102,-1.416365387598711,0.6927040471843343,0.4824412192688184,-0.9166876736979732,0,0,0.2650613577125068,0,-0.7200100474591208,-0.7902915183782284,False,False,False,False,False,True,0
0.1593228186350548,-0.6557858973542321,-1.736466636159815,0.4442170633224842,-0.9166876736979732,1,0,-1.3886837851803593,0,-0.0078339372127105,-1.697206017408749,True,True,False,False,False,False,0
1.1970959230247942,-0.3705685885125524,0.3456796638494558,0.632022607573166,-0.9166876736979732,0,1,-1.260687291193479,0,-0.0078339372127105,0.1166229806522921,False,False,False,False,True,False,0
0.4914102120397713,-1.606510260159831,1.3867528138540912,0.3720451266090747,-0.9166876736979732,1,0,-0.5586976957490014,1,0.7043421730336995,-0.2479210826835053,True,False,False,False,False,False,0
0.7612312191811036,0.5801557742930463,1.0397284305192127,0.6534874203949464,-0.9166876736979732,0,0,1.269803130649759,1,1.4165182832801098,-0.52355195983984,True,True,False,True,False,False,0
0.1697005496789521,0.009721156609687,-1.736466636159815,0.7365479507215885,-0.9166876736979732,1,0,0.217600789913376,1,1.4165182832801098,0.6323194604931764,False,True,False,False,False,False,0
0.7300980260494114,0.1047935928902469,0.3456796638494558,-1.2184705569895626,0.8084361535388619,1,1,0.1992825418130987,0,-0.7200100474591208,1.063548413463571,True,False,False,True,False,False,0
-1.0963826376765298,-0.4656410247931123,-0.348369102820301,1.4291596592073326,0.8084361535388619,1,1,-1.2985610228529598,1,-0.7200100474591208,-0.7413892659795239,True,False,False,False,False,True,0
0.5121656741275662,-1.511437823879271,-0.0013447194854226,1.7611934775408136,0.8084361535388619,1,1,-0.4141497870982701,0,0.7043421730336995,1.3391792906199056,True,True,False,False,False,True,0
-1.137893561852119,0.3900109017319265,0.3456796638494558,0.5998645352097652,-0.9166876736979732,1,0,-0.1893067576435176,0,1.4165182832801098,-1.6438581057010713,True,False,True,False,False,True,0
-0.3699414646037122,1.7210250096597648,0.6927040471843343,0.6538034773272109,-0.9166876736979732,1,1,0.0686437955399191,0,-0.7200100474591208,-1.2037378341127305,False,True,False,False,True,False,0
0.8234976054444879,-0.7508583336347919,-1.3894422528249364,0.9031818433678034,-0.9166876736979732,1,1,1.4784852500557182,0,-0.0078339372127105,1.570353574686509,True,False,False,False,False,True,0
-0.2038977679013539,-0.6557858973542321,-1.3894422528249364,-1.2184705569895626,0.8084361535388619,1,0,-1.406679684413176,0,-1.4321861577055308,-0.3723995433347533,False,False,True,True,False,False,0
-0.992605327237556,-0.0853512796708728,-1.042417869490058,0.618888792905654,-0.9166876736979732,1,0,1.6131832622450804,0,0.7043421730336995,0.9479612714302692,True,False,False,False,False,False,0
-0.8473170926229924,-0.6557858973542321,1.3867528138540912,0.6602195611400988,0.8084361535388619,0,1,-0.6540931397131916,0,0.7043421730336995,1.748179947045435,True,False,False,False,False,False,0
1.0829408815419228,-1.1311480787570314,-1.3894422528249364,0.8933629439614904,-0.9166876736979732,1,0,-0.1239495684990137,0,0.7043421730336995,-0.7058239915077388,True,True,False,False,False,True,0
-0.1935200368574565,-0.9410032061959116,0.3456796638494558,0.6614173432628304,-0.9166876736979732,0,0,-1.21867257626738,0,0.7043421730336995,-1.1815095375678648,True,True,False,False,False,True,0
0.8961417227517697,-0.0853512796708728,0.6927040471843343,-1.2184705569895626,0.8084361535388619,0,0,-0.5425313958324134,0,-0.7200100474591208,0.3122319902471103,False,False,False,False,True,False,0
-1.521869610476323,-0.1804237159514327,1.7337771971889695,0.7421386680269669,0.8084361535388619,1,1,-0.829992692258473,0,1.4165182832801098,-1.568281897448528,False,True,False,False,False,False,0
0.0555455081960808,-0.6557858973542321,-0.6953934861551795,0.6840997918342928,0.8084361535388619,1,1,-0.4747200781743138,0,-0.7200100474591208,-1.1726182189499186,True,False,False,False,False,False,0
0.8961417227517697,-0.3705685885125524,-0.0013447194854226,1.3636865603809645,0.8084361535388619,1,0,1.408295609766554,0,1.4165182832801098,-0.1812361930489082,True,False,False,False,False,True,0
-1.438847762125144,0.009721156609687,0.6927040471843343,0.2071463448924202,0.8084361535388619,1,1,0.8051339347379426,0,-1.4321861577055308,0.303340671629164,True,False,True,False,False,False,0
1.2593623092881785,-0.2754961522319926,-0.348369102820301,0.4764321348084211,-0.9166876736979732,0,1,-1.669743483466704,0,-0.7200100474591208,-0.1901275116668545,False,True,False,False,False,False,0
0.0036568529765938,0.770300646854166,-1.736466636159815,0.8084869275381162,0.8084361535388619,1,1,-1.0715839534849327,1,-1.4321861577055308,0.3966995171176,False,True,False,False,True,False,0
2.0273144065365853,-0.7508583336347919,-0.0013447194854226,-1.2184705569895626,0.8084361535388619,1,1,-0.4190990766673821,0,0.7043421730336995,0.8190371514700483,True,False,True,False,False,True,0
1.7678711304391508,1.0555179556958456,0.6927040471843343,-1.2184705569895626,0.8084361535388619,1,1,-1.5712071375118577,0,-0.7200100474591208,-1.7816735442792386,True,False,False,False,False,True,0
2.058447599668278,0.1998660291708067,-0.6953934861551795,0.3817626764520015,0.8084361535388619,1,0,-0.5085945279301656,0,-0.7200100474591208,-1.5771732160664742,False,False,True,True,False,False,0
0.7819866812688984,-1.7015826964403906,1.0397284305192127,1.2367301411958591,-0.9166876736979732,1,1,1.093005730449911,0,1.4165182832801098,-1.4571404147241995,True,True,False,False,True,False,0
-0.5152296992182758,0.8653730831347259,0.6927040471843343,0.0078924628364102,0.8084361535388619,0,0,0.4635955731280637,0,-0.0078339372127105,-0.2168014675206933,False,True,False,False,True,False,0
1.6537160889562794,-0.3705685885125524,0.6927040471843343,-1.2184705569895626,-0.9166876736979732,1,1,-1.7430675926785106,0,1.4165182832801098,1.7348429691185152,False,False,False,False,False,True,0
0.7923644123127958,0.009721156609687,0.3456796638494558,1.2181271326330951,-0.9166876736979732,0,0,1.0566281217702027,0,0.7043421730336995,-1.5593905788305815,True,True,False,False,False,False,0
-0.8161838994913002,0.4850833380124864,1.0397284305192127,-1.2184705569895626,0.8084361535388619,0,0,-0.660812218452682,0,-1.4321861577055308,-0.2657037199193979,True,False,True,False,False,False,0
2.058447599668278,-1.1311480787570314,1.0397284305192127,0.5721629616572328,0.8084361535388619,1,1,0.180378015190126,0,-1.4321861577055308,-0.3812908619526995,False,True,False,True,False,False,0
-1.4077145689934516,-0.5607134610736721,0.6927040471843343,0.8198164638015297,-0.9166876736979732,1,1,0.3408842791805939,0,0.7043421730336995,1.410309839563476,False,False,False,True,False,False,0
-0.3595637335598148,0.1047935928902469,-0.0013447194854226,1.823750654963735,0.8084361535388619,1,1,0.1150411684498794,0,0.7043421730336995,-0.5368889377667595,True,False,False,True,False,False,0
1.954670289229304,0.009721156609687,-1.3894422528249364,0.3020766222674108,-0.9166876736979732,1,0,-0.2772073296391943,0,1.4165182832801098,1.445875114035261,False,False,False,False,False,True,0
0.3046110532496183,0.9604455194152858,1.0397284305192127,1.070239226685669,-0.9166876736979732,0,0,1.510018758521662,1,0.7043421730336995,-0.9503352535012616,True,True,False,False,False,False,0
-1.137893561852119,-1.321292951318151,1.0397284305192127,1.0123422078597564,-0.9166876736979732,0,0,-0.8008112525514328,0,0.7043421730336995,0.0988403434163995,True,True,False,False,False,False,0
0.6989648329177193,0.2949384654513666,-0.348369102820301,-1.2184705569895626,-0.9166876736979732,1,0,-1.251239200682866,1,1.4165182832801098,-0.1634535558130156,False,False,False,False,True,False,0
0.4395215568202844,-0.4656410247931123,-0.0013447194854226,0.829335477374949,-0.9166876736979732,1,0,0.0227158627282024,0,1.4165182832801098,-1.252640086511435,True,False,False,True,False,False,0
-1.469980955256836,0.4850833380124864,0.3456796638494558,-1.2184705569895626,0.8084361535388619,1,1,1.3055132650564465,0,-0.0078339372127105,0.5745258894765256,True,False,False,False,False,True,0
-0.0689872643306878,-0.0853512796708728,-1.3894422528249364,-0.1284455956324066,-0.9166876736979732,0,1,1.1446271023198076,0,-1.4321861577055308,0.618982482566257,True,False,True,False,True,False,0
0.325366515337413,0.2949384654513666,1.0397284305192127,-1.2184705569895626,0.8084361535388619,0,1,1.6987404588170063,0,-1.4321861577055308,1.3880815430186102,False,False,False,False,True,False,0
-0.3180528093842253,-0.8459307699153518,-1.042417869490058,0.3988648148612456,0.8084361535388619,1,1,1.1271086410535749,0,-0.0078339372127105,0.5478519336226867,False,True,False,False,False,True,0
1.0725631504980253,-0.8459307699153518,0.3456796638494558,1.2507661751203678,0.8084361535388619,0,1,-0.6562205726917504,0,-0.7200100474591208,-1.1148246479332675,False,True,False,True,False,False,0
1.2386068472003835,0.1998660291708067,1.7337771971889695,0.5156637022126118,4.258683808012532,1,1,0.6446824387589368,1,-0.7200100474591208,0.6767760535829078,False,False,False,False,False,True,0
0.13856735654726,-1.511437823879271,1.3867528138540912,1.0818747329579772,-0.9166876736979732,1,1,0.255862939787478,0,-0.0078339372127105,0.1477425958151041,False,False,False,False,False,True,0
0.2527223980301313,-0.4656410247931123,-0.348369102820301,0.2135047891431932,-0.9166876736979732,1,1,1.549320283546616,0,0.7043421730336995,-1.0703680548435364,False,True,False,True,False,False,0
-2.424732211295396,-1.0360756424764714,0.6927040471843343,0.3624372520440612,-0.9166876736979732,1,0,0.3783153462141016,0,-0.0078339372127105,-0.6302477832551954,True,False,False,True,False,False,0
0.086678701327773,0.1047935928902469,-0.0013447194854226,0.891043111696251,0.8084361535388619,1,1,-1.0722303898868843,0,0.7043421730336995,-0.2079101489027471,True,False,False,True,False,False,0
-0.4114523887793018,-0.3705685885125524,-0.6953934861551795,-1.2184705569895626,-0.9166876736979732,1,1,-0.9097152700093402,0,0.7043421730336995,-1.2126291527306767,False,False,False,True,False,False,0
0.667831639786027,-1.9868000052820705,-0.6953934861551795,0.8428450699654726,-0.9166876736979732,0,0,1.6846090947929528,0,1.4165182832801098,-1.6171841498472326,False,True,False,True,False,False,0
0.719720295005514,0.2949384654513666,-0.348369102820301,0.4296481836682004,-0.9166876736979732,0,0,-1.7255124455379338,0,-0.7200100474591208,0.8190371514700483,True,False,False,False,False,False,0
-0.9303389409741716,0.009721156609687,0.3456796638494558,0.8720046042197284,-0.9166876736979732,1,0,-1.5748249558689884,1,1.4165182832801098,-0.5591172343116252,False,True,False,False,False,False,0
-0.3388082714720201,-1.511437823879271,-0.0013447194854226,0.9065896223679656,-0.9166876736979732,1,1,0.7560078977902656,0,-0.0078339372127105,-0.3368342688629681,True,True,False,False,True,False,0
2.058447599668278,-0.6557858973542321,-0.0013447194854226,0.4833477614929735,-0.9166876736979732,1,0,0.374707785992451,0,0.7043421730336995,1.508114344360885,False,False,False,False,False,False,0
0.1904560117667469,0.1047935928902469,-1.042417869490058,1.4225258259375655,2.533559980775697,0,0,1.3317617473496823,1,-0.0078339372127105,1.5481252781416432,True,True,False,False,False,True,0
0.6574539087421296,-0.1804237159514327,1.3867528138540912,1.4273858016832393,-0.9166876736979732,1,0,-0.2633209437997425,0,-0.7200100474591208,0.0232641351638562,True,False,False,False,True,False,0
-0.3491860025159174,-0.7508583336347919,-0.348369102820301,-1.2184705569895626,0.8084361535388619,1,0,-1.238891535165435,0,-1.4321861577055308,0.3700255612637611,False,False,False,False,False,False,0
-0.836939361579095,-0.4656410247931123,-1.3894422528249364,0.4104340356371212,-0.9166876736979732,0,1,1.6555651836480276,0,-1.4321861577055308,0.3966995171176,False,True,False,False,False,True,0
0.5017879430836688,0.009721156609687,-0.0013447194854226,1.0959312609490153,0.8084361535388619,1,1,1.5514671895959162,0,0.7043421730336995,1.5525709374506165,False,True,False,False,False,False,0
-0.5359851613060705,0.9604455194152858,0.3456796638494558,-1.2184705569895626,-0.9166876736979732,0,1,0.8285894223133327,1,-0.0078339372127105,-1.501597007813931,False,False,False,False,True,False,0
0.6470761776982322,0.5801557742930463,1.0397284305192127,1.1975923981900003,0.8084361535388619,0,1,0.6860408068810097,0,1.4165182832801098,0.5656345708585793,True,False,True,False,False,False,0
-0.5256074302621732,-1.0360756424764714,0.3456796638494558,-1.2184705569895626,0.8084361535388619,1,0,-1.4911853351650362,0,0.7043421730336995,-0.2923776757732367,True,False,True,False,True,False,0
0.6782093708299244,-0.5607134610736721,1.7337771971889695,0.4176191272745618,0.8084361535388619,1,0,-1.3422398159939806,0,-0.0078339372127105,-0.9636722314281808,False,True,False,True,False,False,0
0.2215892048984391,3.622473735270962,1.7337771971889695,0.0065385735662837,0.8084361535388619,0,1,-0.7099956314123664,0,0.7043421730336995,-1.0837050327704556,False,True,False,True,False,False,0
1.2282291161564862,-0.7508583336347919,-0.6953934861551795,1.2639942945158955,0.8084361535388619,1,1,1.4888736116964427,0,0.7043421730336995,1.517005662978831,True,False,False,False,False,False,0
0.034790046108286,0.4850833380124864,1.0397284305192127,0.1820367904262265,-0.9166876736979732,0,1,1.5328556283675885,0,0.7043421730336995,0.4678300660611702,True,False,False,False,False,True,0
-2.165288935197961,1.0555179556958456,-0.6953934861551795,0.6581182788812129,-0.9166876736979732,1,0,-1.0013176379797222,1,-1.4321861577055308,0.8234828107790214,True,True,False,False,True,False,0
0.1074341634155678,-0.5607134610736721,-1.736466636159815,0.4382108608401928,-0.9166876736979732,1,1,1.082697695225997,0,-0.0078339372127105,-1.6171841498472326,True,True,False,False,False,False,0
1.830137516702535,0.770300646854166,-1.3894422528249364,0.5407660517335414,0.8084361535388619,1,0,-0.292441008560605,1,-0.0078339372127105,0.9879722052110276,True,False,True,False,False,True,0
-0.6708956648767367,0.009721156609687,1.7337771971889695,-1.2184705569895626,0.8084361535388619,1,1,1.2166872006004177,0,1.4165182832801098,-1.28820536098322,True,False,False,True,False,False,0
-1.2935595275105802,-0.9410032061959116,-1.042417869490058,-0.7740700134115794,-0.9166876736979732,1,0,-0.0515140920065115,1,-0.0078339372127105,-0.363508224716807,False,False,True,False,True,False,0
-0.8265616305351976,-0.1804237159514327,-1.3894422528249364,0.9116900831755758,-0.9166876736979732,0,0,0.1879812061146418,0,0.7043421730336995,-0.7236066287436314,True,False,False,True,False,False,0
-0.3180528093842253,1.0555179556958456,-0.0013447194854226,-1.2184705569895626,0.8084361535388619,1,0,1.5878420164083762,1,1.4165182832801098,-1.1681725596409454,False,False,False,False,False,False,0
-0.1623868437257644,-0.7508583336347919,0.3456796638494558,-1.2184705569895626,0.8084361535388619,1,1,-1.7047400689240608,0,-0.0078339372127105,1.192472533423792,True,False,False,False,False,True,0
1.165962729893102,0.8653730831347259,-1.3894422528249364,-0.0017799360161932,-0.9166876736979732,1,0,1.0065581624916498,1,-0.7200100474591208,-1.3726728878537098,False,False,True,False,False,False,0
-0.5048519681743784,-0.3705685885125524,1.3867528138540912,1.113103527492166,-0.9166876736979732,1,0,1.0910193033675284,0,-0.7200100474591208,0.2766667157753252,False,True,False,False,True,False,0
-1.4492254931690411,0.2949384654513666,1.3867528138540912,0.285855248389265,0.8084361535388619,1,0,-1.48834678737099,0,1.4165182832801098,-0.1189969627232842,True,True,False,False,True,False,0
-0.992605327237556,0.6752282105736062,1.7337771971889695,-1.2184705569895626,0.8084361535388619,0,0,0.1521846599565372,0,-0.0078339372127105,1.5258969815967776,False,False,False,False,True,False,0
1.0725631504980253,-0.0853512796708728,-0.348369102820301,0.5603008998838335,-0.9166876736979732,1,1,-1.4025550446166453,0,1.4165182832801098,0.6990043501277735,True,True,False,False,True,False,0
-0.6086292786133524,0.009721156609687,-1.736466636159815,0.6660986363659476,-0.9166876736979732,1,0,1.695238783417515,0,0.7043421730336995,0.3878081984996537,False,False,False,False,False,False,0
-0.10012045746238,-0.3705685885125524,-0.348369102820301,0.7905293219611469,-0.9166876736979732,1,1,-0.1504951889877677,0,0.7043421730336995,-0.6213564646372491,True,False,False,False,True,False,0
-0.4218301198231992,0.6752282105736062,0.3456796638494558,-1.2184705569895626,0.8084361535388619,1,0,-0.9483552322291766,0,0.7043421730336995,-0.8925416824846106,True,False,True,False,False,False,0
-1.397336837949554,0.6752282105736062,-0.348369102820301,-1.2184705569895626,-0.9166876736979732,1,0,-1.357177573786795,0,-1.4321861577055308,-0.6302477832551954,True,False,True,False,True,False,0
0.1074341634155678,-0.8459307699153518,1.3867528138540912,-1.2184705569895626,0.8084361535388619,0,1,0.998925761961021,0,1.4165182832801098,-0.5680085529295714,False,False,True,False,False,True,0
1.09331861258582,-1.0360756424764714,0.6927040471843343,0.7174461998366339,0.8084361535388619,1,1,0.5358253653108537,0,-1.4321861577055308,-0.8703133859397449,True,False,False,False,False,True,0
0.4706547499519766,-0.2754961522319926,0.6927040471843343,-1.2184705569895626,0.8084361535388619,1,1,-0.4463326877001173,0,-0.7200100474591208,-0.6035738274013566,True,False,False,False,False,False,0
0.13856735654726,1.530880137098645,1.0397284305192127,0.9646944638372824,-0.9166876736979732,1,1,-0.1158195614642468,0,0.7043421730336995,1.4814403885070462,False,False,False,True,False,False,0
-0.152009112681867,-0.8459307699153518,0.3456796638494558,0.7451421695428495,0.8084361535388619,1,0,-0.6052870174991326,0,0.7043421730336995,0.9301786341943769,True,True,False,False,False,True,0
-0.1416313816379696,0.3900109017319265,-0.6953934861551795,1.1169080588115543,-0.9166876736979732,1,1,0.7360163565398048,1,-0.0078339372127105,-0.1278882813412305,False,False,False,True,False,False,0
-0.919961209930274,2.1013147547820044,-1.3894422528249364,0.0973461812609893,-0.9166876736979732,1,0,0.111198714312404,1,-1.4321861577055308,-0.9147699790294764,True,False,True,True,False,False,0
-1.0963826376765298,1.2456628282569653,-1.042417869490058,-1.2184705569895626,-0.9166876736979732,1,0,0.6415869159777778,1,0.7043421730336995,-1.252640086511435,False,False,False,False,False,True,0
0.4187660947324896,0.2949384654513666,-1.042417869490058,-1.2184705569895626,0.8084361535388619,1,0,0.7787774812221107,0,-0.0078339372127105,-0.4835410260590818,False,False,False,False,True,False,0
-1.4492254931690411,0.1047935928902469,1.0397284305192127,1.239817860516388,0.8084361535388619,0,0,-1.3445139924699163,0,0.7043421730336995,-0.7102696508167119,False,True,False,False,False,False,0
0.4187660947324896,-0.7508583336347919,-1.042417869490058,-1.2184705569895626,0.8084361535388619,1,0,-0.1495622202591842,1,0.7043421730336995,0.5033953405329553,False,False,False,False,False,True,0
1.6018274337367924,-1.321292951318151,0.6927040471843343,-1.2184705569895626,0.8084361535388619,1,0,-1.4251747549504583,0,0.7043421730336995,0.712341328054693,True,False,True,False,True,False,0
1.6744715510440742,-0.2754961522319926,0.3456796638494558,0.3520168197631191,-0.9166876736979732,0,1,-1.2821638279547172,1,-0.7200100474591208,-1.661640742936964,False,True,False,True,False,False,0
-1.2209154102032984,2.196387191062564,-1.042417869490058,-1.2184705569895626,0.8084361535388619,0,0,-1.00265745479345,1,-0.7200100474591208,-0.078986028942526,True,False,False,False,False,True,0
-0.9614721341058636,2.956966681307043,1.3867528138540912,-1.2184705569895626,-0.9166876736979732,1,1,0.392338391282153,0,0.7043421730336995,0.7034500094367466,False,False,False,False,False,False,0
0.9687858400590514,-0.3705685885125524,1.0397284305192127,-1.2184705569895626,0.8084361535388619,1,1,0.2807914260711344,0,-1.4321861577055308,1.210255170659685,False,False,True,False,True,False,0
-0.4010746577354044,-1.7966551327209506,-0.6953934861551795,-1.2184705569895626,0.8084361535388619,1,1,0.8551195686655146,0,-1.4321861577055308,0.93462429350335,True,False,False,True,False,False,0
1.1140740746736149,0.2949384654513666,-0.348369102820301,0.4694108355933241,-0.9166876736979732,0,1,0.3647335748383991,0,-0.0078339372127105,-0.7636175625243896,True,False,False,True,False,False,0
0.5121656741275662,-0.3705685885125524,1.7337771971889695,1.3383867953597908,0.8084361535388619,1,1,-0.5086931103507967,0,-0.0078339372127105,0.6456564384200958,True,False,True,False,False,False,0
1.9754257513170983,0.4850833380124864,-0.6953934861551795,1.0431166105126042,4.258683808012532,0,1,0.4883893127168538,1,1.4165182832801098,0.5967541860213913,True,False,False,False,True,False,0
-0.1208759195501748,-0.2754961522319926,-0.348369102820301,-1.2184705569895626,-0.9166876736979732,0,0,1.2620144239530855,0,0.7043421730336995,-1.0881506920794288,True,False,True,False,False,True,0
0.7819866812688984,-0.7508583336347919,-1.042417869490058,-0.3828237133568024,0.8084361535388619,0,1,1.0423687918527018,0,-0.7200100474591208,0.6767760535829078,False,False,False,False,False,False,0
0.0244123150643886,-0.1804237159514327,0.3456796638494558,0.1195446176205795,-0.9166876736979732,1,0,-0.9281799138735882,0,-0.0078339372127105,0.6456564384200958,True,False,False,True,False,False,0
0.5640543293470531,1.6259525733792048,-0.6953934861551795,1.0167151293055576,-0.9166876736979732,1,1,-0.2442423766070136,0,0.7043421730336995,-0.2079101489027471,False,True,False,False,False,True,0
-0.3076750783403279,-0.8459307699153518,-0.348369102820301,0.5087796171773278,-0.9166876736979732,0,1,1.677176119370726,0,1.4165182832801098,0.0721663875625607,False,False,False,True,False,False,0
0.6055652535226427,0.9604455194152858,1.7337771971889695,0.849586977414206,-0.9166876736979732,1,1,1.6140990181700616,0,1.4165182832801098,1.259157423058389,True,True,False,False,False,False,0
0.1593228186350548,0.1047935928902469,-1.3894422528249364,1.1271725440549962,-0.9166876736979732,1,0,-1.4129868729331334,0,-0.0078339372127105,-1.6749777208638834,False,False,True,False,False,False,0
1.6018274337367924,2.671749372465364,-1.3894422528249364,-1.2184705569895626,0.8084361535388619,0,1,0.0611018056948781,0,-0.0078339372127105,1.3836358837096372,False,False,False,False,True,False,0
-0.5152296992182758,-1.226220515037591,1.0397284305192127,0.6015658629515301,-0.9166876736979732,1,0,1.6939810316876285,1,-0.0078339372127105,-1.06147673622559,False,True,False,False,False,False,0
-0.152009112681867,1.1505903919764056,-1.3894422528249364,0.4576051325028818,-0.9166876736979732,1,0,-0.7852573111629981,1,-0.0078339372127105,-1.354890250617817,True,True,False,True,False,False,0
-1.6256469209152968,0.009721156609687,1.0397284305192127,0.7068832697493517,0.8084361535388619,1,1,-1.5695131542240108,0,-1.4321861577055308,0.7745805583803169,True,True,False,True,False,False,0
-0.785050706359608,2.291459627343124,1.3867528138540912,-0.087206410257767,-0.9166876736979732,0,0,-0.3733872601675603,1,-0.7200100474591208,0.0366011130907756,True,False,False,True,False,False,0
-2.2067998593735507,-1.0360756424764714,0.6927040471843343,0.5583686936738183,0.8084361535388619,1,0,0.662356858457808,0,0.7043421730336995,-0.1812361930489082,True,False,False,False,True,False,0
-0.5774960854816601,1.7210250096597648,0.3456796638494558,-1.2184705569895626,0.8084361535388619,1,1,-0.4873360200145558,0,-1.4321861577055308,0.0899490247984533,True,False,True,False,False,False,0
-0.5463628923499679,0.1047935928902469,1.7337771971889695,0.9823404955590406,0.8084361535388619,1,1,-1.5007857329075238,0,-0.7200100474591208,0.0721663875625607,True,True,False,False,False,True,0
0.1593228186350548,0.5801557742930463,-0.6953934861551795,-1.2184705569895626,0.8084361535388619,0,0,1.0992499792233632,0,-1.4321861577055308,0.9212873155764304,True,False,True,False,False,True,0
-1.2624263343788882,0.2949384654513666,-1.736466636159815,0.3818030241454822,-0.9166876736979732,0,1,-0.0537712295455481,0,0.7043421730336995,-0.5724542122385445,False,True,False,False,False,False,0
-0.1623868437257644,-0.3705685885125524,1.3867528138540912,0.3102294181088066,-0.9166876736979732,0,0,1.1971670119819335,0,-0.7200100474591208,-0.8614220673217987,True,False,False,False,True,False,0
0.7300980260494114,0.9604455194152858,-0.6953934861551795,1.4745404072298394,-0.9166876736979732,1,0,0.701278832469997,1,-1.4321861577055308,-0.9947918465909928,False,False,False,False,False,True,0
-0.2246532299891487,-1.511437823879271,-0.348369102820301,0.9904777607406444,-0.9166876736979732,0,1,1.2890348744078777,0,-1.4321861577055308,1.6503754422480257,False,True,False,False,False,False,0
-0.10012045746238,-0.2754961522319926,-1.042417869490058,0.7748332686477225,2.533559980775697,1,1,-0.7394041410335942,1,-1.4321861577055308,-0.4390844329693503,False,True,False,False,True,False,0
0.5225434051714636,-0.2754961522319926,1.3867528138540912,0.2314923352704834,0.8084361535388619,1,0,1.2837896637101691,0,-0.7200100474591208,1.4858860478160194,True,True,False,False,True,False,0
0.3668774395130026,0.770300646854166,-1.3894422528249364,0.2420405352474473,-0.9166876736979732,0,0,1.015628440656528,1,-0.7200100474591208,-1.506042667122904,False,True,False,True,False,False,0
0.4602770189080792,0.770300646854166,-1.3894422528249364,0.4908402641283618,-0.9166876736979732,1,1,-0.344953447283649,0,-1.4321861577055308,1.5792448933044552,True,False,True,False,False,True,0
1.010296764234641,0.2949384654513666,1.3867528138540912,2.3402541278904843,-0.9166876736979732,0,0,0.0117805164396724,1,0.7043421730336995,0.6945586908188004,True,False,True,True,False,False,0
1.0310522263224358,-0.1804237159514327,-0.6953934861551795,0.3790075053828984,0.8084361535388619,1,0,-0.792230061422243,0,-0.7200100474591208,-0.90587866041153,False,False,True,False,True,False,0
1.3838950818149471,-0.0853512796708728,1.3867528138540912,0.4979035121358868,-0.9166876736979732,0,0,0.799216903099637,0,1.4165182832801098,-1.6438581057010713,False,True,False,False,False,True,0
-0.4633410439987888,-0.3705685885125524,-1.042417869490058,-1.2184705569895626,0.8084361535388619,1,1,0.2392233747051792,0,-0.0078339372127105,0.3255689681740297,True,False,False,False,False,True,0
-1.366203644817862,-0.4656410247931123,-0.6953934861551795,-1.2184705569895626,0.8084361535388619,1,1,0.0742875087210255,0,1.4165182832801098,1.1569072589520069,True,False,False,False,False,False,0
0.4395215568202844,-0.9410032061959116,-0.0013447194854226,0.3780471662341023,-0.9166876736979732,0,0,0.206668399358798,0,-1.4321861577055308,-0.9859005279730466,False,False,False,False,False,False,0
-0.7642952442718132,-0.8459307699153518,-0.348369102820301,1.494785182653516,-0.9166876736979732,1,0,0.2043945706162685,1,1.4165182832801098,1.1791355554968723,True,False,False,False,False,False,0
0.8234976054444879,0.2949384654513666,1.3867528138540912,0.399337939600274,-0.9166876736979732,1,1,1.595126683532898,0,0.7043421730336995,1.223592148586604,True,False,True,False,True,False,0
-0.8992057478424793,0.4850833380124864,-1.3894422528249364,-1.2184705569895626,0.8084361535388619,0,1,-0.1882712075601328,0,-1.4321861577055308,0.3744712205727343,False,False,False,False,False,True,0
0.3149887842935157,-0.8459307699153518,1.3867528138540912,-1.2184705569895626,0.8084361535388619,1,1,-1.7104635869218685,0,1.4165182832801098,-0.6702587170359536,True,False,False,False,False,True,0
-1.2935595275105802,1.3407352645375252,1.0397284305192127,-1.2184705569895626,-0.9166876736979732,1,1,-0.8470737048998239,0,-1.4321861577055308,-0.5279976191488132,True,False,True,False,False,True,0
-0.1935200368574565,0.1047935928902469,-0.348369102820301,1.1924322163916432,-0.9166876736979732,0,1,-1.1433590842392385,1,-0.7200100474591208,0.3389059461009491,True,False,False,False,True,False,0
-1.0341162514131454,1.530880137098645,-0.6953934861551795,-1.2184705569895626,-0.9166876736979732,1,1,-1.044892806565723,0,0.7043421730336995,-0.6258021239462223,True,False,True,False,False,True,0
0.0036568529765938,-0.1804237159514327,-0.348369102820301,0.2578794065870013,-0.9166876736979732,0,1,1.6911755185671622,1,-0.0078339372127105,0.9568525900482155,False,False,False,False,True,False,0
0.5744320603909505,-0.2754961522319926,0.3456796638494558,-1.2184705569895626,-0.9166876736979732,0,0,-0.0281752689888705,0,-0.0078339372127105,-0.2434754233745322,False,False,False,False,True,False,0
-1.438847762125144,3.1471115538681627,-0.6953934861551795,0.3650652958567217,-0.9166876736979732,1,1,-0.3334772016819203,0,1.4165182832801098,1.0457657762276784,True,False,True,False,False,False,0
-0.7124065890523262,-0.2754961522319926,1.0397284305192127,-1.2184705569895626,0.8084361535388619,0,1,-1.6492943250538068,0,0.7043421730336995,0.0721663875625607,True,False,False,False,True,False,0
0.5951875224787453,-0.4656410247931123,-1.042417869490058,0.5694715143262455,-0.9166876736979732,1,0,-0.7546098274158134,0,0.7043421730336995,-0.0967686661784185,False,False,False,False,False,False,0
0.4395215568202844,0.009721156609687,1.3867528138540912,-1.2184705569895626,0.8084361535388619,0,0,-0.0088193844047719,0,0.7043421730336995,-0.5502259156936788,False,False,True,False,True,False,0
-0.7020288580084288,-1.226220515037591,-1.736466636159815,1.1237165719765096,-0.9166876736979732,1,0,0.0812663443148772,0,-1.4321861577055308,-1.5593905788305815,False,False,False,False,False,True,0
-0.4322078508670966,-0.3705685885125524,0.6927040471843343,0.0929247465170742,-0.9166876736979732,1,1,-0.6747436357682244,0,-0.0078339372127105,-0.9103243197205032,False,False,False,True,False,False,0
1.4357837370344342,-1.321292951318151,-0.0013447194854226,1.2293818975756536,-0.9166876736979732,1,0,-0.7340043628368714,0,0.7043421730336995,1.4725490698891,False,True,False,False,False,True,0
1.300873233463768,-0.3705685885125524,-0.6953934861551795,-1.2184705569895626,0.8084361535388619,1,1,-1.4461114355987166,0,-0.7200100474591208,0.0410467723997487,False,False,True,True,False,False,0
-0.2869196162525331,2.196387191062564,0.6927040471843343,0.7855228456617633,0.8084361535388619,1,1,0.8863761074734947,0,1.4165182832801098,-0.4168561364244846,False,False,False,True,False,False,0
-0.6708956648767367,0.5801557742930463,0.3456796638494558,-1.2184705569895626,-0.9166876736979732,0,0,1.0128347504718698,0,-0.0078339372127105,0.556743252240633,True,False,True,False,True,False,0
-0.6397624717450445,3.5274012989904024,-0.0013447194854226,1.3589734054087892,-0.9166876736979732,0,1,-1.5053850288033896,0,0.7043421730336995,1.410309839563476,False,False,False,False,True,False,0
-0.6812733959206341,0.2949384654513666,0.3456796638494558,0.8101936990163033,0.8084361535388619,1,0,-1.021449315792844,0,0.7043421730336995,-1.661640742936964,True,True,False,True,False,False,0
1.747115668351356,-0.4656410247931123,1.7337771971889695,0.3379330730899711,-0.9166876736979732,1,1,-0.7107314352996876,0,-0.7200100474591208,0.9790808865930812,True,False,True,True,False,False,0
-1.6464023830030916,-0.3705685885125524,1.0397284305192127,1.6365706600718974,-0.9166876736979732,0,0,1.6864609490471725,0,-1.4321861577055308,0.5834172080944718,False,True,False,False,False,True,0
1.6744715510440742,1.9111698822208845,-1.042417869490058,0.9442684440127328,-0.9166876736979732,1,0,1.5162005891487178,1,-1.4321861577055308,0.4544930881342508,True,True,False,True,False,False,0
-0.0586095332867904,-1.226220515037591,-0.348369102820301,1.0206370211778084,-0.9166876736979732,1,0,1.1173540235454786,0,-0.7200100474591208,1.3702989057827175,True,False,False,False,False,False,0
0.5951875224787453,0.9604455194152858,-0.348369102820301,1.2527374481447051,0.8084361535388619,1,1,-1.071657325233621,0,-0.7200100474591208,-1.2304117899665694,True,False,False,False,False,False,0
-0.6397624717450445,0.3900109017319265,0.6927040471843343,0.0796492345926961,0.8084361535388619,1,1,1.429114061056736,1,-1.4321861577055308,-1.5727275567575012,True,False,False,False,False,False,0
-2.3001994387686278,-0.7508583336347919,-0.0013447194854226,-1.2184705569895626,-0.9166876736979732,1,0,-0.0830409935377392,0,-1.4321861577055308,-0.3279429502450218,True,False,False,True,False,False,0
0.2734778601179261,2.006242318501444,-1.042417869490058,-1.2184705569895626,0.8084361535388619,1,1,-0.9842547074754888,0,0.7043421730336995,-0.9458895941922884,False,False,False,False,False,True,0
1.0310522263224358,1.1505903919764056,0.6927040471843343,1.15235334742436,-0.9166876736979732,1,0,0.7994411911465755,1,1.4165182832801098,-0.3946278398796189,False,True,False,False,False,True,0
1.4357837370344342,-0.9410032061959116,-0.6953934861551795,-0.4810370441239339,0.8084361535388619,1,1,1.5534358822745875,0,-0.0078339372127105,-1.310433657528086,True,False,True,False,False,True,0
-1.604891458827502,-0.6557858973542321,1.0397284305192127,-1.2184705569895626,0.8084361535388619,1,0,-0.5749227626112215,0,-0.0078339372127105,-0.839193770776933,True,False,False,True,False,False,0
0.481032480995874,0.1047935928902469,0.6927040471843343,0.4636718565253943,2.533559980775697,1,0,0.1283835253754776,1,-1.4321861577055308,-0.7058239915077388,False,False,False,False,False,False,0
1.311250964507665,0.5801557742930463,-1.3894422528249364,1.37771811122842,0.8084361535388619,1,0,1.2883519259982847,0,-0.7200100474591208,-1.5860645346844204,False,True,False,False,False,False,0
1.311250964507665,0.2949384654513666,0.3456796638494558,-1.2184705569895626,0.8084361535388619,1,1,0.1002541530886123,0,1.4165182832801098,-0.4790953667501086,True,False,False,False,True,False,0
-0.2869196162525331,-0.2754961522319926,0.3456796638494558,-1.2184705569895626,0.8084361535388619,0,0,-0.2726461105512969,0,-0.0078339372127105,0.6234281418752301,True,False,False,True,False,False,0
2.058447599668278,-0.5607134610736721,0.6927040471843343,0.937859565145109,-0.9166876736979732,1,0,0.2216219790215901,0,-0.0078339372127105,-0.047866413779714,False,True,False,True,False,False,0
0.4706547499519766,-0.0853512796708728,-1.3894422528249364,1.6965838513769094,-0.9166876736979732,1,0,-0.8854646900008882,0,-1.4321861577055308,-0.0078554799989557,False,False,False,True,False,False,0
-0.6708956648767367,-0.2754961522319926,-1.3894422528249364,-1.2184705569895626,0.8084361535388619,0,1,-1.4482346957764023,0,-1.4321861577055308,1.4681034105801267,True,False,False,True,False,False,0
0.9999190331907436,2.006242318501444,-1.736466636159815,1.2205747325943566,-0.9166876736979732,1,0,0.4574787686479497,1,1.4165182832801098,-0.616910805328276,True,False,False,False,False,True,0
0.1593228186350548,0.2949384654513666,0.6927040471843343,-1.2184705569895626,-0.9166876736979732,0,1,0.1376615742505048,1,-0.0078339372127105,1.6014731898493209,True,False,False,False,False,False,0
0.3772551705569,0.1047935928902469,1.0397284305192127,1.1940606941312903,0.8084361535388619,0,1,1.6655576508059002,0,0.7043421730336995,0.1699708923599698,False,True,False,True,False,False,0
0.6366984466543348,1.9111698822208845,-0.6953934861551795,-1.2184705569895626,0.8084361535388619,1,1,-0.6560201043831301,0,1.4165182832801098,-1.608292831229286,False,False,False,False,False,True,0
-1.1482712928960168,0.009721156609687,0.3456796638494558,0.5402535399604009,-0.9166876736979732,1,0,-1.3064702191748494,0,0.7043421730336995,1.2324834672045504,False,False,False,False,False,False,0
1.7056047441757665,-0.7508583336347919,1.0397284305192127,-1.2184705569895626,0.8084361535388619,1,1,-1.2522556254289146,0,0.7043421730336995,1.0102005017558933,True,False,False,False,False,True,0
-0.5048519681743784,0.6752282105736062,-1.042417869490058,-1.2184705569895626,0.8084361535388619,1,0,1.2874351268730857,0,-1.4321861577055308,-0.9503352535012616,True,False,True,False,False,False,0
-0.8161838994913002,-1.1311480787570314,-0.348369102820301,-1.2184705569895626,0.8084361535388619,1,1,0.9930972284745694,0,-1.4321861577055308,1.001309183137947,False,False,False,False,True,False,0
-1.7398019623981682,0.1998660291708067,-0.0013447194854226,-1.2184705569895626,-0.9166876736979732,1,1,-0.4549037945605301,0,1.4165182832801098,0.1210686399612653,True,False,False,False,False,True,0
-1.0860049066326325,0.9604455194152858,-1.042417869490058,-1.2184705569895626,-0.9166876736979732,0,0,-0.6079137956488601,1,1.4165182832801098,0.049938091017695,False,False,False,False,False,False,0
-1.6982910382225789,0.009721156609687,1.3867528138540912,1.031929411945636,-0.9166876736979732,0,0,-1.5298678947271207,0,-0.0078339372127105,-1.6171841498472326,False,False,True,False,True,False,0
0.4498992878641817,0.2949384654513666,-1.736466636159815,-1.2184705569895626,0.8084361535388619,0,1,0.7005671960544004,0,-1.4321861577055308,1.192472533423792,False,False,False,False,True,False,0
-1.7190465003103734,-1.416365387598711,-1.3894422528249364,-1.2184705569895626,-0.9166876736979732,1,0,-0.0283147100847193,0,1.4165182832801098,1.4681034105801267,True,False,True,False,False,False,0
-0.3906969266915071,0.009721156609687,1.0397284305192127,0.7988696064893117,-0.9166876736979732,1,1,0.4801859339333984,1,1.4165182832801098,0.93462429350335,False,True,False,False,False,False,0
0.7404757570933088,-1.0360756424764714,-0.348369102820301,-1.2184705569895626,0.8084361535388619,1,1,0.4077972275840178,0,1.4165182832801098,-0.6213564646372491,True,False,False,False,False,True,0
-2.0718893558028846,-0.3705685885125524,0.6927040471843343,-1.2184705569895626,0.8084361535388619,1,0,1.1094500432246814,0,1.4165182832801098,0.1210686399612653,False,False,False,False,False,True,0
-0.0378540711989956,0.3900109017319265,0.6927040471843343,0.0808824010021704,-0.9166876736979732,1,1,0.7667792877778168,1,1.4165182832801098,1.259157423058389,False,False,True,False,True,False,0
0.1904560117667469,-0.5607134610736721,-1.042417869490058,1.0423556081827898,0.8084361535388619,1,0,-0.420302408119213,0,1.4165182832801098,0.9212873155764304,True,False,False,True,False,False,0
0.8027421433566931,-0.1804237159514327,1.7337771971889695,-1.2184705569895626,0.8084361535388619,1,0,0.0074980056767693,0,-0.0078339372127105,0.9879722052110276,True,False,True,False,False,True,0
0.4395215568202844,-1.606510260159831,-0.348369102820301,-1.2184705569895626,0.8084361535388619,1,1,-1.5457718297888017,0,-1.4321861577055308,1.6948320353377568,False,False,False,True,False,False,0
0.0244123150643886,-1.0360756424764714,0.6927040471843343,-1.2184705569895626,0.8084361535388619,1,0,0.8847221135273498,0,-0.7200100474591208,0.2366557819945669,False,False,False,False,True,False,0
-0.4010746577354044,0.6752282105736062,1.0397284305192127,1.4681030288009478,-0.9166876736979732,0,1,-0.9743648216724176,0,-0.7200100474591208,-0.8703133859397449,False,False,False,False,False,False,0
-0.1104981885062774,1.0555179556958456,0.3456796638494558,1.2406690047169548,0.8084361535388619,1,1,0.5299368478118486,0,0.7043421730336995,0.2188731447586743,True,False,False,False,False,True,0
0.5848097914348479,-0.4656410247931123,-0.6953934861551795,-1.2184705569895626,-0.9166876736979732,0,1,0.3655823920827048,1,1.4165182832801098,-0.2434754233745322,True,False,False,False,False,False,0
0.6989648329177193,-0.3705685885125524,-1.3894422528249364,0.3959165512590566,-0.9166876736979732,1,1,1.1227908353499518,0,-0.0078339372127105,0.2233188040676475,True,False,True,True,False,False,0
-0.0067208780673035,-1.321292951318151,1.0397284305192127,-1.2184705569895626,0.8084361535388619,1,1,0.4577894684463056,0,-0.7200100474591208,1.2413747858224966,False,False,False,False,True,False,0
0.3357442463813104,2.006242318501444,-1.042417869490058,0.6478276957249246,-0.9166876736979732,1,0,0.3447152581156677,1,-1.4321861577055308,1.6103645084672673,True,False,False,False,False,True,0
-0.0689872643306878,1.530880137098645,0.6927040471843343,-1.2184705569895626,0.8084361535388619,1,1,-1.4267842390206218,0,-0.7200100474591208,1.6192558270852135,False,False,False,True,False,False,0
-0.9303389409741716,-1.1311480787570314,-0.6953934861551795,-1.2184705569895626,0.8084361535388619,1,0,-1.2569564594793636,0,-1.4321861577055308,1.4903317071249924,False,False,False,True,False,False,0
-0.836939361579095,-0.4656410247931123,-1.3894422528249364,0.3718216131959836,0.8084361535388619,0,1,1.488661668185421,0,-0.0078339372127105,1.4014185209455297,True,False,False,False,False,False,0
0.3564997084691052,-0.3705685885125524,-1.042417869490058,0.5322161833531303,0.8084361535388619,0,1,-0.2501597559787256,0,1.4165182832801098,0.2499927599214863,True,True,False,False,True,False,0
-0.2972973472964305,-1.0360756424764714,-0.348369102820301,-1.2184705569895626,0.8084361535388619,1,0,-1.0293538177137511,0,-0.0078339372127105,-1.377118547162683,False,False,False,True,False,False,0
2.058447599668278,-0.5607134610736721,-0.6953934861551795,0.3902569866989298,0.8084361535388619,1,1,0.6277951136247872,0,-1.4321861577055308,-0.0745403696335528,True,False,True,True,False,False,0
0.2942333222057209,-0.6557858973542321,-0.0013447194854226,-1.2184705569895626,-0.9166876736979732,1,1,0.8737313037605461,0,1.4165182832801098,-0.078986028942526,False,False,False,True,False,False,0
-1.252048603334991,0.2949384654513666,-1.042417869490058,-1.2184705569895626,0.8084361535388619,0,1,-0.1720205822925639,0,-0.7200100474591208,-0.2256927861386396,False,False,False,True,False,False,0
1.217851385112589,1.1505903919764056,1.3867528138540912,1.2916327847698912,0.8084361535388619,1,0,-1.046216801509473,0,0.7043421730336995,-0.9147699790294764,True,False,False,False,True,False,0
0.1178118944594652,-0.1804237159514327,0.6927040471843343,-1.2184705569895626,-0.9166876736979732,1,1,1.4740304373900897,0,1.4165182832801098,1.2369291265135234,False,False,False,False,True,False,0
0.0140345840204912,0.1998660291708067,1.0397284305192127,0.4269535341393179,-0.9166876736979732,1,0,-0.7783567155855203,0,0.7043421730336995,-1.4304664588703606,True,False,False,False,False,False,0
-0.10012045746238,1.530880137098645,0.6927040471843343,-1.2184705569895626,0.8084361535388619,1,1,0.0188553264536093,0,-1.4321861577055308,1.3836358837096372,False,False,False,False,True,False,0
0.6366984466543348,0.770300646854166,-1.3894422528249364,0.318504057580118,-0.9166876736979732,1,0,1.6882098742131844,0,1.4165182832801098,0.6678847349649615,True,True,False,True,False,False,0
0.5225434051714636,-1.511437823879271,0.6927040471843343,0.3630186110719502,-0.9166876736979732,1,0,0.2464155447436772,0,1.4165182832801098,-1.4037925030165217,False,True,False,True,False,False,0
1.7056047441757665,-1.321292951318151,-1.042417869490058,1.1888673695847172,0.8084361535388619,1,1,-1.1242299218359215,0,1.4165182832801098,-0.9103243197205032,False,True,False,True,False,False,0
1.09331861258582,3.052039117587603,-1.736466636159815,0.1918435214805371,0.8084361535388619,1,1,0.9372489831867472,0,0.7043421730336995,-0.3768452026437264,False,False,False,False,True,False,0
-1.5841359967397073,1.7210250096597648,-1.3894422528249364,-1.2184705569895626,-0.9166876736979732,0,0,0.5379625348247836,1,-0.0078339372127105,-1.5816188753754474,False,False,False,True,False,False,0
1.0725631504980253,-0.2754961522319926,1.0397284305192127,-1.2184705569895626,0.8084361535388619,1,0,1.3279691929559831,0,-0.7200100474591208,-0.2568124013014516,True,False,False,True,False,False,0
1.9754257513170983,-0.3705685885125524,1.3867528138540912,0.7020170497177816,-0.9166876736979732,1,0,-0.907815776278484,1,0.7043421730336995,0.556743252240633,False,True,False,False,True,False,0
-1.4180923000373489,-0.9410032061959116,-0.348369102820301,1.1993897918686238,0.8084361535388619,1,0,-1.576281089507059,0,-1.4321861577055308,1.4592120919621805,True,False,True,False,True,False,0
0.7923644123127958,-0.5607134610736721,1.3867528138540912,1.1897766336770834,0.8084361535388619,1,0,1.2228530354907925,0,-0.7200100474591208,-0.4790953667501086,False,True,False,False,False,False,0
0.7819866812688984,1.8160974459403243,-0.0013447194854226,0.4933192456289965,-0.9166876736979732,1,0,-1.296181309288271,1,-0.7200100474591208,-0.2212471268296665,True,True,False,False,False,False,0
-1.5945137277836046,-0.1804237159514327,1.0397284305192127,0.5176471435889515,0.8084361535388619,1,1,-1.4877120000381427,0,-0.0078339372127105,-0.6658130577269805,True,True,False,False,False,False,0
1.1555849988492046,2.1013147547820044,-1.3894422528249364,-0.1601138918277236,-0.9166876736979732,1,1,0.757189148170809,0,-0.7200100474591208,-1.0703680548435364,False,True,False,False,True,False,0
-0.6501402027889419,1.9111698822208845,-1.042417869490058,-1.2184705569895626,0.8084361535388619,1,1,0.4473407750596216,1,0.7043421730336995,-1.3993468437075487,False,False,False,False,False,True,0
0.6366984466543348,1.2456628282569653,-1.736466636159815,1.757836933706976,-0.9166876736979732,1,1,-0.9399532976708346,1,0.7043421730336995,-0.2790406978463173,False,False,False,False,True,False,0
-0.6397624717450445,0.5801557742930463,-1.042417869490058,0.0916802123050718,-0.9166876736979732,1,0,-0.8391384285724766,0,-1.4321861577055308,0.3744712205727343,False,False,False,False,False,True,0
1.1763404609369994,-0.4656410247931123,1.0397284305192127,0.9707041887372588,0.8084361535388619,0,0,-0.9279801410317802,0,-0.7200100474591208,0.6901130315098273,False,True,False,False,False,False,0
1.0310522263224358,0.770300646854166,-0.0013447194854226,1.0658161908428063,0.8084361535388619,1,0,1.083705426636893,0,-0.0078339372127105,0.0899490247984533,True,False,False,False,True,False,0
-1.127515830808222,0.3900109017319265,1.3867528138540912,-1.2184705569895626,0.8084361535388619,1,1,-0.375086459456499,0,1.4165182832801098,-1.0081288245179123,True,False,False,False,False,True,0
1.0829408815419228,-0.1804237159514327,-0.6953934861551795,0.9049645069361084,-0.9166876736979732,1,1,-0.7208042288743707,0,-1.4321861577055308,0.3122319902471103,True,False,False,True,False,False,0
0.5536765983031557,0.3900109017319265,1.7337771971889695,1.1279044063839634,-0.9166876736979732,0,1,-1.571037617476381,1,-1.4321861577055308,0.2766667157753252,False,True,False,True,False,False,0
-0.5256074302621732,-0.6557858973542321,1.0397284305192127,0.2707578459723643,-0.9166876736979732,1,0,-0.2342657313191189,0,-0.7200100474591208,0.8546024259418334,True,False,False,True,False,False,0
-0.2765418852086357,0.2949384654513666,0.3456796638494558,0.3833861907849112,-0.9166876736979732,1,0,-0.1217299861678367,0,0.7043421730336995,-0.7814001997602822,True,True,False,True,False,False,0
-1.5945137277836046,3.242183990148723,-1.042417869490058,1.5072675101592323,0.8084361535388619,1,1,1.1297279429350708,0,-0.7200100474591208,-0.301268994391183,True,False,False,True,False,False,0
-0.6086292786133524,0.1998660291708067,0.3456796638494558,-1.2184705569895626,-0.9166876736979732,1,0,-0.6130649444602166,0,-1.4321861577055308,1.476994729198073,False,False,False,False,False,True,0
-0.1623868437257644,-0.1804237159514327,-1.3894422528249364,0.6249909012149093,-0.9166876736979732,1,0,-0.8336435452891837,0,0.7043421730336995,-0.1901275116668545,True,False,True,False,False,True,0
-0.2869196162525331,1.1505903919764056,1.7337771971889695,0.7573084401163009,0.8084361535388619,1,1,0.4762897549846797,0,0.7043421730336995,-1.6216298091562056,True,False,False,False,False,True,0
0.6782093708299244,-0.7508583336347919,-0.348369102820301,0.8585161461353137,-0.9166876736979732,0,0,-1.0302417549662437,0,1.4165182832801098,-0.0967686661784185,True,False,False,True,False,False,0
-0.8888280167985819,-1.7015826964403906,-0.6953934861551795,-1.2184705569895626,0.8084361535388619,1,1,-1.6831134851980876,0,0.7043421730336995,-0.2923776757732367,False,False,False,False,False,False,0
0.2112114738545417,1.2456628282569653,1.0397284305192127,1.5035391911497518,-0.9166876736979732,0,0,-0.7654285091465948,1,0.7043421730336995,-0.2301384454476127,True,False,False,False,False,True,0
-0.0274763401550982,0.5801557742930463,-0.0013447194854226,0.2671356798231126,-0.9166876736979732,1,0,1.268090022024576,1,-1.4321861577055308,1.3880815430186102,False,False,False,True,False,False,0
-1.7294242313542707,-0.8459307699153518,0.6927040471843343,-1.2184705569895626,-0.9166876736979732,1,0,0.1153793391873178,0,-1.4321861577055308,0.9879722052110276,False,False,True,False,False,False,0
1.248984578244281,0.1998660291708067,1.7337771971889695,0.3191003068282202,-0.9166876736979732,1,1,-0.4278115371573769,0,-0.0078339372127105,-1.28820536098322,True,False,True,False,False,False,0
-1.553002803608015,0.2949384654513666,-1.736466636159815,0.895023283570196,-0.9166876736979732,0,1,-1.2557750352321173,1,-0.0078339372127105,-0.90587866041153,False,True,False,False,False,True,0
-0.0274763401550982,0.5801557742930463,0.6927040471843343,-1.2184705569895626,0.8084361535388619,0,1,-0.4386149186182896,0,-1.4321861577055308,1.1835812148058458,True,False,False,False,False,False,0
-0.8058061684474028,-0.4656410247931123,-0.0013447194854226,0.5799550299057248,0.8084361535388619,1,1,-1.4333198883883909,0,0.7043421730336995,0.2988950123201909,False,False,False,True,False,False,0
-0.5671183544377627,-0.0853512796708728,-1.3894422528249364,-1.2184705569895626,0.8084361535388619,1,0,-1.0280390377052628,0,-0.0078339372127105,-0.5813455308564909,True,False,True,False,False,False,0
0.2734778601179261,-0.1804237159514327,-1.042417869490058,0.5969045835852586,-0.9166876736979732,1,1,0.6031900194088097,0,-0.7200100474591208,0.712341328054693,False,True,False,False,False,False,0
-0.3388082714720201,1.2456628282569653,1.0397284305192127,-1.2184705569895626,0.8084361535388619,1,1,0.3966042108415629,0,-1.4321861577055308,-1.634966787083125,True,False,True,False,True,False,0
-1.3246927206422725,2.386532063623684,-0.0013447194854226,-1.2184705569895626,-0.9166876736979732,1,0,0.6198061124861967,1,-0.7200100474591208,-1.0792593734614826,False,False,True,True,False,False,0
1.4461614680783317,-0.5607134610736721,1.7337771971889695,0.8666359593383882,0.8084361535388619,0,0,-0.8069390106338392,1,-1.4321861577055308,-0.8569764080128255,False,True,False,False,True,False,0
1.300873233463768,-0.9410032061959116,-1.042417869490058,-1.2184705569895626,0.8084361535388619,1,0,0.41829877644843,0,-0.7200100474591208,0.3922538578086268,True,False,False,False,False,False,0
0.6055652535226427,0.5801557742930463,-1.3894422528249364,-1.2184705569895626,0.8084361535388619,1,1,-1.117556570039334,0,-0.7200100474591208,0.9879722052110276,True,False,False,False,False,True,0
-0.2661641541647383,0.8653730831347259,-1.042417869490058,-1.2184705569895626,0.8084361535388619,1,1,-0.0806099892956497,0,-0.0078339372127105,0.334460286791976,False,False,True,False,False,False,0
0.5848097914348479,1.9111698822208845,-1.042417869490058,-1.2184705569895626,-0.9166876736979732,1,0,1.3777514028409827,1,0.7043421730336995,-0.8258567928500136,False,False,False,False,False,True,0
2.058447599668278,-0.0853512796708728,-0.6953934861551795,-1.2184705569895626,0.8084361535388619,0,1,1.372320676371117,0,-0.7200100474591208,0.5434062743137136,False,False,True,False,False,False,0
-1.9058456591005264,-1.606510260159831,-1.3894422528249364,0.0034663849055471,-0.9166876736979732,1,1,1.6404641650210463,0,1.4165182832801098,0.9435156121212962,False,False,False,True,False,False,0
0.0970564323716704,-0.1804237159514327,0.6927040471843343,0.5412662350447849,0.8084361535388619,1,0,0.2539563175217967,1,-0.7200100474591208,-1.314879316837059,True,True,False,False,False,True,0
-2.09264481789068,-0.9410032061959116,0.6927040471843343,0.6580142074496161,-0.9166876736979732,1,1,-0.990182344982681,0,-0.7200100474591208,-0.5502259156936788,True,False,False,True,False,False,0
-1.2209154102032984,0.2949384654513666,1.3867528138540912,1.099952260846125,-0.9166876736979732,0,1,-1.5291211372375073,1,-0.0078339372127105,0.7301239652905855,False,False,False,False,False,True,0
-0.785050706359608,3.052039117587603,0.3456796638494558,1.027446495002132,-0.9166876736979732,1,1,1.6118131926250214,1,0.7043421730336995,0.7923631956162095,False,True,False,False,True,False,0
-0.2869196162525331,-1.226220515037591,1.3867528138540912,-0.0227394420100977,0.8084361535388619,0,0,-1.2031565378202111,0,0.7043421730336995,-1.2926510202921933,True,False,False,False,True,False,0
0.4706547499519766,1.6259525733792048,-0.0013447194854226,0.555579579307025,-0.9166876736979732,1,1,-0.8728278841562798,1,-1.4321861577055308,-1.6394124463920985,True,False,True,False,False,False,0
-1.1067603687204273,0.770300646854166,-0.0013447194854226,-1.2184705569895626,0.8084361535388619,1,1,-1.0686047475281164,0,0.7043421730336995,-1.0392484396807242,False,False,True,False,True,False,0
1.7574933993952533,-0.0853512796708728,1.0397284305192127,-1.2184705569895626,0.8084361535388619,0,1,0.4487518772216011,1,-0.7200100474591208,1.632592805012133,False,False,True,False,True,False,0
-0.4633410439987888,0.4850833380124864,-1.736466636159815,-1.2184705569895626,0.8084361535388619,1,1,-0.3354097300863566,0,0.7043421730336995,-0.7858458590692553,True,False,False,False,False,False,0
1.5499387785173055,0.2949384654513666,0.3456796638494558,-1.2184705569895626,0.8084361535388619,1,1,-0.0804474239282949,0,-1.4321861577055308,-1.092596351388402,True,False,False,False,False,True,0
0.6159429845665401,-1.321292951318151,0.6927040471843343,-1.2184705569895626,2.533559980775697,1,1,-1.5778752733073536,0,-0.0078339372127105,1.1480159403340606,False,False,False,False,True,False,0
-0.7435397821840184,0.009721156609687,-0.6953934861551795,0.697865720366334,-0.9166876736979732,1,0,0.6365254823851969,0,0.7043421730336995,0.8768307224866991,True,True,False,False,False,False,0
-0.6812733959206341,0.3900109017319265,1.0397284305192127,0.9039183488837188,-0.9166876736979732,1,0,-0.5804445952334875,1,-0.7200100474591208,-1.6749777208638834,False,False,False,False,False,True,0
-0.3388082714720201,-0.0853512796708728,1.7337771971889695,0.1368883618610225,-0.9166876736979732,1,1,1.4660956826628515,0,0.7043421730336995,-0.0700947103245797,True,True,False,False,False,True,0
0.5121656741275662,-1.0360756424764714,-1.3894422528249364,0.4374071091684763,-0.9166876736979732,0,1,-0.4194805402138808,0,1.4165182832801098,-0.4790953667501086,True,False,True,False,True,False,0
0.7404757570933088,0.9604455194152858,-1.736466636159815,1.2449085546204173,-0.9166876736979732,1,1,1.3984267618345525,1,-0.0078339372127105,1.5925818712313746,False,True,False,False,True,False,0
-0.1416313816379696,-0.4656410247931123,0.6927040471843343,-1.2184705569895626,0.8084361535388619,1,1,1.7132562421215105,0,0.7043421730336995,-0.1323339406502037,False,False,False,False,False,True,0
-0.1104981885062774,0.2949384654513666,-0.6953934861551795,0.7311135006735002,0.8084361535388619,1,1,1.1490076739032322,0,1.4165182832801098,-0.7725088811423358,True,True,False,False,False,True,0
-1.023738520369248,-0.6557858973542321,0.6927040471843343,-0.1924528883722079,-0.9166876736979732,0,1,0.151755904666808,0,0.7043421730336995,-1.128161625860187,True,False,False,False,False,True,0
0.667831639786027,2.5766769361848034,-0.0013447194854226,0.7254540962232681,-0.9166876736979732,0,0,-1.5710749988175374,1,-1.4321861577055308,-0.9725635500461272,True,True,False,True,False,False,0
-0.3491860025159174,0.2949384654513666,1.0397284305192127,1.240374082290799,0.8084361535388619,1,1,-0.4129627991165259,0,-0.0078339372127105,-0.0567577323976603,True,True,False,False,False,False,0
-0.5256074302621732,0.1047935928902469,1.7337771971889695,0.3606473835304917,0.8084361535388619,0,0,-0.3903933362598953,0,-0.7200100474591208,0.5300692963867942,True,False,False,False,False,False,0
-0.3803191956476097,-0.6557858973542321,0.6927040471843343,0.2577401109785564,-0.9166876736979732,1,1,-1.6982562318338017,0,-0.0078339372127105,0.5078409998419284,True,False,False,False,False,True,0
-0.2038977679013539,0.1998660291708067,-0.6953934861551795,0.0924673125477329,-0.9166876736979732,1,1,-1.161239709847931,0,-0.0078339372127105,-0.332388609553995,False,True,False,False,False,True,0
-0.4633410439987888,0.1047935928902469,-0.0013447194854226,0.2320378296819453,-0.9166876736979732,0,1,1.4112231773125636,0,0.7043421730336995,0.6901130315098273,True,True,False,False,False,False,0
0.8650085296200775,1.0555179556958456,1.3867528138540912,-1.2184705569895626,-0.9166876736979732,0,0,1.151798408353939,1,-0.7200100474591208,1.2413747858224966,True,False,True,False,True,False,0
0.1800782807228495,-0.5607134610736721,1.3867528138540912,-1.2184705569895626,0.8084361535388619,0,1,0.1180509749464331,0,-0.7200100474591208,0.365579901954788,False,False,False,False,True,False,0
-0.3803191956476097,-0.3705685885125524,0.6927040471843343,-1.2184705569895626,0.8084361535388619,1,0,0.8754710139912961,0,-1.4321861577055308,1.517005662978831,True,False,False,True,False,False,0
1.6225828958245871,-0.5607134610736721,-1.042417869490058,0.4389369592129486,-0.9166876736979732,1,0,0.2343116403439268,0,-1.4321861577055308,1.0102005017558933,False,False,False,False,False,True,0
0.8027421433566931,0.2949384654513666,-0.348369102820301,0.3425336708061272,0.8084361535388619,0,0,-1.7113489161738151,0,-0.0078339372127105,-0.1056599847963648,False,True,False,True,False,False,0
0.1074341634155678,-0.1804237159514327,0.3456796638494558,-1.2184705569895626,0.8084361535388619,1,0,-0.8554610346551095,0,1.4165182832801098,-0.3590625654078338,False,False,False,False,True,False,0
0.9791635711029488,-0.1804237159514327,-0.348369102820301,-1.2184705569895626,0.8084361535388619,0,1,1.2276427154265015,0,1.4165182832801098,-1.7238799732625878,False,False,False,False,True,False,0
1.9650480202732008,1.2456628282569653,-0.6953934861551795,0.5808929536692538,-0.9166876736979732,1,0,-0.259320792562598,1,0.7043421730336995,0.7612435804533975,False,True,False,False,True,False,0
-0.2869196162525331,0.5801557742930463,-0.0013447194854226,1.2128835335795656,-0.9166876736979732,1,0,-0.5500645184755988,0,1.4165182832801098,-1.2081834934217035,False,True,False,True,False,False,0
1.5706942406051003,0.2949384654513666,-0.0013447194854226,-1.2184705569895626,-0.9166876736979732,1,0,1.6697382756808137,1,-1.4321861577055308,-0.3234972909360487,True,False,False,True,False,False,0
1.352761888683255,1.2456628282569653,-0.348369102820301,-1.2184705569895626,-0.9166876736979732,1,1,-0.8288481277522739,1,0.7043421730336995,0.5967541860213913,True,False,True,True,False,False,0
0.6782093708299244,-0.5607134610736721,-1.736466636159815,0.6352374541501373,-0.9166876736979732,1,1,-0.3290112615472962,0,-1.4321861577055308,-0.1678992151219888,False,True,False,False,False,False,0
-0.4737187750426862,-1.511437823879271,1.7337771971889695,-0.0910120623464186,-0.9166876736979732,0,1,-0.165786243921186,0,0.7043421730336995,-0.7547262439064433,False,False,True,False,False,False,0
-1.1171380997643243,-1.511437823879271,-1.3894422528249364,0.3261288109885815,-0.9166876736979732,1,0,-1.1280527290359517,0,0.7043421730336995,-0.5324432784577863,True,False,False,False,False,False,0
-0.0689872643306878,0.1047935928902469,0.3456796638494558,0.885553423734469,-0.9166876736979732,1,1,1.6382558840255677,0,0.7043421730336995,-1.2615314051293811,True,False,False,False,False,True,0
1.902781634009817,0.5801557742930463,-0.6953934861551795,0.3860248018506262,-0.9166876736979732,1,0,0.9066510514499324,0,-0.7200100474591208,-0.9281069569563958,True,False,True,True,False,False,0
0.13856735654726,-0.1804237159514327,-0.0013447194854226,1.349529163156225,-0.9166876736979732,0,1,1.4450199086521502,0,-0.7200100474591208,0.24110144130354,False,False,False,True,False,False,0
0.086678701327773,-0.5607134610736721,-0.348369102820301,-1.2184705569895626,-0.9166876736979732,1,0,-1.2303997115216143,0,0.7043421730336995,-0.9192156383384495,True,False,True,False,False,False,0
-2.424732211295396,0.6752282105736062,1.3867528138540912,-1.2184705569895626,-0.9166876736979732,1,1,-0.3375933220100015,1,-0.7200100474591208,0.7167869873636661,False,False,False,True,False,False,0
-2.445487673383191,-0.3705685885125524,1.0397284305192127,-1.2184705569895626,-0.9166876736979732,0,0,0.3352409137328936,0,-0.7200100474591208,-1.6127384905382594,True,False,True,False,False,False,0
0.8650085296200775,0.3900109017319265,1.7337771971889695,0.7537632868264308,0.8084361535388619,1,1,1.673327753765347,1,-0.0078339372127105,0.3389059461009491,True,True,False,False,True,False,0
0.8131198744005905,-0.0853512796708728,-0.0013447194854226,0.6846974820714479,-0.9166876736979732,1,1,1.093381804128615,0,-1.4321861577055308,-1.3282162947639784,True,False,True,False,False,False,0
-1.8643347349249368,0.1047935928902469,-0.348369102820301,-1.2184705569895626,-0.9166876736979732,1,0,-0.5264174297934443,0,0.7043421730336995,-0.2745950385373442,True,False,True,False,False,False,0
-0.4840965060865836,-0.5607134610736721,-0.348369102820301,-1.2184705569895626,0.8084361535388619,0,1,-0.2908899437026675,0,-0.0078339372127105,-0.2523667419924785,False,False,False,False,False,False,0
-0.3906969266915071,0.1998660291708067,0.6927040471843343,1.6621602240025946,-0.9166876736979732,0,0,-1.4911667314278094,1,-0.0078339372127105,-0.6924870135808193,False,False,True,True,False,False,0
2.058447599668278,1.4358077008180852,0.6927040471843343,0.5136913084190109,0.8084361535388619,0,0,-1.327261721126058,1,-0.0078339372127105,-0.7814001997602822,True,False,True,False,True,False,0
-0.8161838994913002,0.4850833380124864,1.3867528138540912,-1.2184705569895626,0.8084361535388619,1,0,0.1163669020606599,0,-0.7200100474591208,0.6812217128918809,True,False,True,False,True,False,0
-1.1690267549838116,0.009721156609687,0.3456796638494558,-0.2249521549213512,-0.9166876736979732,0,1,-0.7072228052320744,0,0.7043421730336995,0.3833625391906806,False,False,True,True,False,False,0
0.719720295005514,0.1047935928902469,0.6927040471843343,-1.2184705569895626,0.8084361535388619,1,1,0.3851006681674551,0,0.7043421730336995,-1.1370529444781334,False,False,False,False,True,False,0
-1.3350704516861698,-0.2754961522319926,1.0397284305192127,0.6016673726248106,-0.9166876736979732,0,0,-1.5167061853059949,0,1.4165182832801098,1.5747992339954822,False,False,True,False,True,False,0
0.7612312191811036,0.770300646854166,-1.3894422528249364,0.4608809809497584,-0.9166876736979732,0,0,-0.2400878317375579,1,-0.0078339372127105,-1.310433657528086,False,True,False,True,False,False,0
-0.4010746577354044,0.009721156609687,1.0397284305192127,0.6740509746190987,-0.9166876736979732,1,0,-1.3407852471562378,0,-1.4321861577055308,-1.21707481203965,True,False,True,False,False,False,0
-0.0586095332867904,-0.6557858973542321,1.0397284305192127,0.4690525096488418,-0.9166876736979732,1,0,-0.3880609144384369,1,-1.4321861577055308,-1.314879316837059,True,True,False,False,True,False,0
-0.9614721341058636,1.0555179556958456,-0.0013447194854226,1.3865550566501434,-0.9166876736979732,0,0,0.871371411000005,1,-0.0078339372127105,0.9257329748854036,True,False,False,False,False,False,0
-0.3284305404281227,0.009721156609687,1.3867528138540912,1.335166825266187,-0.9166876736979732,1,0,-0.3451071454491479,1,-1.4321861577055308,0.1344056178881847,True,True,False,False,True,False,0
-0.5463628923499679,-0.0853512796708728,1.3867528138540912,0.2082948131675644,-0.9166876736979732,0,0,0.9877073606799208,0,-0.0078339372127105,-0.0300837765438214,True,True,False,False,False,True,0
-1.137893561852119,-0.1804237159514327,1.0397284305192127,-1.2184705569895626,-0.9166876736979732,1,1,-1.7321336373236051,0,-0.0078339372127105,1.0457657762276784,True,False,True,True,False,False,0
0.8546307985761801,1.1505903919764056,-1.3894422528249364,0.6794316277425463,-0.9166876736979732,1,1,0.2865524992768015,0,-0.7200100474591208,0.4011451764265731,True,False,False,False,False,False,0
0.3357442463813104,-0.3705685885125524,-0.6953934861551795,0.3821121963522719,-0.9166876736979732,1,1,1.32922468441873,0,-1.4321861577055308,-0.0034098206899826,True,True,False,False,False,True,0
-0.3906969266915071,0.1998660291708067,1.0397284305192127,0.7278006668409331,-0.9166876736979732,1,1,-1.7357545852813907,0,1.4165182832801098,0.4055908357355463,False,False,False,False,False,True,0
-1.85395700388104,-0.3705685885125524,0.6927040471843343,0.8870502911406203,-0.9166876736979732,1,0,1.5496589758841632,0,1.4165182832801098,1.0902223693174098,False,True,False,False,False,False,0
-0.7020288580084288,-0.3705685885125524,0.3456796638494558,1.369128535594107,0.8084361535388619,1,1,0.8312022911268159,0,-0.0078339372127105,-0.8480850893948793,True,False,False,True,False,False,0
0.5848097914348479,-0.5607134610736721,-0.6953934861551795,-1.2184705569895626,0.8084361535388619,1,0,0.6638564587716418,0,1.4165182832801098,0.5434062743137136,True,False,True,False,False,False,0
-0.2246532299891487,0.3900109017319265,1.3867528138540912,-1.2184705569895626,0.8084361535388619,1,1,-1.1491415430493817,0,0.7043421730336995,0.1877535295958624,True,False,False,True,False,False,0
0.0763009702838756,3.717546171551522,-1.042417869490058,1.2100066789904416,-0.9166876736979732,0,1,-0.8772030658719101,0,1.4165182832801098,-1.0792593734614826,True,False,True,True,False,False,0
0.958408109015154,0.009721156609687,-0.348369102820301,0.3051632208186761,-0.9166876736979732,1,0,-1.4086944517681563,0,-0.0078339372127105,1.3925272023275834,True,False,True,True,False,False,0
1.3631396197271524,0.1998660291708067,-0.0013447194854226,0.4889493662711958,-0.9166876736979732,1,0,1.330335344917834,0,1.4165182832801098,-0.4835410260590818,False,True,False,False,True,False,0
-0.5567406233938653,2.006242318501444,-0.348369102820301,-1.2184705569895626,-0.9166876736979732,1,0,1.69165087013331,1,-0.0078339372127105,-1.092596351388402,True,False,False,False,False,False,0
-1.5633805346519123,0.1047935928902469,-0.0013447194854226,0.6172787278039047,-0.9166876736979732,0,0,0.4538725993599235,0,0.7043421730336995,1.0546570948456246,True,True,False,True,False,False,0
-2.787952797831805,0.8653730831347259,1.0397284305192127,0.3155133648558166,-0.9166876736979732,0,0,0.648013724789436,1,-1.4321861577055308,0.0099271572369367,False,False,True,False,False,True,0
0.6782093708299244,1.0555179556958456,1.3867528138540912,0.2274140160310483,-0.9166876736979732,1,1,0.420675360412464,0,-0.0078339372127105,-0.901433001102557,True,False,False,True,False,False,0
0.3461219774252078,-0.5607134610736721,0.3456796638494558,-1.2184705569895626,-0.9166876736979732,1,0,-0.7297712302176356,0,0.7043421730336995,1.7170603318826223,True,False,False,False,False,False,0
-0.442585581910994,0.5801557742930463,-0.348369102820301,0.2084656504252778,-0.9166876736979732,1,1,1.718249693833198,0,-0.0078339372127105,-0.1501165778860962,False,False,True,False,False,False,0
0.6470761776982322,0.9604455194152858,-0.0013447194854226,1.0312478241236251,-0.9166876736979732,1,0,0.7212625497188206,0,-1.4321861577055308,-0.6747043763449267,False,True,False,False,False,False,0
1.456539199122229,-1.321292951318151,1.0397284305192127,1.0688947838993337,-0.9166876736979732,1,1,0.5252116724229722,0,1.4165182832801098,-1.3726728878537098,True,False,True,False,True,False,0
-1.4907364173446307,-1.0360756424764714,-1.736466636159815,0.3220079025171392,0.8084361535388619,1,0,0.8255585779457094,0,-0.7200100474591208,-1.0481397582986705,True,True,False,False,True,False,0
-0.152009112681867,0.4850833380124864,-1.736466636159815,1.3052229126374808,-0.9166876736979732,1,1,0.3481317388306628,0,-1.4321861577055308,1.210255170659685,False,False,True,False,True,False,0
-2.2794439766808328,-1.1311480787570314,0.3456796638494558,-0.2203485151171946,0.8084361535388619,0,0,-0.8094645983623898,0,-1.4321861577055308,-0.3768452026437264,False,False,False,True,False,False,0
-1.2624263343788882,-0.9410032061959116,-0.0013447194854226,-1.2184705569895626,0.8084361535388619,0,0,0.3654664229917684,0,0.7043421730336995,0.3966995171176,False,False,False,True,False,False,0
-0.5256074302621732,0.770300646854166,-1.3894422528249364,-0.1868815443640961,0.8084361535388619,0,1,-0.0680396005316075,0,1.4165182832801098,-1.3282162947639784,True,False,False,False,False,True,0
0.4498992878641817,0.9604455194152858,1.3867528138540912,1.3346182887667246,-0.9166876736979732,1,0,0.6156630428191423,0,1.4165182832801098,-1.097042010697375,True,False,False,True,False,False,0
1.0725631504980253,0.1047935928902469,-1.042417869490058,0.981932855766971,0.8084361535388619,0,0,1.3272514712057797,0,-1.4321861577055308,-0.9236612976474228,True,True,False,False,False,True,0
-0.9614721341058636,-1.321292951318151,-0.0013447194854226,-1.2184705569895626,0.8084361535388619,1,1,1.091707815511619,0,-0.0078339372127105,1.2902770382212012,True,False,True,False,False,True,0
-0.1831423058135592,-0.3705685885125524,-0.6953934861551795,-1.2184705569895626,0.8084361535388619,1,1,-1.4068565068501813,0,-0.7200100474591208,-1.221520471348623,True,False,True,False,False,True,0
-0.10012045746238,-1.606510260159831,1.7337771971889695,0.5717585240630584,0.8084361535388619,1,1,1.4363853404451232,0,-1.4321861577055308,0.5434062743137136,True,True,False,True,False,False,0
0.6782093708299244,-0.2754961522319926,-1.042417869490058,0.4304985273192934,0.8084361535388619,0,1,-0.8909924340910581,0,1.4165182832801098,-1.3059879982191127,True,False,True,False,False,True,0
-1.0963826376765298,-1.7966551327209506,0.3456796638494558,-1.2184705569895626,-0.9166876736979732,0,1,-1.3895851101689871,0,0.7043421730336995,-0.3679538840257801,False,False,False,True,False,False,0
-1.5633805346519123,0.1047935928902469,-1.042417869490058,-1.2184705569895626,0.8084361535388619,0,0,0.721818575435185,0,1.4165182832801098,1.1791355554968723,False,False,False,True,False,False,0
-1.3558259137739646,-1.1311480787570314,-0.348369102820301,0.7240761904689269,-0.9166876736979732,1,1,1.109137604759295,1,-0.0078339372127105,-0.1412252592681499,True,False,False,False,True,False,0
0.2734778601179261,-0.3705685885125524,-0.348369102820301,-1.2184705569895626,-0.9166876736979732,1,0,0.4361799236572317,0,-1.4321861577055308,0.6323194604931764,False,False,False,False,False,False,0
1.352761888683255,0.009721156609687,1.0397284305192127,-1.2184705569895626,0.8084361535388619,1,1,-1.155894004195858,0,-0.0078339372127105,-0.8125198149230941,True,False,False,False,True,False,0
-0.2765418852086357,2.861894245026483,-1.3894422528249364,0.5038309405499544,-0.9166876736979732,1,1,1.4240580173319497,0,-1.4321861577055308,1.0813310506994636,False,False,True,False,True,False,0
-0.4218301198231992,0.1998660291708067,-1.042417869490058,0.6100939563862534,-0.9166876736979732,1,0,1.1063192255028025,0,-1.4321861577055308,0.1699708923599698,False,True,False,False,False,False,0
-0.0170986091112009,-0.4656410247931123,-0.348369102820301,0.4787830283932445,-0.9166876736979732,0,1,0.7400467605832807,0,0.7043421730336995,-0.9770092093551004,True,False,False,False,True,False,0
0.3461219774252078,1.0555179556958456,0.3456796638494558,0.2903850775319353,0.8084361535388619,1,1,-0.8652862420446449,1,0.7043421730336995,1.4858860478160194,False,False,False,False,False,False,0
1.0725631504980253,-0.0853512796708728,-1.3894422528249364,-1.2184705569895626,0.8084361535388619,1,0,-1.3856564181467974,0,0.7043421730336995,0.1655252330509967,False,False,False,True,False,False,0
-1.8643347349249368,-1.226220515037591,-0.0013447194854226,-1.2184705569895626,0.8084361535388619,1,0,0.1387520662120543,0,-0.7200100474591208,1.2724944009853083,False,False,False,False,False,True,0
-1.3039372585544775,-0.2754961522319926,-1.736466636159815,-1.2184705569895626,0.8084361535388619,1,0,-0.0463121741178633,0,-0.7200100474591208,-0.0034098206899826,False,False,False,False,True,False,0
-1.6879133071786812,0.6752282105736062,1.0397284305192127,0.2555020948695417,-0.9166876736979732,1,0,0.8135511695661537,1,-0.7200100474591208,1.1480159403340606,False,True,False,False,False,False,0
-1.9369788522322189,-1.416365387598711,-0.0013447194854226,0.6572953140221245,-0.9166876736979732,1,1,0.4748774357557787,0,-0.0078339372127105,-0.332388609553995,True,True,False,True,False,False,0
-1.5011141483885282,-0.2754961522319926,-0.348369102820301,0.1191414609055629,-0.9166876736979732,0,0,0.6903054093734982,0,-1.4321861577055308,0.3744712205727343,True,False,False,False,False,False,0
-0.8784502857546845,-0.0853512796708728,0.3456796638494558,0.8257933661730794,0.8084361535388619,0,0,-0.9564129107154732,0,-1.4321861577055308,1.1746898961878995,True,False,False,True,False,False,0
1.7886265925269456,0.9604455194152858,1.0397284305192127,0.914697267219038,-0.9166876736979732,1,1,-0.5658651767156659,0,-1.4321861577055308,1.4236468174903951,True,True,False,False,True,False,0
0.1178118944594652,-0.4656410247931123,0.6927040471843343,-1.2184705569895626,0.8084361535388619,1,1,1.390863212518333,0,-0.0078339372127105,1.3569619278557985,True,False,False,False,False,True,0
-0.6190070096572498,0.1047935928902469,-1.042417869490058,1.98889008185222,-0.9166876736979732,1,1,0.2227830608645792,0,1.4165182832801098,-0.554671575002652,False,False,True,False,True,False,0
0.0140345840204912,-0.1804237159514327,0.6927040471843343,0.9565818555794724,-0.9166876736979732,1,0,0.7728291535772551,0,1.4165182832801098,-0.3457255874809144,True,False,False,False,False,True,0
-0.3180528093842253,-0.2754961522319926,0.6927040471843343,0.6442268241916764,-0.9166876736979732,1,1,0.961694815502728,0,-0.7200100474591208,-1.4526947554152263,False,False,True,False,False,True,0
1.2074736540686914,0.4850833380124864,0.3456796638494558,-0.2481501573539546,-0.9166876736979732,1,1,1.3494608561203874,0,0.7043421730336995,-0.1634535558130156,False,False,True,False,False,False,0
0.0659232392399782,-0.6557858973542321,1.3867528138540912,-1.2184705569895626,0.8084361535388619,1,0,0.9796251669884934,0,0.7043421730336995,-0.9903461872820196,False,False,False,False,False,False,0
-0.3803191956476097,1.9111698822208845,1.0397284305192127,-1.2184705569895626,0.8084361535388619,1,1,1.1326591616818442,0,-0.7200100474591208,1.517005662978831,True,False,False,False,False,False,0
0.3357442463813104,1.6259525733792048,-0.6953934861551795,0.8243072261298775,2.533559980775697,1,1,-0.3449132840752435,1,-0.0078339372127105,0.4500474288252776,False,True,False,False,False,False,0
-0.2350309610330461,-0.4656410247931123,1.0397284305192127,-1.2184705569895626,0.8084361535388619,1,1,1.393780348062159,0,-0.0078339372127105,1.0146461610648665,True,False,True,False,False,True,0
-0.0067208780673035,0.5801557742930463,-1.042417869490058,1.4377780546227028,0.8084361535388619,1,0,-1.3453245590395504,1,-1.4321861577055308,1.0102005017558933,True,False,False,False,False,False,0
0.5121656741275662,0.1998660291708067,-1.736466636159815,1.1967061899224802,-0.9166876736979732,0,1,0.472779560116739,0,0.7043421730336995,-0.9236612976474228,True,True,False,True,False,False,0
-1.9058456591005264,0.2949384654513666,1.3867528138540912,1.689559670183707,0.8084361535388619,1,0,1.2559626456199138,0,-1.4321861577055308,-0.4479757515872966,True,True,False,False,True,False,0
0.3564997084691052,-0.3705685885125524,-0.348369102820301,-1.2184705569895626,0.8084361535388619,1,1,1.030077806880466,0,-0.7200100474591208,0.0766120468715338,False,False,True,True,False,False,0
0.4083883636885922,-0.8459307699153518,1.3867528138540912,-1.2184705569895626,0.8084361535388619,0,1,-1.555554961436198,0,-1.4321861577055308,-1.501597007813931,True,False,True,False,True,False,0
0.1800782807228495,-1.321292951318151,-1.3894422528249364,1.3088405957096794,-0.9166876736979732,0,0,-1.0934017905842643,1,-0.0078339372127105,-1.123715966551214,True,False,False,True,False,False,0
-1.7501796934420657,0.1998660291708067,-1.3894422528249364,0.6761809165491476,-0.9166876736979732,0,0,1.0904345896451604,1,-0.0078339372127105,1.6814950574108374,True,True,False,False,False,True,0
-1.0548717135009402,0.9604455194152858,-1.736466636159815,0.5236365345322928,2.533559980775697,1,0,-0.6778083841429429,1,1.4165182832801098,-0.7814001997602822,True,True,False,False,False,True,0
1.591449702692895,-1.226220515037591,1.0397284305192127,-0.5345952449116301,0.8084361535388619,1,1,-1.2443570349759117,0,0.7043421730336995,0.841265448014914,False,True,False,True,False,False,0
-0.152009112681867,-0.1804237159514327,1.0397284305192127,-1.2184705569895626,-0.9166876736979732,1,1,1.488839186089238,0,-1.4321861577055308,0.4100364950445194,True,False,True,False,False,False,0
-1.6360246519591943,0.1047935928902469,0.6927040471843343,-1.2184705569895626,0.8084361535388619,0,1,1.002174635174273,0,0.7043421730336995,1.348070609237852,True,False,False,True,False,False,0
-0.0793649953745852,-0.1804237159514327,1.3867528138540912,-1.2184705569895626,0.8084361535388619,1,1,-0.06934551333824,0,-0.7200100474591208,-0.1323339406502037,True,False,True,False,False,False,0
0.0763009702838756,2.671749372465364,-0.348369102820301,1.1188436273293594,-0.9166876736979732,1,1,0.5322391906936789,0,-1.4321861577055308,-0.4168561364244846,True,False,False,False,True,False,0
0.2734778601179261,-1.606510260159831,0.3456796638494558,0.671865794775356,0.8084361535388619,1,1,1.651607108153022,0,-0.0078339372127105,0.6323194604931764,False,False,False,True,False,False,0
-0.3491860025159174,-0.0853512796708728,-0.0013447194854226,0.8065031659419872,-0.9166876736979732,1,0,-0.1470703626710259,0,-1.4321861577055308,0.3966995171176,True,False,True,False,False,True,0
0.5744320603909505,-0.3705685885125524,-1.042417869490058,-1.2184705569895626,2.533559980775697,1,1,-0.1092402715540112,0,-0.7200100474591208,1.1035593472443292,True,False,False,False,False,True,0
-0.0170986091112009,-0.6557858973542321,-1.3894422528249364,0.8979857969530189,0.8084361535388619,1,1,1.354422837958822,0,-0.7200100474591208,1.570353574686509,True,False,True,False,True,False,0
-0.152009112681867,0.1998660291708067,1.3867528138540912,-1.2184705569895626,0.8084361535388619,1,0,0.7832011717478926,0,1.4165182832801098,0.0766120468715338,False,False,False,True,False,False,0
0.5640543293470531,0.009721156609687,1.0397284305192127,0.5890086040150644,-0.9166876736979732,0,1,-1.6292636637951583,0,1.4165182832801098,0.5345149556957673,False,True,False,False,False,False,0
1.1763404609369994,-0.4656410247931123,1.3867528138540912,0.2519012233362936,-0.9166876736979732,0,0,0.6580660020931589,0,-1.4321861577055308,1.0502114355366516,True,False,False,False,True,False,0
0.3149887842935157,0.6752282105736062,-0.348369102820301,-1.2184705569895626,-0.9166876736979732,1,1,-1.6652432915915782,0,1.4165182832801098,-1.7149886546446416,True,False,True,False,False,True,0
1.4357837370344342,-0.7508583336347919,1.3867528138540912,-1.2184705569895626,0.8084361535388619,1,0,-0.2834816573522745,0,-1.4321861577055308,-1.2793140423652738,False,False,False,False,False,False,0
0.1697005496789521,0.009721156609687,-0.348369102820301,0.0607434582189328,-0.9166876736979732,1,0,-1.0773632826944204,0,0.7043421730336995,-0.6835956949628731,True,True,False,True,False,False,0
-0.836939361579095,0.2949384654513666,-0.348369102820301,0.5239308165188693,2.533559980775697,1,0,-0.7801882274354824,1,-1.4321861577055308,1.152461599643034,False,False,False,False,False,False,0
1.902781634009817,-1.0360756424764714,-1.042417869490058,1.400440747383468,0.8084361535388619,1,1,0.9411055205271698,0,1.4165182832801098,-0.2079101489027471,True,False,False,False,True,False,0
1.3838950818149471,-0.2754961522319926,-0.348369102820301,0.950032240114351,-0.9166876736979732,0,0,1.5682032506984098,0,0.7043421730336995,1.0102005017558933,False,False,False,False,False,True,0
-0.0378540711989956,0.5801557742930463,-0.0013447194854226,0.6850207439489769,-0.9166876736979732,0,0,-0.8483754449055831,0,0.7043421730336995,0.0099271572369367,False,True,False,False,False,True,0
2.058447599668278,-0.9410032061959116,1.7337771971889695,-1.2184705569895626,0.8084361535388619,1,1,1.7272679858538638,0,1.4165182832801098,-1.2081834934217035,False,False,False,False,True,False,0
-0.2557864231208409,1.2456628282569653,-1.3894422528249364,-5.277942626273465e-06,0.8084361535388619,0,1,1.3354190334484062,0,0.7043421730336995,-1.0792593734614826,True,True,False,False,True,False,0
0.429143825776387,0.6752282105736062,-0.6953934861551795,1.2105459291160074,-0.9166876736979732,1,0,1.396235693642676,0,-1.4321861577055308,0.3922538578086268,False,False,True,False,False,True,0
0.4602770189080792,-1.1311480787570314,-1.042417869490058,0.3206549739063812,0.8084361535388619,1,1,-1.642129104354282,0,-1.4321861577055308,-0.6569217391090343,False,True,False,False,True,False,0
1.2074736540686914,0.770300646854166,-0.0013447194854226,0.4555201814532617,-0.9166876736979732,1,0,-0.9092221840394812,1,0.7043421730336995,-1.608292831229286,False,True,False,False,True,False,0
2.058447599668278,0.1998660291708067,-0.6953934861551795,-1.2184705569895626,0.8084361535388619,1,0,0.4948432447341879,0,-0.0078339372127105,0.747906602526478,True,False,False,False,False,True,0
0.4083883636885922,-0.0853512796708728,-0.0013447194854226,0.6188506867507001,-0.9166876736979732,1,0,0.1257704826952914,0,0.7043421730336995,-0.5191063005308669,False,True,False,False,False,True,0
-0.0689872643306878,0.2949384654513666,0.3456796638494558,-1.2184705569895626,-0.9166876736979732,0,0,0.8584793688353146,0,-1.4321861577055308,0.6367651198021496,True,False,False,True,False,False,0
0.3564997084691052,0.770300646854166,-0.0013447194854226,1.518382979493346,-0.9166876736979732,1,0,1.2648541888140534,1,1.4165182832801098,1.6726037387928911,False,True,False,True,False,False,0
0.5640543293470531,1.7210250096597648,0.6927040471843343,-1.2184705569895626,-0.9166876736979732,1,0,-1.43422868964525,1,-1.4321861577055308,0.4189278136624657,True,False,True,True,False,False,0
0.4914102120397713,0.1047935928902469,0.6927040471843343,-1.2184705569895626,-0.9166876736979732,0,1,0.9118411464027733,1,-0.0078339372127105,-0.4879866853680549,True,False,False,False,False,False,0
-0.8576948236668898,-0.8459307699153518,-0.6953934861551795,1.0155144652047208,-0.9166876736979732,1,1,-1.1684002361464734,0,0.7043421730336995,0.4367104508983582,False,False,True,False,False,True,0
0.4083883636885922,-0.0853512796708728,-1.3894422528249364,-1.2184705569895626,0.8084361535388619,0,0,-0.9697900409816822,0,-1.4321861577055308,1.2369291265135234,True,False,False,True,False,False,0
-0.2454086920769435,1.1505903919764056,-0.6953934861551795,0.7665928926938906,0.8084361535388619,1,1,-1.0412031812602316,0,1.4165182832801098,-1.1370529444781334,False,False,False,False,False,True,0
-0.6190070096572498,0.1998660291708067,-1.736466636159815,-1.2184705569895626,0.8084361535388619,1,0,-0.6002786132509824,0,0.7043421730336995,-0.1367795999591768,True,False,True,True,False,False,0
0.2319669359423365,0.2949384654513666,1.3867528138540912,-1.2184705569895626,0.8084361535388619,1,0,-1.671529616107169,0,-1.4321861577055308,0.112177321343319,False,False,False,False,False,True,0
0.6159429845665401,-1.0360756424764714,-0.0013447194854226,-1.2184705569895626,0.8084361535388619,1,1,-0.1125148770393148,0,-0.0078339372127105,1.654821101556999,False,False,True,False,False,False,0
1.2904955024198703,-0.0853512796708728,-1.042417869490058,1.5005870849100884,-0.9166876736979732,1,0,1.1972532498666482,0,1.4165182832801098,1.0546570948456246,False,False,False,False,False,True,0
0.7923644123127958,-0.1804237159514327,-1.736466636159815,-1.2184705569895626,0.8084361535388619,1,1,-0.4907820580690699,0,-1.4321861577055308,1.0857767100084368,True,False,False,False,True,False,0
0.0970564323716704,0.009721156609687,0.3456796638494558,0.9050506460594916,-0.9166876736979732,0,0,-1.0713426265010948,0,1.4165182832801098,-0.1145513034143111,True,False,True,False,False,False,0
-0.5982515475694549,-0.0853512796708728,0.3456796638494558,-0.2069532409915326,0.8084361535388619,1,1,-1.4946487598898557,0,0.7043421730336995,1.259157423058389,True,True,False,True,False,False,0
-0.0378540711989956,-0.4656410247931123,-1.736466636159815,-1.2184705569895626,-0.9166876736979732,1,1,1.1736092907851483,0,-1.4321861577055308,-0.7191609694346582,True,False,False,False,True,False,0
0.6885871018738219,2.671749372465364,0.6927040471843343,-1.2184705569895626,2.533559980775697,1,1,-0.3068609913117268,0,1.4165182832801098,0.4589387474432239,False,False,False,False,True,False,0
1.1555849988492046,1.3407352645375252,-0.348369102820301,-1.2184705569895626,-0.9166876736979732,1,0,-0.4038500974761025,1,1.4165182832801098,-0.1678992151219888,False,False,False,True,False,False,0
1.1452072678053071,-1.226220515037591,0.3456796638494558,0.8698232670134601,-0.9166876736979732,1,0,1.2680898481578733,0,0.7043421730336995,1.1168963251712487,True,False,False,True,False,False,0
0.7923644123127958,-0.6557858973542321,-0.0013447194854226,-0.228583127114815,-0.9166876736979732,1,1,0.9683269608906911,0,1.4165182832801098,-0.7725088811423358,True,True,False,True,False,False,0
1.4461614680783317,-1.321292951318151,0.6927040471843343,-1.2184705569895626,-0.9166876736979732,1,0,-0.1871676755958543,0,1.4165182832801098,0.5923085267124182,True,False,True,False,True,False,0
-0.0378540711989956,-0.3705685885125524,0.6927040471843343,-1.2184705569895626,0.8084361535388619,0,0,0.3906388442598081,0,-0.7200100474591208,1.2058095113507117,True,False,True,False,False,False,0
-0.9614721341058636,-0.0853512796708728,-0.6953934861551795,1.1171221257408543,-0.9166876736979732,1,0,-0.7670981510960144,1,-0.7200100474591208,0.4456017695163045,True,False,True,False,False,True,0
-0.0067208780673035,-1.0360756424764714,1.7337771971889695,0.0554114785034935,-0.9166876736979732,1,1,-0.4476010452988905,0,-0.0078339372127105,-1.5816188753754474,True,False,False,False,False,True,0
0.5848097914348479,0.2949384654513666,1.3867528138540912,1.6107090694299957,0.8084361535388619,1,1,0.0760397373543955,0,-1.4321861577055308,1.4903317071249924,True,True,False,False,False,True,0
0.6574539087421296,0.5801557742930463,-0.348369102820301,-1.2184705569895626,0.8084361535388619,1,1,-0.7891350602411932,0,0.7043421730336995,-1.2748683830563008,True,False,False,False,True,False,0
-0.4114523887793018,2.291459627343124,-1.042417869490058,0.8064925986889327,-0.9166876736979732,0,1,0.8191618480736796,0,1.4165182832801098,0.1166229806522921,False,False,False,False,False,False,0
1.8924039029659196,-1.0360756424764714,0.3456796638494558,-1.2184705569895626,-0.9166876736979732,1,0,-0.4545529315537689,0,-0.7200100474591208,-0.9325526162653688,False,False,False,False,True,False,0
-0.0067208780673035,0.4850833380124864,-1.042417869490058,-1.2184705569895626,2.533559980775697,1,0,0.0364956682786825,1,-0.7200100474591208,1.7126146725736495,True,False,False,True,False,False,0
-0.2350309610330461,-0.4656410247931123,0.3456796638494558,-1.2184705569895626,0.8084361535388619,1,0,1.5633473275488374,0,-0.0078339372127105,0.5967541860213913,True,False,True,False,False,False,0
0.3461219774252078,0.3900109017319265,1.3867528138540912,0.5201543044310649,0.8084361535388619,0,1,1.6409056125800987,0,0.7043421730336995,-1.0259114617538048,True,True,False,True,False,False,0
-1.7294242313542707,1.1505903919764056,0.6927040471843343,1.0910280555317549,0.8084361535388619,1,0,-0.8574784100106355,0,0.7043421730336995,0.1166229806522921,True,True,False,False,True,False,0
2.0169366754926883,-0.4656410247931123,1.7337771971889695,1.0613119792832983,0.8084361535388619,0,1,-0.5570280537995818,1,1.4165182832801098,-0.6924870135808193,False,False,False,False,False,True,0
-0.7642952442718132,-0.2754961522319926,-1.3894422528249364,1.2995449354394566,0.8084361535388619,1,0,0.7146251883297654,0,1.4165182832801098,1.4814403885070462,True,False,True,False,True,False,0
1.8820261719220224,-0.4656410247931123,-0.6953934861551795,1.0991491496139874,-0.9166876736979732,0,0,1.148242138809689,0,-0.0078339372127105,1.3391792906199056,False,False,False,False,False,True,0
0.5225434051714636,1.0555179556958456,-0.6953934861551795,-1.2184705569895626,0.8084361535388619,0,0,-0.0953041598374864,0,0.7043421730336995,0.5300692963867942,True,False,False,True,False,False,0
0.7300980260494114,0.6752282105736062,-0.0013447194854226,-1.2184705569895626,0.8084361535388619,1,0,1.3818477023649158,0,-0.7200100474591208,-1.3193249761460322,True,False,False,False,True,False,0
-0.6397624717450445,-1.416365387598711,0.6927040471843343,0.8058234994387128,-0.9166876736979732,1,0,-0.7241579437095635,0,-0.0078339372127105,0.2677753971573789,True,False,False,False,False,True,0
1.7990043235708428,0.1047935928902469,0.3456796638494558,0.8999149610750333,-0.9166876736979732,0,0,0.2902045693744337,0,-0.7200100474591208,-0.6302477832551954,True,False,False,False,True,False,0
-0.6916511269645315,0.4850833380124864,0.6927040471843343,1.4052160249948118,-0.9166876736979732,1,1,0.2069349370145785,0,-1.4321861577055308,-0.5946825087834102,True,True,False,False,True,False,0
-1.0444939824570427,-0.7508583336347919,1.3867528138540912,0.0991349290052956,0.8084361535388619,1,1,-0.1541509102861638,0,-0.0078339372127105,0.6278738011842032,True,True,False,False,True,False,0
-0.2246532299891487,-0.3705685885125524,-1.3894422528249364,-1.2184705569895626,0.8084361535388619,0,0,1.502120168068659,0,-1.4321861577055308,-0.2612580606104248,True,False,True,False,True,False,0
-0.5567406233938653,-1.7966551327209506,1.0397284305192127,1.6682122179147885,0.8084361535388619,1,1,-1.2323426719282338,0,-1.4321861577055308,0.2544384192304595,True,True,False,False,False,True,0
0.7612312191811036,0.4850833380124864,-0.0013447194854226,-1.2184705569895626,-0.9166876736979732,1,1,0.2942667910245682,0,0.7043421730336995,1.1480159403340606,True,False,False,False,False,True,0
-1.5633805346519123,-0.3705685885125524,0.3456796638494558,0.3787992024098099,-0.9166876736979732,1,1,-1.5098544462720749,0,-1.4321861577055308,-1.3193249761460322,True,False,False,False,False,True,0
-0.3699414646037122,-0.4656410247931123,1.7337771971889695,-1.2184705569895626,0.8084361535388619,1,0,-1.2999842956841532,0,0.7043421730336995,-1.4571404147241995,True,False,False,False,False,True,0
-0.6916511269645315,1.4358077008180852,1.0397284305192127,0.1761718048711171,-0.9166876736979732,1,1,-0.783880634608223,0,-0.7200100474591208,-1.354890250617817,True,False,False,False,False,False,0
0.6263207156104375,-0.8459307699153518,0.3456796638494558,-1.2184705569895626,0.8084361535388619,1,0,0.9038752695356884,0,0.7043421730336995,-0.5991281680923835,False,False,True,False,True,False,0
-2.424732211295396,-0.3705685885125524,0.6927040471843343,-1.2184705569895626,0.8084361535388619,1,1,-0.2008706320635849,0,-0.0078339372127105,-0.3412799281719413,True,False,False,False,False,False,0
-0.2972973472964305,0.8653730831347259,-0.0013447194854226,0.6783414394690965,-0.9166876736979732,1,1,1.0111906669277988,0,0.7043421730336995,-1.1592812410229991,True,False,False,False,True,False,0
-0.8680725547107871,-1.0360756424764714,-1.3894422528249364,0.8195567655522221,-0.9166876736979732,0,0,-0.953133436962484,0,0.7043421730336995,-1.6527494243190175,True,False,True,True,False,False,0
-1.013360789325351,-0.3705685885125524,1.0397284305192127,-1.2184705569895626,0.8084361535388619,1,1,1.3274404643119984,0,0.7043421730336995,-0.9281069569563958,False,False,False,False,False,True,0
0.2319669359423365,0.5801557742930463,0.3456796638494558,-0.0577588383028303,-0.9166876736979732,0,1,0.6886945343697105,0,-0.0078339372127105,1.032428798300759,False,False,False,False,False,False,0
-0.1104981885062774,2.481604499904244,0.3456796638494558,-0.6046089002436177,-0.9166876736979732,1,0,-1.179225177078565,1,-0.0078339372127105,-0.3101603130091293,True,False,False,False,False,False,0
2.058447599668278,0.1047935928902469,1.3867528138540912,0.3796897336444889,-0.9166876736979732,1,1,1.105068428441038,1,-0.0078339372127105,1.1835812148058458,False,False,False,False,True,False,0
-1.9266011211883207,-0.8459307699153518,-0.6953934861551795,-1.2184705569895626,-0.9166876736979732,1,0,1.6265805610488435,0,-0.7200100474591208,0.2855580343932715,False,False,False,False,True,False,0
0.1489450875911573,-0.7508583336347919,-0.6953934861551795,0.7542767592589399,0.8084361535388619,1,1,0.2038764478411699,0,-1.4321861577055308,1.663712420174945,True,True,False,False,True,False,0
0.2423446669862339,-0.4656410247931123,-1.3894422528249364,0.7768082241996397,0.8084361535388619,0,1,1.0994681819356948,0,-1.4321861577055308,0.2988950123201909,True,False,False,False,True,False,0
0.5536765983031557,0.6752282105736062,0.6927040471843343,-1.2184705569895626,0.8084361535388619,1,0,0.292827348589991,0,-0.7200100474591208,1.508114344360885,True,False,True,True,False,False,0
0.8961417227517697,-0.7508583336347919,1.3867528138540912,0.0467146292396887,-0.9166876736979732,1,1,-1.422665336825292,0,0.7043421730336995,-0.6213564646372491,True,False,True,False,True,False,0
0.1074341634155678,-0.3705685885125524,0.3456796638494558,-1.2184705569895626,0.8084361535388619,0,0,-1.7040221733071543,1,0.7043421730336995,0.5478519336226867,False,False,True,False,False,False,0
-0.6708956648767367,-0.5607134610736721,1.0397284305192127,1.1537748030700772,-0.9166876736979732,0,0,0.3910976784891654,0,-0.0078339372127105,-0.6791500356539,True,False,False,False,False,False,0
2.058447599668278,-1.0360756424764714,1.0397284305192127,0.3824199275700088,-0.9166876736979732,1,0,1.6717502611685453,0,-0.0078339372127105,1.2813857196032548,True,False,False,False,True,False,0
1.7990043235708428,-0.1804237159514327,0.3456796638494558,0.6716393993841594,-0.9166876736979732,0,1,-0.8368228718212143,0,1.4165182832801098,0.9568525900482155,True,True,False,False,False,True,0
0.1489450875911573,0.3900109017319265,0.6927040471843343,0.9875354212045616,0.8084361535388619,1,1,0.324587579236716,1,-0.0078339372127105,0.93462429350335,True,False,False,False,False,True,0
0.7923644123127958,-0.1804237159514327,-0.6953934861551795,0.7459098964882441,0.8084361535388619,0,0,0.113817320727088,1,0.7043421730336995,1.5258969815967776,True,False,False,True,False,False,0
-0.4633410439987888,0.8653730831347259,-0.348369102820301,0.575894803084398,2.533559980775697,1,0,1.2716090840943723,1,1.4165182832801098,1.517005662978831,False,False,False,False,False,True,0
-0.3284305404281227,0.1047935928902469,-0.0013447194854226,0.5138722326000946,0.8084361535388619,1,0,-0.8816597910712723,0,1.4165182832801098,1.5303426409057508,True,True,False,False,False,True,0
-1.2728040654227857,0.3900109017319265,0.3456796638494558,0.2804198376818081,0.8084361535388619,0,0,-0.0362099970703642,0,1.4165182832801098,-1.4260207995613874,True,False,False,True,False,False,0
0.6159429845665401,-0.4656410247931123,-0.348369102820301,0.9184805039224224,0.8084361535388619,1,1,-0.9989450529498584,0,1.4165182832801098,-1.5104883264318771,True,True,False,False,False,False,0
-1.2416708722910934,1.2456628282569653,-0.6953934861551795,0.5554185087528922,-0.9166876736979732,1,0,0.8393150853579802,1,0.7043421730336995,1.063548413463571,True,True,False,False,False,False,0
1.5603165095612028,2.006242318501444,-0.6953934861551795,0.2687431831665456,-0.9166876736979732,1,0,-1.0598507328960916,1,0.7043421730336995,1.072439732081517,False,False,False,False,True,False,0
1.1452072678053071,-0.4656410247931123,1.0397284305192127,0.3600990071409241,-0.9166876736979732,0,1,1.5884288165311806,1,-0.0078339372127105,-1.4571404147241995,False,True,False,False,False,False,0
1.248984578244281,-1.226220515037591,0.6927040471843343,1.2216124048223238,0.8084361535388619,1,0,-0.3654206878336635,0,-1.4321861577055308,0.3922538578086268,True,True,False,False,True,False,0
0.5640543293470531,-1.0360756424764714,0.3456796638494558,0.7816758852202627,0.8084361535388619,1,1,-0.8716311596391647,0,-0.0078339372127105,-0.3146059723181024,False,True,False,False,False,False,0
0.3564997084691052,0.009721156609687,-0.348369102820301,1.3069684307102012,0.8084361535388619,1,0,1.0847423676539023,0,-1.4321861577055308,-1.2615314051293811,False,True,False,True,False,False,0
-0.7642952442718132,-1.511437823879271,1.0397284305192127,-1.2184705569895626,0.8084361535388619,1,0,0.203314336790199,0,-0.0078339372127105,-1.6305211277741518,True,False,True,False,False,False,0
-1.7501796934420657,-1.1311480787570314,-1.3894422528249364,0.0272750464767814,-0.9166876736979732,1,1,-1.70962085501217,0,-0.7200100474591208,-1.4571404147241995,True,False,False,False,True,False,0
-0.8265616305351976,-1.8917275690015103,-1.3894422528249364,1.001566491722332,-0.9166876736979732,1,1,-1.4651654875863152,0,-0.0078339372127105,-1.5282709636677696,False,True,False,False,True,False,0
0.6989648329177193,-0.3705685885125524,1.0397284305192127,-1.2184705569895626,-0.9166876736979732,1,1,1.1254584721748968,0,1.4165182832801098,-0.1678992151219888,False,False,True,False,False,False,0
-1.3350704516861698,-1.1311480787570314,1.0397284305192127,-0.2307748714642429,0.8084361535388619,1,0,0.8107034068368455,0,0.7043421730336995,-1.2926510202921933,True,True,False,True,False,False,0
-0.1208759195501748,0.2949384654513666,-0.0013447194854226,1.6010507602481316,-0.9166876736979732,1,1,-1.600035453944997,0,1.4165182832801098,-1.0081288245179123,False,False,False,False,True,False,0
-0.4322078508670966,-0.5607134610736721,-0.348369102820301,0.568069431977795,-0.9166876736979732,0,0,0.2349266068726258,0,0.7043421730336995,0.3789168798817074,True,False,False,False,False,False,0
-0.0170986091112009,1.530880137098645,1.3867528138540912,0.6967387068170884,-0.9166876736979732,1,1,-1.2269801012059642,0,0.7043421730336995,-0.8969873417935837,True,False,True,True,False,False,0
-0.3595637335598148,0.2949384654513666,-1.736466636159815,-0.0960062101839053,-0.9166876736979732,1,1,0.3546783418007243,0,-0.0078339372127105,0.4233734729714388,True,False,True,False,False,True,0
-1.366203644817862,0.3900109017319265,-0.6953934861551795,1.196069432871003,2.533559980775697,0,1,-1.3057086830154765,1,-0.7200100474591208,1.1124506658622757,True,True,False,True,False,False,0
0.1800782807228495,0.009721156609687,-0.6953934861551795,0.694074638278106,-0.9166876736979732,1,1,1.2369616229767464,0,0.7043421730336995,0.7879175363072363,True,False,False,False,False,False,0
0.532921136215361,-0.2754961522319926,0.6927040471843343,0.9445415914932004,-0.9166876736979732,1,0,0.7550747551949795,0,-0.7200100474591208,0.6990043501277735,True,False,True,False,False,True,0
-0.1935200368574565,0.3900109017319265,-0.0013447194854226,-1.2184705569895626,0.8084361535388619,1,1,-0.9072609676290414,0,1.4165182832801098,-1.5860645346844204,True,False,False,False,False,True,0
0.3564997084691052,0.4850833380124864,0.6927040471843343,-0.3370076265304316,-0.9166876736979732,1,0,1.413986614690891,0,-0.0078339372127105,-0.4968780039860012,False,False,False,False,False,False,0
1.217851385112589,0.1998660291708067,-1.3894422528249364,-0.0575151510429991,-0.9166876736979732,1,0,-1.2989157109271885,0,0.7043421730336995,0.6234281418752301,True,False,True,True,False,False,0
-0.3699414646037122,-0.2754961522319926,0.3456796638494558,-1.2184705569895626,-0.9166876736979732,1,1,-1.521593926062226,1,-1.4321861577055308,1.3302879720019594,False,False,True,False,False,False,0
0.481032480995874,0.1047935928902469,-1.736466636159815,0.2553961021192078,-0.9166876736979732,1,1,0.7519828836145844,0,0.7043421730336995,1.6148101677762403,False,False,True,False,False,False,0
-0.1831423058135592,-0.0853512796708728,-1.042417869490058,1.158049417040493,-0.9166876736979732,1,1,-0.7715434010929751,0,1.4165182832801098,0.8946133597225917,True,True,False,False,True,False,0
1.4150282749466394,-0.6557858973542321,-0.348369102820301,0.5760344189126325,-0.9166876736979732,0,0,-0.1923435134790445,0,-1.4321861577055308,0.1699708923599698,True,False,False,False,False,True,0
1.4669169301661262,-0.2754961522319926,-1.736466636159815,-1.2184705569895626,-0.9166876736979732,0,0,0.8443346170751258,0,-0.7200100474591208,1.067994072772544,False,False,True,False,False,True,0
0.8961417227517697,0.1047935928902469,-1.3894422528249364,0.6293446094733388,0.8084361535388619,0,0,1.3913771624925575,0,1.4165182832801098,1.4147554988724491,False,True,False,True,False,False,0
-1.8747124659688343,-1.1311480787570314,-0.348369102820301,-1.2184705569895626,0.8084361535388619,1,0,0.3861718609249657,0,0.7043421730336995,-1.1592812410229991,False,False,False,False,True,False,0
0.9480303779712568,-0.8459307699153518,-1.3894422528249364,0.8152996035603353,-0.9166876736979732,1,1,0.6667718556484379,0,0.7043421730336995,-0.270149379228371,False,False,False,True,False,False,0
-0.4322078508670966,1.7210250096597648,0.3456796638494558,0.4937143968492748,0.8084361535388619,0,1,1.498403767290897,0,0.7043421730336995,1.3614075871647713,True,True,False,False,False,False,0
-0.5982515475694549,-0.3705685885125524,-1.042417869490058,0.9246527403655844,-0.9166876736979732,1,1,-0.6097440904319008,0,-1.4321861577055308,0.5122866591509017,True,False,False,True,False,False,0
0.1904560117667469,2.671749372465364,0.3456796638494558,1.3227868079832252,-0.9166876736979732,1,1,0.3160220361108007,0,-0.0078339372127105,-0.9547809128102346,True,False,True,False,False,True,0
1.217851385112589,0.5801557742930463,-0.0013447194854226,0.8097184928486428,-0.9166876736979732,1,0,0.4118453660312051,1,1.4165182832801098,-0.0656490510156066,False,True,False,False,False,False,0
-1.366203644817862,0.5801557742930463,-1.3894422528249364,0.7522643379916479,-0.9166876736979732,1,1,-1.0325750461212173,1,-1.4321861577055308,0.841265448014914,False,True,False,False,True,False,0
0.481032480995874,2.291459627343124,-0.0013447194854226,-1.2184705569895626,-0.9166876736979732,1,1,1.27175530599164,0,1.4165182832801098,-0.2745950385373442,False,False,True,False,False,True,0
-0.4840965060865836,2.386532063623684,-1.042417869490058,0.8558443923213824,-0.9166876736979732,1,1,-1.5096758851680394,0,-1.4321861577055308,-1.0081288245179123,False,False,False,False,False,True,0
0.2527223980301313,-0.9410032061959116,0.6927040471843343,0.8943373727810255,-0.9166876736979732,0,0,1.5445886750897264,0,-0.7200100474591208,-1.3459989319998709,True,False,False,False,False,True,0
-0.9095834788863768,-0.7508583336347919,-1.736466636159815,0.5511787987395347,-0.9166876736979732,1,1,-0.2324688189430642,0,-0.7200100474591208,0.6456564384200958,True,False,False,True,False,False,0
-0.1727645747696618,-1.416365387598711,-0.348369102820301,1.0262250166149751,-0.9166876736979732,1,1,0.7390124275668168,0,0.7043421730336995,1.3347336313109326,True,False,True,False,False,True,0
-2.3520880939881144,0.009721156609687,-0.348369102820301,-1.2184705569895626,0.8084361535388619,1,0,1.6829432779110003,0,-0.7200100474591208,-1.537162282285716,True,False,False,False,False,True,0
-0.1104981885062774,0.8653730831347259,-0.6953934861551795,1.1406115281819285,-0.9166876736979732,1,1,0.9915152153434882,1,-0.0078339372127105,0.018818475854883,False,False,False,False,False,False,0
-0.7539175132279158,0.009721156609687,-0.0013447194854226,-1.2184705569895626,0.8084361535388619,0,1,-1.0525794535077044,0,-0.7200100474591208,1.6459297829390525,True,False,False,True,False,False,0
0.6263207156104375,-0.9410032061959116,-0.6953934861551795,0.180502137084911,0.8084361535388619,0,0,1.1434037761971252,0,-0.7200100474591208,-0.1012143254873917,False,False,False,False,False,True,0
2.058447599668278,0.5801557742930463,-0.0013447194854226,0.8190685904830858,-0.9166876736979732,1,1,1.605014656802236,1,-0.0078339372127105,-1.0081288245179123,False,True,False,False,False,True,0
0.1593228186350548,0.1998660291708067,0.3456796638494558,-1.2184705569895626,0.8084361535388619,0,0,1.1605685925893474,0,-0.7200100474591208,-1.3726728878537098,True,False,False,False,True,False,0
-0.4737187750426862,-1.321292951318151,-0.6953934861551795,1.141336665895316,2.533559980775697,1,0,-0.9553844891669138,1,1.4165182832801098,-0.8969873417935837,False,False,True,False,False,True,0
0.429143825776387,-0.8459307699153518,0.3456796638494558,0.830812010824465,-0.9166876736979732,1,1,-0.8688830225307062,0,-1.4321861577055308,-0.5502259156936788,False,False,False,False,False,True,0
-1.5841359967397073,-0.9410032061959116,0.3456796638494558,1.1519807716992434,-0.9166876736979732,1,0,0.3163096116376508,0,0.7043421730336995,0.2455471006125132,False,True,False,False,True,False,0
0.3876329016007974,0.1047935928902469,-1.3894422528249364,-1.2184705569895626,0.8084361535388619,1,1,0.3306136252978362,0,0.7043421730336995,-0.4702040481321623,False,False,False,False,False,True,0
-1.283181796466683,0.3900109017319265,0.6927040471843343,0.342182549806909,0.8084361535388619,1,1,1.0326268666139289,0,-0.0078339372127105,0.2099818261407281,True,False,True,False,True,False,0
-0.8576948236668898,-0.4656410247931123,-0.6953934861551795,-1.2184705569895626,-0.9166876736979732,1,0,0.58360515237679,0,-1.4321861577055308,0.965743908666162,False,False,True,False,True,False,0
1.9131593650537144,-0.1804237159514327,1.7337771971889695,-1.2184705569895626,0.8084361535388619,1,0,0.1893950901438704,0,-1.4321861577055308,0.1699708923599698,False,False,True,True,False,False,0
-0.5463628923499679,-1.0360756424764714,-0.348369102820301,0.8122639199556049,0.8084361535388619,1,0,-0.6883069772734033,1,1.4165182832801098,-1.5771732160664742,False,False,True,False,True,False,0
-0.2765418852086357,-0.7508583336347919,-0.348369102820301,0.0262719579860832,0.8084361535388619,1,0,-0.4363290930732496,0,1.4165182832801098,0.0855033654894801,True,True,False,True,False,False,0
0.5536765983031557,2.386532063623684,-0.6953934861551795,1.2387241498252537,2.533559980775697,0,0,0.8022621784036135,1,0.7043421730336995,1.192472533423792,False,True,False,False,True,False,0
0.4602770189080792,-0.6557858973542321,-0.348369102820301,0.1332031124132337,-0.9166876736979732,0,1,-0.8365871085718742,0,1.4165182832801098,-0.5146606412218937,True,True,False,False,True,False,0
-0.733162051140121,-0.3705685885125524,-0.348369102820301,-1.2184705569895626,0.8084361535388619,0,1,-0.2442387254062494,0,1.4165182832801098,-0.6835956949628731,True,False,False,False,True,False,0
-0.3284305404281227,0.1998660291708067,-0.6953934861551795,-1.2184705569895626,0.8084361535388619,1,1,0.6411816326929609,0,-0.7200100474591208,0.525623637077821,True,False,False,False,True,False,0
0.1074341634155678,3.1471115538681627,0.6927040471843343,1.027898805454841,-0.9166876736979732,0,1,1.370545671199647,0,0.7043421730336995,1.001309183137947,False,False,True,False,False,False,0
-0.2246532299891487,1.0555179556958456,-0.6953934861551795,0.8528857215760338,4.258683808012532,1,1,-0.9155116381557272,1,-1.4321861577055308,0.4678300660611702,True,True,False,True,False,False,0
1.1452072678053071,-0.7508583336347919,0.6927040471843343,0.6658203653688475,-0.9166876736979732,1,1,1.0243033459386637,0,-0.7200100474591208,1.1569072589520069,True,False,False,False,True,False,0
-0.7642952442718132,-0.7508583336347919,-0.0013447194854226,0.4160702241526123,4.258683808012532,0,0,1.520202131319487,1,0.7043421730336995,0.1699708923599698,False,True,False,False,False,True,0
1.8924039029659196,2.7668218087459238,1.3867528138540912,0.865668255134433,0.8084361535388619,0,1,-0.1272546006573517,0,1.4165182832801098,1.223592148586604,False,True,False,True,False,False,0
-0.7642952442718132,0.009721156609687,-1.042417869490058,-1.2184705569895626,0.8084361535388619,1,0,-0.5192944587027616,0,-1.4321861577055308,-0.2523667419924785,True,False,False,True,False,False,0
1.3320064265954603,3.052039117587603,1.3867528138540912,1.063899995622268,0.8084361535388619,1,1,0.3838192705659531,0,-1.4321861577055308,-0.8836503638666644,True,True,False,False,True,False,0
-0.3803191956476097,2.1013147547820044,1.3867528138540912,-1.2184705569895626,0.8084361535388619,1,0,0.8657963751666048,1,0.7043421730336995,0.3389059461009491,True,False,True,False,False,False,0
0.6782093708299244,0.1047935928902469,-1.736466636159815,0.3544657006035384,-0.9166876736979732,1,0,0.1817924208194637,0,-0.0078339372127105,0.93462429350335,True,False,False,True,False,False,0
-0.2246532299891487,1.0555179556958456,1.0397284305192127,-1.2184705569895626,0.8084361535388619,0,1,-0.3660561706333229,0,0.7043421730336995,-1.6438581057010713,True,False,False,False,True,False,0
-0.442585581910994,1.3407352645375252,0.6927040471843343,-1.2184705569895626,0.8084361535388619,0,1,-0.8362717143725358,0,1.4165182832801098,-1.3860098657806292,True,False,False,False,False,True,0
1.0725631504980253,-0.0853512796708728,1.3867528138540912,1.165764952759288,-0.9166876736979732,1,0,-0.3479964623204856,0,-0.0078339372127105,-0.8480850893948793,True,False,False,False,False,False,0
-2.8605969151390864,-0.9410032061959116,-0.348369102820301,0.6235415864475033,4.258683808012532,1,0,0.3288791310681778,1,-0.7200100474591208,-1.44380343679728,False,True,False,False,False,False,0
0.8234976054444879,-0.8459307699153518,0.6927040471843343,-1.2184705569895626,0.8084361535388619,1,1,1.4630950911015594,0,-0.7200100474591208,0.7745805583803169,True,False,False,True,False,False,0
0.2112114738545417,-1.7015826964403906,-1.3894422528249364,-0.6462107345298984,-0.9166876736979732,1,0,-1.2456045285703183,0,-0.7200100474591208,-0.6258021239462223,False,True,False,False,False,False,0
0.2942333222057209,-0.2754961522319926,0.6927040471843343,-1.2184705569895626,0.8084361535388619,1,0,-1.3965335190898045,0,1.4165182832801098,-0.3679538840257801,True,False,True,False,False,False,0
0.532921136215361,0.3900109017319265,1.0397284305192127,-1.2184705569895626,0.8084361535388619,1,0,-1.5774339996150044,0,-0.0078339372127105,1.2147008299686577,True,False,False,False,True,False,0
0.6055652535226427,0.6752282105736062,1.7337771971889695,0.7113394483404304,-0.9166876736979732,1,0,1.1502273488251502,1,0.7043421730336995,1.6459297829390525,False,True,False,False,False,False,0
-1.5841359967397073,0.6752282105736062,0.3456796638494558,-1.2184705569895626,0.8084361535388619,1,0,-0.468983520173777,0,1.4165182832801098,0.8990590190315648,False,False,False,False,True,False,0
1.3942728128588446,-0.6557858973542321,1.3867528138540912,-1.2184705569895626,0.8084361535388619,1,0,0.5682158627561468,0,-1.4321861577055308,1.3213966533840131,True,False,False,False,False,True,0
-0.8265616305351976,1.1505903919764056,1.0397284305192127,0.3466047851002979,2.533559980775697,1,1,1.609709579384781,1,-0.7200100474591208,0.5923085267124182,True,True,False,False,True,False,0
1.4669169301661262,0.1998660291708067,-0.6953934861551795,1.0519911817595973,-0.9166876736979732,1,0,0.0432907267674069,0,-0.0078339372127105,-0.7102696508167119,False,False,False,True,False,False,0
1.300873233463768,-0.8459307699153518,-0.348369102820301,-1.2184705569895626,0.8084361535388619,0,1,0.2639414822781411,0,-1.4321861577055308,-0.2034644895937739,False,False,False,False,False,False,0
-0.7539175132279158,-0.7508583336347919,-1.042417869490058,0.2312841924072899,0.8084361535388619,1,1,-1.4192940614530904,0,-1.4321861577055308,-1.3459989319998709,True,True,False,True,False,False,0
0.1800782807228495,0.770300646854166,-1.736466636159815,-0.1981897860115059,0.8084361535388619,1,1,1.4169607785133187,0,-1.4321861577055308,-1.2926510202921933,True,True,False,False,False,False,0
-1.5322473415202202,0.4850833380124864,-1.736466636159815,0.8929477790043668,0.8084361535388619,1,1,1.001566623313696,1,-0.0078339372127105,0.1744165516689429,False,True,False,True,False,False,0
-0.7435397821840184,2.481604499904244,1.3867528138540912,0.4915713259078552,2.533559980775697,1,0,0.1296941325830926,1,-0.0078339372127105,1.5258969815967776,False,False,False,True,False,False,0
0.6989648329177193,-0.3705685885125524,-0.6953934861551795,0.7503188426603675,-0.9166876736979732,1,1,0.65722327018346,0,0.7043421730336995,-0.8703133859397449,True,False,True,False,False,False,0
0.3668774395130026,-1.7015826964403906,1.0397284305192127,-1.2184705569895626,0.8084361535388619,1,1,0.9447229911508942,0,1.4165182832801098,-0.7013783321987657,False,False,True,False,True,False,0
-2.2586885145930378,-0.5607134610736721,-0.6953934861551795,-1.2184705569895626,-0.9166876736979732,1,1,-1.6985312889580315,0,1.4165182832801098,-0.2256927861386396,True,False,True,False,True,False,0
-0.0170986091112009,-1.226220515037591,-0.348369102820301,2.2134363638742447,0.8084361535388619,1,0,0.4935039495205693,0,-0.7200100474591208,1.2502661044404428,True,True,False,True,False,False,0
-0.2661641541647383,-0.2754961522319926,-1.042417869490058,1.690264473940459,0.8084361535388619,1,1,-0.7458907599911023,0,-1.4321861577055308,-1.5104883264318771,True,True,False,False,False,False,0
-1.4803586863007334,-0.8459307699153518,0.3456796638494558,-1.2184705569895626,0.8084361535388619,1,0,1.3938471128761312,0,0.7043421730336995,-1.1770638782588916,True,False,False,False,False,False,0
0.5225434051714636,2.006242318501444,-0.0013447194854226,1.000613197408906,0.8084361535388619,1,1,-1.0239827275230322,1,0.7043421730336995,-0.5813455308564909,False,True,False,True,False,False,0
0.325366515337413,0.1998660291708067,0.3456796638494558,0.3137254176609842,0.8084361535388619,1,1,1.4593475681839514,0,1.4165182832801098,-0.6569217391090343,True,False,False,True,False,False,0
-0.4114523887793018,-0.0853512796708728,0.6927040471843343,0.5525925691103031,-0.9166876736979732,1,1,1.6182059235628807,0,1.4165182832801098,0.8679394038687528,False,False,False,False,False,False,0
-0.2246532299891487,-1.0360756424764714,1.3867528138540912,-1.2184705569895626,0.8084361535388619,0,0,-1.1793715728425356,0,-0.7200100474591208,0.081057706180507,True,False,False,False,False,True,0
-0.1104981885062774,-0.3705685885125524,-1.042417869490058,0.4420541387541139,-0.9166876736979732,0,1,1.6001460413833404,1,-0.7200100474591208,-1.5104883264318771,True,True,False,False,True,False,0
-0.3180528093842253,-0.4656410247931123,-1.042417869490058,0.2426686463646076,0.8084361535388619,1,0,-0.9662448989064276,0,-0.7200100474591208,0.0010358386189905,False,True,False,False,False,False,0
-1.2624263343788882,0.009721156609687,-1.042417869490058,-1.2184705569895626,0.8084361535388619,1,0,1.6950570927128246,0,0.7043421730336995,-1.381564206471656,True,False,False,False,False,True,0
1.2074736540686914,0.3900109017319265,-1.042417869490058,0.851174787240583,0.8084361535388619,0,0,-1.4132085529795262,0,-0.0078339372127105,-1.1726182189499186,False,True,False,False,False,True,0
-0.733162051140121,-1.416365387598711,1.7337771971889695,1.3305383684283416,-0.9166876736979732,1,1,0.0362779871664598,1,0.7043421730336995,0.7078956687457197,False,False,True,False,False,False,0
1.3631396197271524,-0.1804237159514327,-1.3894422528249364,0.9700661508066232,-0.9166876736979732,1,0,1.6944937645949325,0,-1.4321861577055308,-0.8658677266307718,False,False,True,True,False,False,0
1.2697400403320758,-1.0360756424764714,-1.3894422528249364,-0.0774630827217829,0.8084361535388619,0,1,-0.5506657495347564,0,1.4165182832801098,-0.6480304204910879,False,False,False,True,False,False,0
-1.1482712928960168,-0.4656410247931123,-0.6953934861551795,0.8428410672181035,-0.9166876736979732,1,0,0.5984462402827067,0,-0.0078339372127105,-0.7858458590692553,True,False,False,False,False,False,0
0.9687858400590514,-0.0853512796708728,-0.0013447194854226,-0.1762286325159563,0.8084361535388619,1,1,0.6914005957360305,0,-0.0078339372127105,-0.016746798616902,True,True,False,False,True,False,0
-1.0341162514131454,0.2949384654513666,1.3867528138540912,0.9222158677672728,0.8084361535388619,1,0,0.0111000021639223,1,0.7043421730336995,-0.3723995433347533,True,False,False,False,False,True,0
-0.7227843200962236,-0.7508583336347919,-1.042417869490058,-1.2184705569895626,0.8084361535388619,1,1,-1.1594172390665278,0,0.7043421730336995,-0.8614220673217987,True,False,False,True,False,False,0
-1.85395700388104,-0.3705685885125524,0.3456796638494558,-0.1038277386530338,-0.9166876736979732,1,0,0.746138528258155,0,-1.4321861577055308,1.565907915377536,False,False,False,False,True,False,0
-1.2416708722910934,2.5766769361848034,-0.6953934861551795,-1.2184705569895626,-0.9166876736979732,1,1,0.2572484835441089,0,-1.4321861577055308,1.5481252781416432,False,False,True,False,False,False,0
0.1800782807228495,1.0555179556958456,-0.348369102820301,0.5851816573104092,-0.9166876736979732,0,0,1.1467366270279515,1,-0.7200100474591208,-0.7413892659795239,False,True,False,False,True,False,0
0.5640543293470531,-0.7508583336347919,-1.3894422528249364,0.6551367124209129,0.8084361535388619,1,0,-0.7996435637737277,0,0.7043421730336995,-0.9147699790294764,True,True,False,True,False,False,0
-1.6671578450908864,2.7668218087459238,-0.6953934861551795,0.5038573586825904,-0.9166876736979732,0,1,0.2306289697065573,0,0.7043421730336995,0.7968088549251826,False,False,False,False,True,False,0
-0.3699414646037122,0.5801557742930463,-0.348369102820301,0.747582244339057,-0.9166876736979732,1,1,-0.6681566957230545,0,1.4165182832801098,-1.701651676717722,False,True,False,False,False,True,0
-0.7539175132279158,-0.5607134610736721,-1.3894422528249364,-1.2184705569895626,0.8084361535388619,1,1,-0.7930880936018104,0,-0.0078339372127105,-0.3501712467898875,True,False,True,False,False,True,0
0.8338753364883853,-0.2754961522319926,0.6927040471843343,0.802049228889435,-0.9166876736979732,1,1,0.5692602800413873,0,-1.4321861577055308,-0.2568124013014516,True,False,False,False,False,False,0
-0.8058061684474028,-0.4656410247931123,0.6927040471843343,1.231097314988158,-0.9166876736979732,1,1,0.5956657639674805,0,1.4165182832801098,0.4367104508983582,False,False,False,False,False,False,0
0.2319669359423365,-1.0360756424764714,-0.0013447194854226,-1.2184705569895626,-0.9166876736979732,1,1,0.895308509342852,0,-0.0078339372127105,-1.0214658024448318,True,False,False,True,False,False,0
-0.4840965060865836,0.009721156609687,0.6927040471843343,-1.2184705569895626,-0.9166876736979732,0,1,0.3289034724066051,0,0.7043421730336995,-1.3326619540729516,True,False,False,False,False,False,0
0.3046110532496183,-0.9410032061959116,-1.042417869490058,1.1534589062477072,-0.9166876736979732,1,1,-0.8416869667058302,0,1.4165182832801098,-0.9458895941922884,False,False,False,False,False,True,0
-0.3076750783403279,-1.1311480787570314,1.3867528138540912,1.02042503567714,-0.9166876736979732,1,1,0.909368066418545,0,-0.7200100474591208,1.6237014863941868,True,False,True,False,False,False,0
-2.52850952173437,0.1047935928902469,-0.6953934861551795,-1.2184705569895626,0.8084361535388619,0,0,0.424981343180279,0,1.4165182832801098,-0.0211924579258751,True,False,False,True,False,False,0
0.9065194537956672,-0.7508583336347919,-1.3894422528249364,-1.2184705569895626,0.8084361535388619,1,1,-0.7295714573758275,0,-1.4321861577055308,-1.5771732160664742,True,False,True,True,False,False,0
-0.5359851613060705,-0.6557858973542321,-1.3894422528249364,-1.2184705569895626,-0.9166876736979732,1,1,0.0270340161652312,0,0.7043421730336995,-1.257085745820408,True,False,False,False,False,True,0
0.6885871018738219,-0.4656410247931123,-0.0013447194854226,0.6055404309791581,0.8084361535388619,1,0,-1.2111392797574918,0,-0.7200100474591208,-0.4613127295142161,True,False,True,False,False,False,0
0.0659232392399782,1.0555179556958456,-1.042417869490058,-1.2184705569895626,0.8084361535388619,1,0,-0.8396642014825094,0,-1.4321861577055308,1.2724944009853083,True,False,True,True,False,False,0
0.2527223980301313,-0.2754961522319926,-0.348369102820301,-1.2184705569895626,0.8084361535388619,1,1,-1.6909924287136455,0,-0.7200100474591208,-0.301268994391183,False,False,True,False,True,False,0
-1.6256469209152968,-0.8459307699153518,1.7337771971889695,0.8590512334036159,-0.9166876736979732,0,0,1.2573754864489235,0,-0.7200100474591208,0.650102097729069,True,False,False,False,False,False,0
2.058447599668278,0.009721156609687,-0.0013447194854226,0.6146567681672453,-0.9166876736979732,1,0,-0.0128976017915874,0,-0.7200100474591208,1.5214513222878043,False,True,False,False,True,False,0
-0.4840965060865836,1.6259525733792048,-1.3894422528249364,-0.0315890361135076,0.8084361535388619,1,1,-0.6647186555368809,1,-1.4321861577055308,1.6103645084672673,False,True,False,False,True,False,0
0.2008337428106443,0.2949384654513666,0.3456796638494558,-1.2184705569895626,0.8084361535388619,1,0,1.6825287796909216,0,1.4165182832801098,-0.9503352535012616,False,False,False,False,False,False,0
-1.127515830808222,-1.606510260159831,1.0397284305192127,-1.2184705569895626,0.8084361535388619,0,0,0.4721512058519048,0,-0.0078339372127105,-1.5816188753754474,True,False,False,False,True,False,0
-0.6605179338328393,-0.0853512796708728,-1.3894422528249364,0.7712352790925802,-0.9166876736979732,1,0,-0.4253144635681272,0,-0.0078339372127105,1.4014185209455297,True,False,False,False,False,False,0
-0.1416313816379696,0.1998660291708067,1.3867528138540912,1.0923329511740836,-0.9166876736979732,1,0,-0.4599024622733091,1,-0.7200100474591208,-0.3546169060988607,False,True,False,True,False,False,0
-0.2350309610330461,0.009721156609687,-1.042417869490058,0.8576635609456941,0.8084361535388619,1,0,-0.3070002585408724,0,0.7043421730336995,0.4856127032970628,True,False,False,False,False,False,0
-0.8784502857546845,0.1998660291708067,1.3867528138540912,0.9893063967505492,-0.9166876736979732,1,0,0.7229059377960793,1,0.7043421730336995,1.703723353955703,False,False,False,False,False,False,0
0.3461219774252078,0.1047935928902469,-1.042417869490058,1.4713971297758277,0.8084361535388619,1,1,1.164367927784466,0,-0.7200100474591208,-1.4882600298870114,True,False,False,True,False,False,0
1.0518076884102303,-0.7508583336347919,0.3456796638494558,0.4882415204264429,-0.9166876736979732,0,0,-0.1586624034969878,0,1.4165182832801098,-0.4613127295142161,False,False,False,True,False,False,0
0.771608950225001,-0.6557858973542321,1.0397284305192127,-1.2184705569895626,0.8084361535388619,0,0,1.4716832368988717,0,-0.7200100474591208,-1.661640742936964,False,False,False,False,False,True,0
1.6848492820879717,-0.9410032061959116,1.0397284305192127,0.3359787717144784,0.8084361535388619,1,1,1.6838093079589085,0,-0.7200100474591208,1.5925818712313746,True,True,False,True,False,False,0
0.4602770189080792,0.4850833380124864,1.0397284305192127,1.3735451670411791,-0.9166876736979732,0,0,-0.4323859701147063,0,0.7043421730336995,0.7968088549251826,True,False,False,True,False,False,0
-1.158649023939914,-0.1804237159514327,-1.736466636159815,0.7160684541921875,-0.9166876736979732,1,0,-1.254855106506263,0,-0.7200100474591208,-0.2968233350822098,True,False,True,True,False,False,0
1.0829408815419228,-1.0360756424764714,0.3456796638494558,-1.2184705569895626,-0.9166876736979732,1,1,1.1121098560479887,0,-0.7200100474591208,-0.6613673984180074,False,False,False,False,False,True,0
-1.7190465003103734,-0.1804237159514327,-1.3894422528249364,0.4056521935200919,-0.9166876736979732,0,0,-0.8531070533624725,0,-0.0078339372127105,-0.4213017957334578,True,True,False,False,True,False,0
-0.3388082714720201,0.1998660291708067,1.0397284305192127,-1.2184705569895626,2.533559980775697,1,1,-0.3575492205863368,1,-0.7200100474591208,1.7392886284274882,False,False,True,True,False,False,0
1.7574933993952533,-1.0360756424764714,1.0397284305192127,-1.2184705569895626,-0.9166876736979732,1,1,-1.107133782791405,0,1.4165182832801098,1.059102754154598,False,False,False,True,False,False,0
-1.6879133071786812,0.1047935928902469,-0.6953934861551795,2.328488772493522,-0.9166876736979732,1,0,1.2420305328375585,0,1.4165182832801098,0.1299599585792115,True,False,True,False,False,False,0
0.927274915883462,-0.1804237159514327,1.3867528138540912,0.4668743746404687,0.8084361535388619,1,1,0.8532030359977597,0,-1.4321861577055308,-0.3723995433347533,True,False,False,False,True,False,0
1.7990043235708428,-0.6557858973542321,1.3867528138540912,-1.2184705569895626,0.8084361535388619,0,0,-1.5766277797129469,0,1.4165182832801098,-0.1056599847963648,True,False,False,False,True,False,0
-1.1067603687204273,0.770300646854166,1.0397284305192127,0.4753718870852922,-0.9166876736979732,0,1,-0.5668243993164104,1,1.4165182832801098,0.9924178645200008,True,False,False,False,False,True,0
-0.9303389409741716,-0.9410032061959116,1.3867528138540912,-1.2184705569895626,-0.9166876736979732,1,1,-1.2965693797694855,0,-1.4321861577055308,-0.4213017957334578,True,False,False,False,False,True,0
1.425406005990537,0.1047935928902469,-0.348369102820301,-1.2184705569895626,0.8084361535388619,1,0,0.6428022442321195,0,-0.7200100474591208,0.8012545142341557,False,False,True,False,False,True,0
0.958408109015154,1.4358077008180852,0.3456796638494558,0.2834612852427498,0.8084361535388619,0,1,0.6891638006012509,0,-0.7200100474591208,-1.3371076133819246,True,False,False,False,True,False,0
-0.1935200368574565,0.2949384654513666,-1.3894422528249364,-1.2184705569895626,0.8084361535388619,1,0,-0.7574619368126978,0,-0.7200100474591208,1.4369837954173148,False,False,False,False,False,True,0
1.5499387785173055,0.3900109017319265,-0.348369102820301,1.322682896661523,0.8084361535388619,0,0,-0.0320810106062573,0,-0.7200100474591208,-1.701651676717722,True,False,False,False,False,True,0
-0.2350309610330461,0.6752282105736062,-1.3894422528249364,0.873624596134953,-0.9166876736979732,1,1,1.0552731785533094,1,-1.4321861577055308,-0.0923230068694454,True,False,False,False,False,True,0
-0.1208759195501748,-0.4656410247931123,-0.6953934861551795,0.0276135187943131,-0.9166876736979732,1,1,1.1842680151491212,0,0.7043421730336995,-1.2348574492755424,False,False,True,False,False,False,0
0.0140345840204912,-0.9410032061959116,-1.042417869490058,-1.2184705569895626,0.8084361535388619,1,1,-1.021631701964347,0,1.4165182832801098,0.4945040219150091,True,False,False,False,True,False,0
-1.314314989598375,-0.8459307699153518,-1.736466636159815,1.311093021709223,0.8084361535388619,1,1,0.0044575986404783,0,-0.0078339372127105,-1.6483037650100445,False,True,False,False,False,False,0
-0.5463628923499679,-0.8459307699153518,1.3867528138540912,0.4697870938460201,-0.9166876736979732,1,1,0.3597865455364268,0,-0.0078339372127105,-1.5460536009036625,True,False,False,False,False,False,0
0.1593228186350548,0.009721156609687,1.3867528138540912,-1.2184705569895626,0.8084361535388619,1,0,-0.54867967018578,0,1.4165182832801098,-0.3190516316270755,True,False,True,False,True,False,0
1.062185419454128,1.0555179556958456,0.6927040471843343,1.1315814902271193,0.8084361535388619,0,1,0.8737537325652396,0,-1.4321861577055308,-0.3990734991885921,False,False,True,True,False,False,0
-0.3595637335598148,2.1013147547820044,-0.6953934861551795,0.6045238932572997,-0.9166876736979732,1,1,-1.0832255463212646,0,-1.4321861577055308,-0.8214111335410405,True,False,True,True,False,False,0
0.9687858400590514,-0.3705685885125524,1.3867528138540912,0.2636111807096669,0.8084361535388619,1,0,1.062125265320635,0,0.7043421730336995,0.6011998453303644,True,False,False,False,False,True,0
-0.2972973472964305,0.6752282105736062,-0.348369102820301,-1.2184705569895626,-0.9166876736979732,1,0,-1.6496851774022705,1,-0.0078339372127105,-0.0389750951617677,True,False,True,False,False,False,0
0.3980106326446948,-0.5607134610736721,-0.0013447194854226,-1.2184705569895626,0.8084361535388619,1,0,0.6535021750047155,0,-0.0078339372127105,0.8012545142341557,True,False,False,False,True,False,0
-0.4529633129548914,0.1998660291708067,-0.0013447194854226,-1.2184705569895626,0.8084361535388619,1,1,-0.4862884731286604,0,1.4165182832801098,-0.7191609694346582,False,False,False,True,False,False,0
-0.7227843200962236,0.1047935928902469,1.3867528138540912,-1.2184705569895626,2.533559980775697,1,1,-0.6863707976682031,0,-0.7200100474591208,0.1699708923599698,False,False,False,False,False,True,0
1.2386068472003835,-0.0853512796708728,-0.0013447194854226,0.9855655891692768,0.8084361535388619,1,0,-0.477188985357669,0,-0.0078339372127105,-1.0170201431358583,False,True,False,True,False,False,0
-0.7124065890523262,0.1998660291708067,-0.0013447194854226,0.0247443494801377,-0.9166876736979732,1,0,1.564769557179812,0,-0.7200100474591208,1.152461599643034,False,True,False,False,False,False,0
-0.1208759195501748,-1.511437823879271,-0.6953934861551795,-0.0654750144612042,-0.9166876736979732,1,0,1.0588802171748506,0,-0.7200100474591208,-0.0345294358527946,True,True,False,False,False,False,0
0.8027421433566931,0.2949384654513666,0.6927040471843343,-1.2184705569895626,0.8084361535388619,1,0,-0.7330757407758645,1,-1.4321861577055308,-1.692760358099776,False,False,True,False,True,False,0
-0.0067208780673035,0.2949384654513666,-1.042417869490058,1.0734364611742166,0.8084361535388619,1,0,-0.987897214904453,0,0.7043421730336995,-1.4171294809434412,True,False,True,False,False,True,0
-0.6812733959206341,-0.5607134610736721,0.6927040471843343,-1.2184705569895626,0.8084361535388619,1,1,1.1793397634510785,0,0.7043421730336995,-0.2345841047565859,False,False,True,False,False,True,0
0.6989648329177193,0.9604455194152858,-0.0013447194854226,0.4773830274734261,-0.9166876736979732,1,1,-1.4636916195445333,0,-1.4321861577055308,-1.7149886546446416,True,False,False,False,False,False,0
-0.0378540711989956,-0.0853512796708728,-1.042417869490058,-1.2184705569895626,0.8084361535388619,0,1,-1.58009711590567,0,-1.4321861577055308,-0.1856818523578813,False,False,False,False,False,True,0
1.3838950818149471,1.4358077008180852,-1.3894422528249364,-1.2184705569895626,0.8084361535388619,1,0,-0.9617848702397076,1,1.4165182832801098,-1.4215751402524144,False,False,True,False,True,False,0
0.5536765983031557,-0.7508583336347919,-0.6953934861551795,1.069588059743663,-0.9166876736979732,1,1,-0.7353921668606419,0,0.7043421730336995,-0.2479210826835053,False,False,False,False,False,True,0
0.7300980260494114,0.1047935928902469,0.3456796638494558,0.209310390230054,0.8084361535388619,0,1,0.911977110164561,0,0.7043421730336995,1.6770493981018644,False,True,False,False,True,False,0
-0.5567406233938653,0.770300646854166,-1.042417869490058,-1.2184705569895626,0.8084361535388619,1,1,1.4897811958863807,0,-1.4321861577055308,-1.2926510202921933,True,False,False,False,True,False,0
1.248984578244281,0.009721156609687,-0.348369102820301,0.7426532612287392,0.8084361535388619,1,1,0.7002996151984013,0,-0.7200100474591208,1.4147554988724491,False,False,True,False,False,True,0
-1.1897822170716064,-0.0853512796708728,1.7337771971889695,-1.2184705569895626,-0.9166876736979732,0,0,-0.8361826946205725,1,-0.7200100474591208,1.5614622560685627,False,False,False,True,False,False,0
1.5499387785173055,0.2949384654513666,-0.348369102820301,1.0542520935835638,-0.9166876736979732,1,1,-1.561896749430063,0,-0.0078339372127105,0.3566885833368417,True,False,True,False,False,True,0
-1.3869591069056568,-0.0853512796708728,-0.6953934861551795,0.2378539817191516,-0.9166876736979732,0,1,1.075770671909655,0,0.7043421730336995,1.063548413463571,True,False,False,False,True,False,0
-0.152009112681867,0.5801557742930463,-1.042417869490058,1.310136204978112,-0.9166876736979732,1,1,0.7772398041003082,1,0.7043421730336995,-0.270149379228371,False,False,True,False,False,False,0
-0.2869196162525331,0.4850833380124864,-0.6953934861551795,-1.2184705569895626,0.8084361535388619,1,0,-0.2090534945760799,0,-0.7200100474591208,1.6726037387928911,True,False,False,False,False,True,0
-0.5878738165255575,-1.511437823879271,1.7337771971889695,0.4006673320565016,0.8084361535388619,0,0,-1.1021147726743683,0,0.7043421730336995,-0.0923230068694454,False,False,True,False,False,True,0
2.058447599668278,-1.0360756424764714,-0.348369102820301,-1.2184705569895626,0.8084361535388619,1,1,-1.530414357774817,0,1.4165182832801098,-1.6216298091562056,True,False,False,True,False,False,0
-0.3284305404281227,-1.0360756424764714,1.3867528138540912,-0.0672400659410852,-0.9166876736979732,0,1,1.5609220609079486,0,1.4165182832801098,-1.2126291527306767,True,False,False,False,False,True,0
-1.137893561852119,-0.4656410247931123,1.0397284305192127,0.4004976155680514,-0.9166876736979732,1,0,1.668490260486298,0,0.7043421730336995,1.6903863760287838,True,False,False,False,False,True,0
-0.8576948236668898,-0.2754961522319926,-1.3894422528249364,-0.1443302584018632,-0.9166876736979732,1,0,0.9448683437146468,0,1.4165182832801098,-1.3282162947639784,True,False,False,False,True,False,0
-0.3284305404281227,2.1013147547820044,-0.0013447194854226,-1.2184705569895626,-0.9166876736979732,0,0,-1.1960250472610785,1,-0.0078339372127105,-0.0923230068694454,True,False,False,True,False,False,0
0.3564997084691052,0.3900109017319265,-0.0013447194854226,1.2607709621145016,0.8084361535388619,1,1,0.894932087930742,0,1.4165182832801098,-0.270149379228371,False,True,False,False,False,False,0
-0.6708956648767367,0.1047935928902469,-1.042417869490058,-1.2184705569895626,4.258683808012532,0,1,0.0998587802058693,1,-0.7200100474591208,0.9746352272841082,True,False,False,False,True,False,0
-0.5463628923499679,1.1505903919764056,-1.736466636159815,-1.2184705569895626,-0.9166876736979732,1,1,1.3006046602958488,0,-0.0078339372127105,-1.7194343139536148,True,False,True,False,False,True,0
2.058447599668278,-0.3705685885125524,0.6927040471843343,0.6113485775216262,-0.9166876736979732,0,1,0.5082002064628426,0,1.4165182832801098,0.8190371514700483,False,True,False,True,False,False,0
-1.6464023830030916,-0.5607134610736721,1.0397284305192127,0.2351942361473279,-0.9166876736979732,1,1,-0.7088851447799659,0,-0.0078339372127105,1.1480159403340606,False,False,False,False,False,False,0
0.325366515337413,-0.8459307699153518,-1.3894422528249364,0.5948892803398607,-0.9166876736979732,1,1,-0.6154232724204302,0,-0.7200100474591208,-1.5282709636677696,True,False,True,True,False,False,0
1.539561047473408,0.6752282105736062,0.3456796638494558,-1.2184705569895626,0.8084361535388619,1,0,1.2430904242593712,0,-0.7200100474591208,-0.6035738274013566,False,False,True,False,False,True,0
0.1178118944594652,-1.1311480787570314,1.0397284305192127,-1.2184705569895626,-0.9166876736979732,1,1,1.5226672134353747,0,-1.4321861577055308,-1.3682272285447366,True,False,True,True,False,False,0
-0.5878738165255575,-1.226220515037591,1.0397284305192127,0.6795957403846796,-0.9166876736979732,1,1,0.8825628629421322,0,0.7043421730336995,-0.9725635500461272,False,True,False,False,True,False,0
0.2631001290740287,0.009721156609687,-1.736466636159815,0.5621698626854166,0.8084361535388619,1,1,0.8197288273923363,0,1.4165182832801098,0.2677753971573789,False,True,False,False,False,True,0
-0.3284305404281227,-1.0360756424764714,1.0397284305192127,-1.2184705569895626,0.8084361535388619,1,1,1.7295917143401696,0,0.7043421730336995,1.4503207733442345,True,False,False,False,False,True,0
0.6470761776982322,-0.5607134610736721,-0.6953934861551795,-0.6578201428893599,-0.9166876736979732,1,0,-0.8130738972510708,0,-0.0078339372127105,0.8190371514700483,True,True,False,True,False,False,0
-1.1690267549838116,-0.0853512796708728,-0.0013447194854226,-1.2184705569895626,0.8084361535388619,1,0,-0.922239062496964,0,-0.0078339372127105,-1.6571950836279907,True,False,False,False,True,False,0
0.429143825776387,0.1047935928902469,-1.736466636159815,0.7142436817215592,-0.9166876736979732,0,0,-1.27072409436063,1,-1.4321861577055308,0.4544930881342508,True,True,False,False,False,False,0
0.034790046108286,-0.1804237159514327,-0.348369102820301,-1.2184705569895626,0.8084361535388619,1,1,0.7299737931418944,0,-0.0078339372127105,0.7434609432175049,True,False,False,False,True,False,0
0.1904560117667469,-0.2754961522319926,-0.6953934861551795,-1.2184705569895626,-0.9166876736979732,1,0,0.7010809721619224,1,-0.0078339372127105,-0.3234972909360487,True,False,False,False,True,False,0
-0.6086292786133524,1.0555179556958456,0.3456796638494558,1.5312678232744994,-0.9166876736979732,0,0,-1.3828954149023127,0,0.7043421730336995,-0.0211924579258751,True,False,False,False,False,True,0
0.4602770189080792,0.1998660291708067,1.3867528138540912,0.8233108622547596,-0.9166876736979732,0,1,1.581945848774437,0,-1.4321861577055308,0.965743908666162,True,False,True,False,False,False,0
-0.6916511269645315,1.530880137098645,1.7337771971889695,0.4853480144082635,2.533559980775697,1,1,0.3917162962186287,1,-1.4321861577055308,0.6323194604931764,True,False,False,True,False,False,0
-0.5774960854816601,1.4358077008180852,-1.3894422528249364,0.759591126885955,-0.9166876736979732,1,1,0.3457071676565861,1,-0.0078339372127105,-0.0300837765438214,True,True,False,False,False,False,0
1.456539199122229,-0.8459307699153518,-1.3894422528249364,0.817932930999523,-0.9166876736979732,1,1,0.228150152121128,0,-0.0078339372127105,1.3969728616365564,True,False,False,False,False,True,0
-0.3803191956476097,0.2949384654513666,-0.348369102820301,-1.2184705569895626,2.533559980775697,0,1,0.3458173991463218,0,1.4165182832801098,0.6678847349649615,True,False,True,False,True,False,0
-0.2038977679013539,-1.511437823879271,-0.6953934861551795,0.7425315777087182,-0.9166876736979732,1,0,0.813687133327941,1,1.4165182832801098,-0.9636722314281808,True,True,False,False,True,False,0
-0.0793649953745852,-1.416365387598711,1.0397284305192127,0.2667176328878831,-0.9166876736979732,1,0,-1.1220407661777787,0,1.4165182832801098,-1.6394124463920985,False,False,False,True,False,False,0
-0.2765418852086357,-0.7508583336347919,-0.0013447194854226,-1.2184705569895626,0.8084361535388619,0,1,-1.7445997060658152,0,-0.0078339372127105,1.1035593472443292,True,False,False,False,False,True,0
-0.0689872643306878,-0.0853512796708728,-0.0013447194854226,0.4055289089011235,0.8084361535388619,0,1,-1.6696588103823171,0,-1.4321861577055308,-0.1501165778860962,False,False,False,True,False,False,0
0.5951875224787453,0.1047935928902469,1.3867528138540912,0.8880894043576403,-0.9166876736979732,1,1,0.0615364724525111,0,-1.4321861577055308,-1.3860098657806292,False,False,False,False,False,False,0
-0.2038977679013539,-1.1311480787570314,-0.348369102820301,1.873665394986176,-0.9166876736979732,1,1,0.9081850773709708,0,0.7043421730336995,-1.5327166229767428,True,False,False,True,False,False,0
0.4187660947324896,0.1047935928902469,0.3456796638494558,1.3994088391117123,-0.9166876736979732,0,0,-0.173991882971781,0,0.7043421730336995,0.303340671629164,True,False,False,False,False,False,0
1.1244518057175124,1.7210250096597648,-1.3894422528249364,-1.2184705569895626,0.8084361535388619,1,1,-1.3097399563924674,0,-0.7200100474591208,0.3566885833368417,False,False,True,False,True,False,0
-0.0274763401550982,-0.6557858973542321,-1.3894422528249364,-1.2184705569895626,-0.9166876736979732,0,1,-0.1610718482678988,1,1.4165182832801098,-1.0392484396807242,True,False,True,False,False,True,0
-0.992605327237556,0.770300646854166,-1.042417869490058,1.0216953475821997,-0.9166876736979732,1,1,-0.8700343678383242,0,-1.4321861577055308,-0.3768452026437264,False,False,False,False,False,True,0
0.8338753364883853,1.0555179556958456,0.3456796638494558,1.1085467998871756,-0.9166876736979732,0,0,-0.1477030636034364,1,0.7043421730336995,0.5834172080944718,True,True,False,False,False,False,0
0.5017879430836688,0.2949384654513666,1.0397284305192127,-1.2184705569895626,0.8084361535388619,1,1,0.0847501114439538,0,0.7043421730336995,-0.3501712467898875,False,False,False,False,False,True,0
-0.4633410439987888,-0.5607134610736721,-1.042417869490058,0.5176309724895801,0.8084361535388619,0,1,0.154047641679752,1,1.4165182832801098,0.1788622109779161,False,False,True,False,True,False,0
-1.4492254931690411,-0.5607134610736721,-0.6953934861551795,1.6101368366661082,-0.9166876736979732,1,0,-0.1001562579195915,0,-1.4321861577055308,0.5300692963867942,True,False,True,False,True,False,0
0.6263207156104375,1.3407352645375252,-1.042417869490058,0.5597261053616296,0.8084361535388619,0,0,-1.2846857644825038,0,-0.7200100474591208,-1.163726900331972,True,False,True,True,False,False,0
-1.023738520369248,-0.6557858973542321,-0.6953934861551795,0.644000268690585,-0.9166876736979732,1,0,-0.4020980427094355,0,-0.7200100474591208,0.996863523828974,True,False,False,True,False,False,0
-0.6916511269645315,-0.0853512796708728,-0.0013447194854226,-1.2184705569895626,-0.9166876736979732,1,1,-0.227204309041317,0,-1.4321861577055308,0.9568525900482155,False,False,False,True,False,False,0
-1.023738520369248,-0.1804237159514327,-1.3894422528249364,-1.2184705569895626,-0.9166876736979732,1,0,-1.216540796621245,0,1.4165182832801098,0.0721663875625607,True,False,False,False,False,False,0
0.2112114738545417,0.5801557742930463,1.3867528138540912,-1.2184705569895626,-0.9166876736979732,1,1,-0.1461106184701724,1,-1.4321861577055308,-0.9325526162653688,False,False,False,False,True,False,0
-0.7124065890523262,1.4358077008180852,0.3456796638494558,0.6386258598530333,-0.9166876736979732,1,0,-0.7454936484413288,1,1.4165182832801098,1.2058095113507117,False,True,False,False,False,False,0
0.1800782807228495,-0.9410032061959116,1.3867528138540912,-1.2184705569895626,-0.9166876736979732,1,1,-0.1135293892516302,0,1.4165182832801098,-1.2081834934217035,True,False,True,False,False,False,0
0.5536765983031557,-0.6557858973542321,0.6927040471843343,-1.2184705569895626,0.8084361535388619,1,0,-1.608435997569715,0,-0.0078339372127105,-0.808074155614121,True,False,False,False,False,False,0
0.4395215568202844,-0.5607134610736721,-0.348369102820301,0.8586613658098647,0.8084361535388619,1,0,1.3508151038704683,0,-0.0078339372127105,0.4945040219150091,False,False,False,False,False,False,0
1.539561047473408,0.9604455194152858,0.6927040471843343,0.5108341473469429,-0.9166876736979732,0,0,-0.9268169727883544,0,-0.0078339372127105,1.1035593472443292,False,False,False,False,True,False,0
-0.9614721341058636,0.1047935928902469,0.6927040471843343,1.0946494211315327,-0.9166876736979732,1,1,-1.4172455639577182,0,-0.0078339372127105,-1.5638362381395547,False,False,True,False,False,True,0
0.429143825776387,-1.321292951318151,0.3456796638494558,1.1284313280476326,-0.9166876736979732,0,1,-1.491740491547885,0,0.7043421730336995,-0.6569217391090343,True,True,False,False,False,False,0
0.1489450875911573,-0.5607134610736721,-1.042417869490058,0.768897674629022,-0.9166876736979732,1,0,-0.3224617028432829,0,0.7043421730336995,-0.6569217391090343,True,True,False,False,False,True,0
0.3461219774252078,0.4850833380124864,-1.042417869490058,0.6973648966155114,-0.9166876736979732,1,0,0.7816309815526193,1,0.7043421730336995,0.1744165516689429,False,True,False,False,False,False,0
1.923537096097612,-0.3705685885125524,-1.736466636159815,1.0877139408200296,-0.9166876736979732,1,0,0.7805577023946724,0,1.4165182832801098,1.125787643789195,True,True,False,False,False,False,0
-1.5633805346519123,0.009721156609687,1.3867528138540912,0.6596450868376849,-0.9166876736979732,0,0,1.4186594562021484,0,1.4165182832801098,0.5078409998419284,False,False,False,False,False,True,0
0.1593228186350548,0.8653730831347259,-1.042417869490058,-1.2184705569895626,-0.9166876736979732,1,0,-0.9945538754975471,0,0.7043421730336995,-0.5324432784577863,True,False,False,False,False,True,0
-0.2557864231208409,0.3900109017319265,1.0397284305192127,-0.0778428633921637,-0.9166876736979732,0,1,0.4747060031865683,0,-0.7200100474591208,-0.8525307487038524,True,False,False,False,False,False,0
-1.9681120453639107,0.009721156609687,-0.348369102820301,1.0251987121895365,0.8084361535388619,0,0,0.5367814583109435,0,-1.4321861577055308,0.0899490247984533,True,False,False,False,False,True,0
-0.5671183544377627,2.006242318501444,-1.736466636159815,0.8914268951140009,-0.9166876736979732,0,0,-1.5600669762471313,1,0.7043421730336995,0.6901130315098273,False,False,False,False,False,True,0
0.8234976054444879,-0.9410032061959116,1.7337771971889695,-1.2184705569895626,0.8084361535388619,1,1,1.0783449423150604,0,0.7043421730336995,-1.5816188753754474,True,False,False,False,False,True,0
-0.2869196162525331,3.052039117587603,0.6927040471843343,-1.2184705569895626,0.8084361535388619,1,1,0.1462312901772931,0,-0.0078339372127105,0.2633297378484058,True,False,False,True,False,False,0
-0.7642952442718132,1.9111698822208845,1.7337771971889695,1.7590393590166555,-0.9166876736979732,0,0,-1.5819413200249552,1,-0.7200100474591208,-0.8214111335410405,True,False,False,True,False,False,0
-0.4322078508670966,-1.1311480787570314,-0.348369102820301,0.1786868110980738,0.8084361535388619,1,0,1.430727891794476,0,-1.4321861577055308,0.1788622109779161,False,False,False,False,False,True,0
0.2112114738545417,0.3900109017319265,-0.348369102820301,0.2641398635821786,0.8084361535388619,1,1,1.163263700353375,0,0.7043421730336995,-1.4793687112690652,False,False,False,True,False,False,0
0.8338753364883853,-0.0853512796708728,-0.0013447194854226,1.6440948644664488,-0.9166876736979732,1,1,1.6574580704441677,0,-0.0078339372127105,-1.341553272690898,True,True,False,False,False,False,0
0.1904560117667469,-1.1311480787570314,-0.0013447194854226,0.0517870708157151,-0.9166876736979732,1,1,-1.2911551706364095,0,1.4165182832801098,-1.608292831229286,False,False,False,False,False,False,0
-2.2794439766808328,0.5801557742930463,-0.6953934861551795,0.5462469336511113,-0.9166876736979732,1,0,-0.9977269428282678,1,1.4165182832801098,1.508114344360885,False,True,False,True,False,False,0
-0.8992057478424793,-0.0853512796708728,-1.042417869490058,1.3216935776217749,0.8084361535388619,1,1,1.3737901977453224,0,0.7043421730336995,0.8812763817956722,False,True,False,False,True,False,0
0.8027421433566931,2.196387191062564,-0.348369102820301,1.0318644073283618,-0.9166876736979732,1,0,-1.2073500288311507,1,-0.0078339372127105,0.5300692963867942,False,False,False,True,False,False,0
1.2801177713759733,2.5766769361848034,1.3867528138540912,-1.2184705569895626,0.8084361535388619,1,1,-0.5704383926060739,0,-0.0078339372127105,0.9746352272841082,False,False,False,False,True,False,0
-1.013360789325351,0.2949384654513666,-1.3894422528249364,-1.2184705569895626,0.8084361535388619,0,1,1.444164832206535,0,-0.7200100474591208,-0.0612033917066334,True,False,True,True,False,False,0
0.9895413021468462,-0.9410032061959116,0.6927040471843343,-1.2184705569895626,0.8084361535388619,1,1,0.7176372550934587,0,-1.4321861577055308,-1.1948465154947845,True,False,False,False,False,False,0
0.4706547499519766,0.8653730831347259,-1.3894422528249364,-1.2184705569895626,0.8084361535388619,1,1,-0.2265615238401293,0,1.4165182832801098,-0.239029764065559,False,False,False,False,False,False,0
1.61220516478069,-1.0360756424764714,0.6927040471843343,1.4388615182805728,2.533559980775697,1,0,0.9682782782138366,1,1.4165182832801098,-1.5638362381395547,False,False,True,False,True,False,0
-0.4322078508670966,0.1047935928902469,1.3867528138540912,-1.2184705569895626,-0.9166876736979732,1,1,0.8549243163579862,0,-0.0078339372127105,0.0277097944728293,True,False,False,False,False,True,0
0.8442530675322827,0.5801557742930463,-1.042417869490058,0.6058113369210992,0.8084361535388619,1,0,-1.690203073881784,0,-1.4321861577055308,1.725951650500569,True,True,False,False,True,False,0
0.6055652535226427,-0.7508583336347919,-1.3894422528249364,-1.2184705569895626,0.8084361535388619,1,0,-1.397018781058026,0,-0.0078339372127105,-0.1545622371950694,False,False,False,False,True,False,0
1.7159824752196635,-0.4656410247931123,-0.0013447194854226,0.8514050252692539,-0.9166876736979732,0,0,1.1324207904319583,0,-1.4321861577055308,0.4278191322804119,True,False,False,False,False,False,0
0.0970564323716704,-1.7966551327209506,1.0397284305192127,-1.2184705569895626,-0.9166876736979732,1,0,0.1707586659770057,0,-0.0078339372127105,-1.2304117899665694,True,False,True,True,False,False,0
-0.0067208780673035,-0.9410032061959116,-0.6953934861551795,0.7331099109513157,-0.9166876736979732,1,0,-0.7980617245093498,1,-1.4321861577055308,-0.4790953667501086,True,True,False,True,False,False,0
-0.0274763401550982,0.9604455194152858,-1.042417869490058,-1.2184705569895626,-0.9166876736979732,1,0,-0.2706659426702242,1,-0.0078339372127105,-1.692760358099776,False,False,True,False,False,False,0
0.4498992878641817,-0.6557858973542321,1.3867528138540912,-1.2184705569895626,2.533559980775697,0,1,-1.076191421115842,0,0.7043421730336995,-0.585791190165464,True,False,True,True,False,False,0
0.9168971848395644,0.009721156609687,1.3867528138540912,-1.2184705569895626,0.8084361535388619,1,0,-1.4149978152206466,0,-0.0078339372127105,1.7170603318826223,True,False,False,False,False,False,0
0.6263207156104375,-0.6557858973542321,-1.3894422528249364,-1.2184705569895626,0.8084361535388619,1,0,-1.7165461396614812,0,0.7043421730336995,0.2811123750842983,False,False,False,False,True,False,0
-0.5359851613060705,-0.0853512796708728,1.3867528138540912,-1.2184705569895626,0.8084361535388619,1,1,-0.7228584639709441,0,1.4165182832801098,0.4144821543534925,False,False,False,False,True,False,0
-0.2038977679013539,0.1998660291708067,-1.736466636159815,0.4808471651565455,-0.9166876736979732,0,1,0.0893518414736624,0,1.4165182832801098,1.2369291265135234,True,False,False,True,False,False,0
1.1763404609369994,0.1998660291708067,-1.042417869490058,-1.2184705569895626,0.8084361535388619,0,1,1.57843704484012,0,0.7043421730336995,-0.2657037199193979,True,False,False,False,False,False,0
0.7508534881372062,0.009721156609687,-0.6953934861551795,-1.2184705569895626,0.8084361535388619,0,1,-0.0846466525404354,0,-0.7200100474591208,1.3836358837096372,True,False,True,False,False,False,0
0.3357442463813104,0.2949384654513666,-0.6953934861551795,0.4340279898394766,-0.9166876736979732,1,0,-1.2071436490546266,0,0.7043421730336995,-0.3812908619526995,False,False,True,False,True,False,0
0.9791635711029488,-0.4656410247931123,0.3456796638494558,1.0519838167044384,0.8084361535388619,1,1,1.4441990839470364,0,-0.0078339372127105,-1.6483037650100445,True,True,False,False,False,True,0
0.3564997084691052,-0.3705685885125524,1.0397284305192127,0.4694036306480597,-0.9166876736979732,1,0,-1.1314346102770392,0,1.4165182832801098,1.2458204451314698,False,False,False,False,False,False,0
-0.6708956648767367,-0.0853512796708728,-1.736466636159815,-1.2184705569895626,0.8084361535388619,1,0,-0.9217915296033052,0,-0.0078339372127105,0.4189278136624657,True,False,False,False,False,False,0
-0.5982515475694549,-1.226220515037591,0.3456796638494558,0.9440940843373342,0.8084361535388619,0,0,0.5351716265073736,0,-0.0078339372127105,-1.4304664588703606,False,True,False,False,True,False,0
0.5640543293470531,-0.0853512796708728,1.0397284305192127,-1.2184705569895626,0.8084361535388619,0,1,-0.9353364412379604,0,-0.0078339372127105,0.9746352272841082,True,False,True,True,False,False,0
0.2319669359423365,0.1998660291708067,-0.348369102820301,0.8086030072118203,-0.9166876736979732,1,1,1.1521040660179065,0,-0.7200100474591208,-0.0523120730886871,False,False,True,True,False,False,0
0.3149887842935157,-0.0853512796708728,-0.348369102820301,0.4977855111434456,-0.9166876736979732,1,1,-1.4737310307122302,0,-0.0078339372127105,-0.6569217391090343,True,False,False,False,True,False,0
-0.8473170926229924,-0.5607134610736721,1.0397284305192127,-1.2184705569895626,-0.9166876736979732,1,1,0.4209335524664979,0,1.4165182832801098,1.4947773664339656,False,False,False,False,True,False,0
-0.1831423058135592,0.3900109017319265,-0.6953934861551795,2.187007984204878,-0.9166876736979732,1,0,0.2579759418296833,0,-0.0078339372127105,-1.2437487678934886,True,True,False,False,True,False,0
-2.154911204154064,0.5801557742930463,-0.348369102820301,-1.2184705569895626,0.8084361535388619,1,0,1.0644503847405653,1,-0.0078339372127105,-0.554671575002652,False,False,False,False,False,False,0
0.875386260663975,-0.6557858973542321,0.6927040471843343,-1.2184705569895626,-0.9166876736979732,0,1,-0.37118228263944,0,-0.7200100474591208,1.4147554988724491,True,False,True,False,False,False,0
-1.0548717135009402,-0.5607134610736721,1.3867528138540912,-0.0530621746498157,-0.9166876736979732,1,1,0.055233456733427,0,-0.7200100474591208,-0.5324432784577863,False,False,True,False,True,False,0
-0.919961209930274,-0.6557858973542321,0.3456796638494558,-1.2184705569895626,0.8084361535388619,1,1,-1.403299194105713,0,0.7043421730336995,-0.1456709185771231,True,False,True,False,False,True,0
-1.0444939824570427,-1.226220515037591,-1.042417869490058,1.0912510886151614,-0.9166876736979732,1,0,-0.8806783135325371,0,1.4165182832801098,1.032428798300759,False,False,False,False,False,False,0
0.0140345840204912,-0.0853512796708728,1.0397284305192127,0.6918926606322587,-0.9166876736979732,1,0,0.8699778693750339,0,-0.0078339372127105,1.6503754422480257,True,False,False,False,False,True,0
-0.9822275961936584,0.6752282105736062,-0.348369102820301,0.3213570557949223,0.8084361535388619,1,1,0.2772655831999187,0,1.4165182832801098,0.365579901954788,False,False,False,True,False,False,0
-1.760557424485963,-0.0853512796708728,-0.348369102820301,0.782521905904197,-0.9166876736979732,1,0,-1.1228862799547263,0,-1.4321861577055308,0.9168416562674574,True,False,False,False,True,False,0
-1.252048603334991,-0.1804237159514327,-1.3894422528249364,1.077622054043144,0.8084361535388619,0,1,-0.278687978482395,0,-1.4321861577055308,-0.2256927861386396,True,False,True,False,False,True,0
-0.9407166720180687,-0.7508583336347919,-1.3894422528249364,0.0861091885167495,0.8084361535388619,1,1,-0.6119532407608946,0,-1.4321861577055308,0.2633297378484058,False,False,False,False,False,False,0
-0.8161838994913002,-0.8459307699153518,0.3456796638494558,-1.2184705569895626,0.8084361535388619,1,0,-0.5953383647504292,0,-0.7200100474591208,-0.270149379228371,False,False,False,False,True,False,0
-0.8473170926229924,1.8160974459403243,1.0397284305192127,-1.2184705569895626,-0.9166876736979732,0,1,0.2794495228569698,1,-0.7200100474591208,-1.5549449195216083,False,False,False,False,False,False,0
-0.3595637335598148,0.5801557742930463,-1.3894422528249364,-1.2184705569895626,-0.9166876736979732,1,0,0.7453104011515126,0,0.7043421730336995,-1.2615314051293811,False,False,True,False,False,False,0
0.4395215568202844,-0.1804237159514327,-0.6953934861551795,-1.2184705569895626,0.8084361535388619,1,1,0.8098872765327139,0,-0.0078339372127105,-1.608292831229286,False,False,True,False,False,False,0
-0.2038977679013539,-1.1311480787570314,-0.6953934861551795,0.5007225670530011,-0.9166876736979732,1,1,-0.6559627283711226,0,-0.7200100474591208,0.0899490247984533,False,False,False,False,True,False,0
-1.1897822170716064,0.8653730831347259,-0.348369102820301,0.8923350384371037,-0.9166876736979732,1,0,1.1483141196247533,1,-0.0078339372127105,1.4147554988724491,True,True,False,False,False,False,0
-1.6671578450908864,-1.226220515037591,-0.348369102820301,0.4186713695029526,-0.9166876736979732,1,1,0.7905649482223046,0,-0.0078339372127105,1.3969728616365564,True,True,False,False,False,True,0
-1.8747124659688343,-1.0360756424764714,-0.0013447194854226,-1.2184705569895626,0.8084361535388619,1,1,-1.357452457044322,0,-1.4321861577055308,-0.1056599847963648,False,False,True,False,True,False,0
-1.3039372585544775,1.8160974459403243,1.3867528138540912,1.8284029681759,0.8084361535388619,1,1,1.5792742130153214,0,-1.4321861577055308,1.254711763749416,True,True,False,False,False,False,0
-0.0378540711989956,-0.0853512796708728,1.7337771971889695,0.1055947228194541,-0.9166876736979732,1,0,-0.4448313487192532,0,-0.0078339372127105,1.597027530540348,True,False,False,False,True,False,0
-0.2246532299891487,-0.5607134610736721,1.3867528138540912,-1.2184705569895626,0.8084361535388619,1,0,-0.6194296828588847,0,0.7043421730336995,1.1435702810250876,True,False,False,False,True,False,0
0.4498992878641817,1.6259525733792048,-0.348369102820301,-1.2184705569895626,0.8084361535388619,1,0,-0.2744751882674165,0,0.7043421730336995,0.5745258894765256,False,False,True,True,False,False,0
0.5121656741275662,0.009721156609687,1.3867528138540912,-1.2184705569895626,0.8084361535388619,0,1,0.7904608020671754,0,-0.7200100474591208,-0.4168561364244846,False,False,False,True,False,False,0
-0.992605327237556,0.8653730831347259,1.0397284305192127,1.4797393356227295,-0.9166876736979732,1,1,0.8846141423047539,0,-0.7200100474591208,-0.9503352535012616,False,False,True,False,False,True,0
-2.0407561626711925,0.3900109017319265,0.3456796638494558,-1.2184705569895626,-0.9166876736979732,1,1,-0.3334850256835579,0,1.4165182832801098,1.2369291265135234,False,False,True,False,True,False,0
-1.7916906176176552,-0.5607134610736721,-1.042417869490058,2.114465553194984,-0.9166876736979732,0,0,-0.863360842175034,1,1.4165182832801098,0.7034500094367466,False,False,False,False,True,False,0
1.7367379373074583,-1.0360756424764714,1.0397284305192127,1.4754298176952547,-0.9166876736979732,1,1,0.0411690313900489,0,0.7043421730336995,-1.6749777208638834,False,False,True,False,True,False,0
0.1800782807228495,0.5801557742930463,0.6927040471843343,1.1730041615411588,-0.9166876736979732,0,1,1.269623004745396,0,1.4165182832801098,-1.5282709636677696,True,False,False,False,False,True,0
0.086678701327773,0.8653730831347259,-1.736466636159815,0.2232281029423318,0.8084361535388619,0,1,1.5156600375689255,1,1.4165182832801098,-1.1370529444781334,False,False,False,False,False,True,0
1.165962729893102,-1.0360756424764714,1.7337771971889695,0.7672632728232686,-0.9166876736979732,1,0,1.1432951095077168,0,-1.4321861577055308,-0.4390844329693503,True,True,False,False,False,True,0
-0.5774960854816601,3.5274012989904024,1.3867528138540912,0.9303363214099262,-0.9166876736979732,1,1,-1.5122205982339254,0,1.4165182832801098,-1.0348027803717512,False,False,True,False,False,False,0
1.1970959230247942,-0.7508583336347919,0.3456796638494558,-1.2184705569895626,0.8084361535388619,1,1,1.6558492818408166,0,-1.4321861577055308,-1.6127384905382594,True,False,True,False,True,False,0
-1.252048603334991,-0.1804237159514327,0.6927040471843343,0.7325397596160602,-0.9166876736979732,1,0,0.8187393519852606,0,-1.4321861577055308,-0.4079648178065383,True,False,False,False,True,False,0
-0.1935200368574565,-0.7508583336347919,-1.3894422528249364,-1.2184705569895626,-0.9166876736979732,1,0,-0.9010568820639948,0,-0.0078339372127105,0.8768307224866991,True,False,False,True,False,False,0
-0.8784502857546845,-1.226220515037591,-1.042417869490058,-1.2184705569895626,0.8084361535388619,1,1,-0.3786771546079535,0,-0.7200100474591208,-0.9770092093551004,False,False,False,False,True,False,0
1.3423841576393576,-0.0853512796708728,-0.6953934861551795,0.8364709349450128,0.8084361535388619,1,0,-0.6470004214288401,0,-0.7200100474591208,0.0054814979279636,False,False,False,False,False,True,0
-0.8058061684474028,-0.8459307699153518,-0.0013447194854226,0.708532081445634,-0.9166876736979732,1,0,0.6496018232551237,0,-0.0078339372127105,-0.8303024521589867,True,False,True,False,False,True,0
-0.3180528093842253,0.6752282105736062,0.3456796638494558,1.0403337404317068,-0.9166876736979732,0,0,-1.1449207549660625,1,-0.7200100474591208,1.5525709374506165,True,True,False,False,False,True,0
-0.5982515475694549,-0.8459307699153518,1.7337771971889695,-1.2184705569895626,0.8084361535388619,1,1,0.4110281925268551,0,-0.7200100474591208,0.6678847349649615,False,False,False,False,False,False,0
1.0310522263224358,0.2949384654513666,-0.348369102820301,-1.2184705569895626,0.8084361535388619,1,1,-0.3301500884522946,0,-0.7200100474591208,1.7348429691185152,True,False,False,False,False,False,0
-0.1831423058135592,-0.7508583336347919,1.3867528138540912,0.5208429370884459,-0.9166876736979732,1,1,1.3744974874933424,1,1.4165182832801098,0.6812217128918809,True,False,True,False,False,False,0
-0.4529633129548914,-0.1804237159514327,-1.042417869490058,0.8703394613141802,-0.9166876736979732,1,0,-1.3642301288627412,0,1.4165182832801098,0.1566339144330504,True,False,True,False,False,True,0
0.0140345840204912,-0.0853512796708728,1.0397284305192127,0.4167859153822087,-0.9166876736979732,1,1,1.14907930698489,0,-0.0078339372127105,0.8368197887059409,False,False,False,False,False,True,0
-0.494474237130481,-1.226220515037591,1.0397284305192127,1.175853157008594,0.8084361535388619,0,1,1.6948566244042045,0,-1.4321861577055308,0.3389059461009491,True,False,False,False,False,True,0
-0.7020288580084288,-0.6557858973542321,-0.0013447194854226,-1.2184705569895626,0.8084361535388619,1,0,-1.555663106525497,0,-1.4321861577055308,0.5700802301675525,True,False,True,False,True,False,0
-0.442585581910994,-0.1804237159514327,-1.3894422528249364,-0.5885208979078105,-0.9166876736979732,1,1,1.3537365860818715,1,1.4165182832801098,-1.0525854176076437,True,False,False,False,False,True,0
-0.8784502857546845,1.4358077008180852,-0.0013447194854226,0.2596049109228757,0.8084361535388619,1,0,1.011197795462624,1,-1.4321861577055308,1.3747445650916907,False,False,True,False,False,False,0
0.7404757570933088,-1.7015826964403906,-0.348369102820301,-1.2184705569895626,0.8084361535388619,0,0,-1.314158778650564,0,-1.4321861577055308,0.9612982493571888,True,False,False,False,False,True,0
0.667831639786027,-1.511437823879271,-1.042417869490058,0.294004521812976,0.8084361535388619,0,1,1.4860315865683356,0,1.4165182832801098,-1.1370529444781334,False,False,False,False,True,False,0
0.7508534881372062,0.1998660291708067,-1.042417869490058,0.829216035393455,0.8084361535388619,0,1,1.7250038936467051,0,0.7043421730336995,-0.9503352535012616,True,True,False,False,False,False,0
1.0414299573663333,-0.7508583336347919,-0.348369102820301,1.0973246973631483,0.8084361535388619,1,0,-1.0420626043734234,0,-1.4321861577055308,-0.9947918465909928,False,False,True,False,False,False,0
-0.1623868437257644,0.8653730831347259,-1.3894422528249364,1.5167421732918016,-0.9166876736979732,1,0,0.1752400802482015,1,-1.4321861577055308,0.2099818261407281,False,False,False,False,True,False,0
-0.8992057478424793,1.9111698822208845,1.3867528138540912,-0.11163741898995,-0.9166876736979732,1,1,1.2218350459444165,0,1.4165182832801098,-0.2168014675206933,True,True,False,False,True,False,0
0.5121656741275662,-0.9410032061959116,-1.042417869490058,-1.2184705569895626,0.8084361535388619,1,0,1.3302941385092104,0,-0.0078339372127105,-1.697206017408749,True,False,False,False,True,False,0
-0.0170986091112009,1.530880137098645,-1.042417869490058,1.037341126388668,2.533559980775697,1,1,1.3805565682280432,1,1.4165182832801098,-0.3590625654078338,False,True,False,False,True,False,0
-0.7746729753157106,-0.1804237159514327,-1.042417869490058,0.8191095786161456,-0.9166876736979732,1,0,-0.7692947830223883,0,-0.0078339372127105,-0.9547809128102346,True,False,False,False,False,True,0
-0.3076750783403279,-1.226220515037591,1.3867528138540912,-1.2184705569895626,0.8084361535388619,1,1,0.9181257322513334,0,-0.0078339372127105,-1.1681725596409454,True,False,False,False,True,False,0
2.058447599668278,-0.0853512796708728,-1.042417869490058,0.2970022593726471,-0.9166876736979732,1,1,1.243659316111761,0,-0.0078339372127105,-0.585791190165464,True,False,True,False,True,False,0
-0.2454086920769435,-0.1804237159514327,-1.736466636159815,-1.2184705569895626,0.8084361535388619,1,1,1.2392634442584671,0,0.7043421730336995,0.272221056466352,True,False,False,True,False,False,0
1.0206744952785385,-0.0853512796708728,-0.0013447194854226,1.2077131047479437,-0.9166876736979732,1,1,-0.9367266793955736,0,-0.7200100474591208,-1.0214658024448318,True,False,False,False,False,True,0
-1.4492254931690411,3.4323288627098423,-1.042417869490058,-1.2184705569895626,-0.9166876736979732,1,0,0.3976910516023483,0,-0.0078339372127105,-1.1192703072422407,False,False,False,True,False,False,0
0.086678701327773,0.2949384654513666,-0.0013447194854226,-1.2184705569895626,2.533559980775697,1,1,1.5401973237707118,1,1.4165182832801098,-1.1370529444781334,False,False,True,True,False,False,0
1.0725631504980253,3.717546171551522,-0.0013447194854226,0.7221728040399695,-0.9166876736979732,1,1,-0.4244920740626856,0,1.4165182832801098,-0.2345841047565859,False,False,False,False,True,False,0
0.2319669359423365,-0.6557858973542321,0.6927040471843343,0.1545987577604758,-0.9166876736979732,1,1,-0.0860690560381135,0,-0.7200100474591208,1.4325381361083416,False,False,False,False,False,False,0
0.9480303779712568,3.052039117587603,-1.736466636159815,-1.2184705569895626,0.8084361535388619,0,1,-1.227388340224733,0,1.4165182832801098,-1.2304117899665694,True,False,False,False,True,False,0
-1.0548717135009402,-0.0853512796708728,1.3867528138540912,1.0275348756640417,2.533559980775697,1,1,1.234901650278972,1,1.4165182832801098,-1.6749777208638834,True,False,False,True,False,False,0
-0.6708956648767367,0.1998660291708067,1.0397284305192127,0.1442121086673293,-0.9166876736979732,1,0,-1.7190804207251842,0,0.7043421730336995,-1.283759701674247,True,False,True,True,False,False,0
1.9650480202732008,-0.7508583336347919,-1.042417869490058,-1.2184705569895626,0.8084361535388619,1,0,1.265910081301695,0,-0.0078339372127105,0.1788622109779161,True,False,False,False,False,False,0
-0.9822275961936584,0.2949384654513666,-0.348369102820301,-1.2184705569895626,0.8084361535388619,0,1,-0.2397432279321063,0,-0.7200100474591208,-0.1678992151219888,True,False,True,True,False,False,0
0.034790046108286,-0.1804237159514327,1.0397284305192127,1.4026657945910068,0.8084361535388619,0,0,-0.4202716337127728,0,-0.7200100474591208,1.565907915377536,True,False,True,False,False,True,0
-0.6501402027889419,-0.1804237159514327,-0.0013447194854226,-1.2184705569895626,-0.9166876736979732,1,0,-0.6799304272537069,0,-1.4321861577055308,-1.1014876700063485,True,False,False,False,False,False,0
-0.442585581910994,3.622473735270962,-1.3894422528249364,-1.2184705569895626,-0.9166876736979732,0,1,-1.4208826815188875,0,0.7043421730336995,-0.0745403696335528,True,False,False,False,True,False,0
0.6263207156104375,-0.7508583336347919,0.6927040471843343,-1.2184705569895626,0.8084361535388619,1,0,1.2153645965902922,0,0.7043421730336995,0.6545477570380421,False,False,False,False,False,True,0
1.1036963436297176,1.2456628282569653,0.6927040471843343,0.784439221893999,-0.9166876736979732,1,0,1.2302554103732817,1,-0.7200100474591208,0.6234281418752301,False,False,False,False,True,False,0
0.1178118944594652,0.9604455194152858,0.6927040471843343,0.6412162778404241,2.533559980775697,1,1,-0.2794486453082527,1,1.4165182832801098,0.2811123750842983,True,True,False,False,False,False,0
1.2697400403320758,-0.2754961522319926,0.6927040471843343,0.4416799619300499,-0.9166876736979732,0,1,0.3223566955698406,0,-1.4321861577055308,-1.474923051960092,True,False,False,False,False,True,0
0.6782093708299244,-0.4656410247931123,-1.3894422528249364,-1.2184705569895626,0.8084361535388619,1,0,0.3283029368142595,0,0.7043421730336995,-0.3279429502450218,False,False,True,False,False,False,0
1.4461614680783317,-0.4656410247931123,0.6927040471843343,-1.2184705569895626,0.8084361535388619,1,0,-0.064275560277209,0,-1.4321861577055308,0.8679394038687528,True,False,False,False,False,False,0
0.6470761776982322,-1.226220515037591,-0.6953934861551795,0.6955708652446779,0.8084361535388619,1,0,-0.6076354350572718,0,-0.0078339372127105,-1.470477392651119,True,True,False,False,True,False,0
-0.0793649953745852,1.1505903919764056,-0.348369102820301,0.3115402378172415,-0.9166876736979732,0,0,-0.4833920277224975,1,-1.4321861577055308,0.2900036937022446,False,True,False,False,True,False,0
1.8093820546147403,1.530880137098645,-0.348369102820301,0.6273699741412115,-0.9166876736979732,1,0,0.6901617954767766,0,-0.7200100474591208,0.4678300660611702,True,False,False,True,False,False,0
0.4914102120397713,0.009721156609687,-1.042417869490058,0.538325336497755,-0.9166876736979732,1,1,1.3838242190452248,0,-0.7200100474591208,-0.8658677266307718,True,False,False,True,False,False,0
-1.4077145689934516,1.1505903919764056,1.0397284305192127,0.7048391467228965,0.8084361535388619,0,1,1.1882441727812445,0,-0.7200100474591208,-1.4260207995613874,True,False,False,False,True,False,0
1.985803482360996,-1.1311480787570314,-0.0013447194854226,-1.2184705569895626,0.8084361535388619,1,1,-0.5726657989388881,0,-1.4321861577055308,-0.2212471268296665,False,False,False,False,False,False,0
-1.013360789325351,-0.2754961522319926,-0.6953934861551795,1.307758252821073,0.8084361535388619,1,0,-1.6402960277039922,0,-0.0078339372127105,-0.3412799281719413,False,True,False,False,False,False,0
-0.6916511269645315,-1.0360756424764714,0.3456796638494558,0.4754264845594067,-0.9166876736979732,1,1,-1.0295029953449706,0,-0.7200100474591208,-0.714715310125685,False,False,False,False,True,False,0
-0.7124065890523262,-1.606510260159831,-1.042417869490058,-1.2184705569895626,0.8084361535388619,0,1,-1.6421002424815752,0,1.4165182832801098,-1.3326619540729516,False,False,True,False,False,False,0
0.086678701327773,0.009721156609687,1.3867528138540912,0.9365978991743664,0.8084361535388619,1,0,1.4372618024952144,0,0.7043421730336995,-0.1412252592681499,True,True,False,False,True,False,0
0.4914102120397713,1.9111698822208845,-0.6953934861551795,0.4918177350358974,-0.9166876736979732,0,1,1.0977762850482844,0,1.4165182832801098,-0.2212471268296665,True,True,False,False,False,True,0
1.186718191980897,-0.0853512796708728,0.6927040471843343,0.877908176259476,-0.9166876736979732,0,1,-1.7107675059188054,0,0.7043421730336995,-0.7591719032154165,False,True,False,True,False,False,0
0.7612312191811036,-0.3705685885125524,0.6927040471843343,-0.0029842826446099,-0.9166876736979732,1,0,0.8706573404505654,0,-1.4321861577055308,1.5836905526134284,True,False,False,False,False,True,0
-1.3558259137739646,0.1998660291708067,1.0397284305192127,0.7122392659490054,-0.9166876736979732,0,1,-1.389892854233391,0,0.7043421730336995,-0.5368889377667595,True,True,False,True,False,False,0
0.7612312191811036,-0.0853512796708728,0.3456796638494558,-1.2184705569895626,0.8084361535388619,1,1,1.0130515622505771,0,-0.7200100474591208,-1.3371076133819246,True,False,False,False,False,False,0
-0.5982515475694549,-1.0360756424764714,-0.0013447194854226,1.7437709592321462,-0.9166876736979732,1,0,-1.459613923757827,0,-0.7200100474591208,0.93462429350335,True,True,False,True,False,False,0
1.062185419454128,-0.3705685885125524,-0.348369102820301,-1.2184705569895626,0.8084361535388619,1,0,-0.9667089491368768,0,-1.4321861577055308,1.7126146725736495,False,False,False,True,False,False,0
0.8546307985761801,-0.9410032061959116,-1.736466636159815,1.0229824710262096,-0.9166876736979732,1,0,-1.4376441271600269,0,-0.7200100474591208,1.5925818712313746,False,False,False,True,False,False,0
-0.4218301198231992,2.386532063623684,1.3867528138540912,-1.2184705569895626,0.8084361535388619,1,1,-0.8198534816032236,0,-0.0078339372127105,-0.5502259156936788,True,False,False,True,False,False,0
-0.5256074302621732,0.1998660291708067,-1.3894422528249364,0.766430381150705,-0.9166876736979732,0,1,1.2585115314866728,0,-0.0078339372127105,-0.2834863571552904,True,False,False,True,False,False,0
-0.442585581910994,0.8653730831347259,-1.3894422528249364,0.5110248382316072,2.533559980775697,1,1,1.4621035292940472,1,1.4165182832801098,-0.2123558082117202,True,False,False,False,True,False,0
1.186718191980897,-0.2754961522319926,-0.0013447194854226,0.0364888905907801,-0.9166876736979732,0,1,0.9284535882793958,0,-0.7200100474591208,0.1344056178881847,True,False,True,False,False,True,0
-0.6501402027889419,-0.1804237159514327,0.6927040471843343,0.1448088382451155,0.8084361535388619,1,0,-0.2423910439529034,1,-0.7200100474591208,0.8857220411046454,True,False,False,False,False,True,0
-0.7020288580084288,-0.2754961522319926,1.3867528138540912,-1.2184705569895626,-0.9166876736979732,1,1,0.0936658221098179,0,-0.0078339372127105,1.5303426409057508,True,False,False,False,True,False,0
0.4395215568202844,-0.8459307699153518,1.3867528138540912,-1.2184705569895626,0.8084361535388619,1,1,-1.277415702161038,0,1.4165182832801098,0.9879722052110276,False,False,False,False,False,False,0
-0.1727645747696618,-1.416365387598711,-0.348369102820301,-1.2184705569895626,0.8084361535388619,1,1,-0.5174711185878427,0,-0.7200100474591208,-0.4479757515872966,True,False,True,True,False,False,0
-1.885090197012732,-0.8459307699153518,-0.348369102820301,0.7890675186219491,-0.9166876736979732,1,0,-0.5587616786957251,0,-1.4321861577055308,-0.3146059723181024,True,False,True,True,False,False,0
-0.2038977679013539,0.1047935928902469,-0.6953934861551795,0.5385853549668521,-0.9166876736979732,1,0,0.7209461123192638,0,0.7043421730336995,-1.2037378341127305,False,False,True,False,True,False,0
-0.7539175132279158,-0.3705685885125524,-1.3894422528249364,-1.2184705569895626,0.8084361535388619,1,0,-1.6686176965644346,0,-1.4321861577055308,-0.5946825087834102,True,False,False,True,False,False,0
-0.3388082714720201,0.009721156609687,-0.0013447194854226,-1.2184705569895626,0.8084361535388619,1,1,1.008658472264532,0,-1.4321861577055308,-0.3546169060988607,True,False,False,False,False,True,0
0.1074341634155678,0.1998660291708067,-0.348369102820301,0.2281346706673823,-0.9166876736979732,1,0,-0.4267843326757389,1,-0.0078339372127105,0.4544930881342508,False,False,True,False,True,False,0
0.9687858400590514,0.1047935928902469,-0.6953934861551795,0.1979707670432705,-0.9166876736979732,0,0,0.2764503222293024,0,0.7043421730336995,0.1699708923599698,True,False,True,False,False,True,0
-1.127515830808222,1.7210250096597648,-1.3894422528249364,0.4809091276858192,0.8084361535388619,1,1,0.3516633193030792,1,1.4165182832801098,0.3122319902471103,False,True,False,True,False,False,0
-0.4737187750426862,-0.3705685885125524,0.6927040471843343,-1.2184705569895626,-0.9166876736979732,1,0,0.1113750151493,1,1.4165182832801098,-0.839193770776933,True,False,True,False,False,True,0
-0.5463628923499679,-0.4656410247931123,1.0397284305192127,-1.2184705569895626,0.8084361535388619,1,1,1.2825345199808282,0,0.7043421730336995,-0.3679538840257801,True,False,False,True,False,False,0
0.2215892048984391,-1.321292951318151,-0.6953934861551795,0.5146361169080149,0.8084361535388619,1,1,0.0546405712760158,0,-1.4321861577055308,-1.4349121181793338,False,True,False,False,False,True,0
-0.4840965060865836,3.4323288627098423,-1.042417869490058,-0.2366826063612544,-0.9166876736979732,0,1,1.4991451349127156,0,-0.7200100474591208,-0.6080194867103297,True,True,False,False,False,True,0
0.3149887842935157,-0.5607134610736721,1.0397284305192127,-0.0182307473735362,-0.9166876736979732,1,1,-1.176394801019562,0,0.7043421730336995,-1.1014876700063485,False,False,False,False,False,False,0
0.0555455081960808,0.1998660291708067,-0.0013447194854226,0.3163167963077435,-0.9166876736979732,1,1,-0.5594232415008423,0,-0.7200100474591208,-0.3457255874809144,False,False,False,False,False,False,0
-0.6812733959206341,-0.5607134610736721,1.7337771971889695,-0.146556106158876,0.8084361535388619,1,1,0.7011651236462001,0,-1.4321861577055308,0.970189567975135,False,False,True,False,False,True,0
0.0970564323716704,0.2949384654513666,1.3867528138540912,-0.0118593342212873,-0.9166876736979732,1,0,-1.2661524432705498,1,-0.7200100474591208,0.9835265459020543,False,False,True,False,True,False,0
-1.0341162514131454,-0.0853512796708728,1.3867528138540912,0.92868334685638,-0.9166876736979732,0,0,-0.7403451076305181,0,-0.7200100474591208,0.6412107791111227,False,False,False,False,False,True,0
-0.8888280167985819,-0.4656410247931123,-0.6953934861551795,-1.2184705569895626,-0.9166876736979732,0,0,1.524887491233364,0,0.7043421730336995,1.7437342877364614,True,False,False,True,False,False,0
0.4083883636885922,2.006242318501444,0.3456796638494558,0.399771196975506,-0.9166876736979732,1,0,1.3374610978757655,1,1.4165182832801098,-1.5727275567575012,False,False,False,False,False,True,0
-0.6086292786133524,0.3900109017319265,1.7337771971889695,-1.2184705569895626,0.8084361535388619,0,0,-0.8163610211389943,0,-0.7200100474591208,-0.0211924579258751,True,False,True,False,False,True,0
-0.3388082714720201,-0.0853512796708728,-0.6953934861551795,0.3208815294074726,-0.9166876736979732,0,0,-0.0249736875188492,0,-0.0078339372127105,0.6767760535829078,True,False,True,False,False,False,0
-0.2765418852086357,-1.416365387598711,-1.3894422528249364,-1.2184705569895626,0.8084361535388619,1,1,1.4002921776916095,0,-0.7200100474591208,-0.1634535558130156,False,False,False,False,False,False,0
0.6263207156104375,-0.0853512796708728,0.6927040471843343,0.9072710500800824,0.8084361535388619,1,1,-0.7183393206251858,0,1.4165182832801098,-1.1059333293153213,True,True,False,False,False,False,0
0.4602770189080792,-0.5607134610736721,-1.042417869490058,1.393550578172183,-0.9166876736979732,1,1,-1.6238442386609908,0,-1.4321861577055308,-0.4124104771155115,True,False,False,False,False,False,0
-1.5114918794324257,1.9111698822208845,-0.6953934861551795,1.8292706036956272,-0.9166876736979732,1,0,-0.3836462649812135,0,0.7043421730336995,0.8457111073238871,False,True,False,False,True,False,0
-0.2246532299891487,-1.226220515037591,0.6927040471843343,0.860359811573524,0.8084361535388619,0,1,1.6790283213583517,0,-1.4321861577055308,0.4856127032970628,True,False,False,False,False,False,0
1.6018274337367924,1.9111698822208845,-1.736466636159815,0.947757558839435,-0.9166876736979732,1,0,1.4325088084338495,0,-1.4321861577055308,-0.5368889377667595,False,True,False,False,False,True,0
-0.3699414646037122,-0.1804237159514327,0.3456796638494558,-1.2184705569895626,0.8084361535388619,1,0,-0.2467013733882949,0,-0.7200100474591208,1.0813310506994636,False,False,False,False,True,False,0
2.037692137580483,0.1047935928902469,-0.0013447194854226,1.159091572345514,-0.9166876736979732,0,0,1.0157760534874207,0,-0.0078339372127105,0.0410467723997487,False,True,False,False,False,True,0
-0.4010746577354044,0.4850833380124864,1.3867528138540912,0.3910291967213777,-0.9166876736979732,1,1,-0.9237944740224778,0,0.7043421730336995,-0.5457802563847057,True,False,True,False,False,False,0
-0.10012045746238,0.1047935928902469,-1.3894422528249364,1.261041707946548,-0.9166876736979732,1,1,0.65410775273145,0,0.7043421730336995,0.4856127032970628,True,False,False,False,False,True,0
0.3149887842935157,1.9111698822208845,-1.736466636159815,0.745459667464167,-0.9166876736979732,0,1,-0.2717107076888709,0,-1.4321861577055308,0.3522429240278685,False,False,True,False,True,False,0
-0.2557864231208409,-0.1804237159514327,-1.042417869490058,0.7859589850151012,-0.9166876736979732,0,1,-0.2755196055526569,0,-0.7200100474591208,-0.1101056441053379,True,False,False,False,False,False,0
-2.2067998593735507,2.5766769361848034,1.3867528138540912,-1.2184705569895626,-0.9166876736979732,1,0,-0.606720548465806,0,-1.4321861577055308,0.6990043501277735,False,False,False,False,False,True,0
0.325366515337413,3.1471115538681627,-0.6953934861551795,1.0390350890752742,-0.9166876736979732,0,1,-0.8268210158613768,0,-0.0078339372127105,-0.1189969627232842,True,False,False,False,False,True,0
-0.2454086920769435,1.1505903919764056,1.7337771971889695,0.6272841552376178,0.8084361535388619,0,0,-1.5265962449757688,1,-0.7200100474591208,-0.1501165778860962,False,True,False,False,False,True,0
0.1281896255033626,0.8653730831347259,1.7337771971889695,-1.2184705569895626,-0.9166876736979732,1,0,0.6909789689811265,1,-1.4321861577055308,-0.4968780039860012,True,False,False,False,True,False,0
-1.4077145689934516,-1.1311480787570314,-1.3894422528249364,-1.2184705569895626,-0.9166876736979732,0,1,0.20655121320094,0,-0.0078339372127105,0.1388512771971578,False,False,True,False,True,False,0
-0.2142754989452513,-1.606510260159831,0.3456796638494558,1.0091371279863657,-0.9166876736979732,1,1,-0.6378087843052305,0,-1.4321861577055308,-1.1103789886242943,False,True,False,True,False,False,0
-0.6293847407011471,0.9604455194152858,-0.6953934861551795,-1.2184705569895626,0.8084361535388619,1,0,-0.8746859976118091,0,-0.7200100474591208,-0.2079101489027471,True,False,False,True,False,False,0
0.2838555911618235,-0.8459307699153518,-1.3894422528249364,0.5834609562713776,-0.9166876736979732,1,1,1.3736151139753476,0,-1.4321861577055308,-1.6838690394818296,False,False,False,False,True,False,0
-0.5152296992182758,-0.6557858973542321,1.7337771971889695,-1.2184705569895626,0.8084361535388619,1,1,0.2716081345492712,0,-0.0078339372127105,-0.0656490510156066,True,False,False,False,True,False,0
-1.0548717135009402,1.7210250096597648,-0.0013447194854226,-1.2184705569895626,-0.9166876736979732,1,1,0.5749884924401774,0,1.4165182832801098,-0.5457802563847057,True,False,False,False,True,False,0
-0.4114523887793018,1.2456628282569653,-0.0013447194854226,1.0994834590742553,-0.9166876736979732,0,0,-0.0370113487047362,1,0.7043421730336995,0.9390699528123232,False,False,True,False,True,False,0
-1.5945137277836046,2.1013147547820044,0.6927040471843343,0.4219075106959276,-0.9166876736979732,1,0,1.5094458677351017,1,-0.7200100474591208,0.5345149556957673,True,True,False,False,False,False,0
2.058447599668278,0.8653730831347259,-1.042417869490058,-1.2184705569895626,-0.9166876736979732,1,0,1.1995761090194383,1,-1.4321861577055308,0.685667372200854,True,False,True,True,False,False,0
0.034790046108286,-0.3705685885125524,-1.3894422528249364,0.4851792585791818,-0.9166876736979732,1,1,-0.3048064084817474,0,-0.0078339372127105,-0.1189969627232842,False,False,True,False,False,False,0
1.3838950818149471,0.770300646854166,1.3867528138540912,0.7353753058523352,-0.9166876736979732,1,1,-1.15808768038828,1,1.4165182832801098,-0.2079101489027471,False,False,False,True,False,False,0
0.3564997084691052,-0.0853512796708728,-1.042417869490058,0.279675486781049,2.533559980775697,0,0,-1.5699111351072994,1,0.7043421730336995,1.0546570948456246,False,True,False,False,True,False,0
1.4980501232978185,1.0555179556958456,-1.3894422528249364,0.2891882560685725,-0.9166876736979732,1,1,1.5471259118873812,0,-0.7200100474591208,1.6192558270852135,False,False,False,False,False,False,0
0.7819866812688984,-1.0360756424764714,-1.042417869490058,0.5587134102772457,-0.9166876736979732,1,0,0.0174296194885732,0,-0.7200100474591208,1.4592120919621805,False,False,False,False,False,False,0
0.6885871018738219,0.3900109017319265,-1.736466636159815,0.2728472800990378,-0.9166876736979732,1,0,1.1670553854135586,0,-0.0078339372127105,-0.5146606412218937,False,False,False,False,False,False,0
0.2423446669862339,-0.0853512796708728,0.3456796638494558,-0.1286697494850766,-0.9166876736979732,0,0,0.66670422150095,1,1.4165182832801098,-0.2834863571552904,False,False,False,False,True,False,0
-0.4529633129548914,0.8653730831347259,-1.042417869490058,0.829723263540068,0.8084361535388619,1,0,-1.1862695604194675,0,-1.4321861577055308,0.8323741293969678,False,True,False,False,False,False,0
-0.7124065890523262,1.9111698822208845,0.6927040471843343,0.8221322933193999,-0.9166876736979732,0,1,-0.5716490264594329,0,-0.7200100474591208,1.7126146725736495,True,False,False,True,False,False,0
-0.3076750783403279,1.9111698822208845,-0.0013447194854226,0.6929272907722253,-0.9166876736979732,1,1,-0.6954991473119012,0,-1.4321861577055308,0.1921991889048355,True,False,False,False,True,False,0
-0.10012045746238,0.1047935928902469,0.6927040471843343,-1.2184705569895626,0.8084361535388619,1,0,1.452344217384969,0,-1.4321861577055308,1.223592148586604,False,False,False,False,True,False,0
1.3423841576393576,-1.1311480787570314,0.6927040471843343,1.7685164237976465,-0.9166876736979732,1,1,1.297741075696563,1,-0.7200100474591208,-0.90587866041153,False,False,False,True,False,False,0
-0.5774960854816601,-1.7015826964403906,-0.348369102820301,2.150771272382252,0.8084361535388619,0,1,1.684185555504315,1,1.4165182832801098,1.285831378912228,True,False,False,False,False,False,0
-0.0897427264184826,0.5801557742930463,-1.042417869490058,1.1966740078336326,-0.9166876736979732,0,1,-1.705829343818689,1,1.4165182832801098,-0.3101603130091293,False,True,False,False,True,False,0
1.09331861258582,1.530880137098645,1.3867528138540912,0.6595243639770325,4.258683808012532,1,0,-0.1085592356781519,1,-0.7200100474591208,1.3836358837096372,False,False,True,False,False,False,0
0.8442530675322827,0.1047935928902469,-0.0013447194854226,0.7945114151538287,0.8084361535388619,1,1,-0.8632167066782028,0,-0.0078339372127105,0.2188731447586743,True,True,False,False,False,False,0
0.1593228186350548,-0.1804237159514327,1.3867528138540912,-0.0690912565443496,0.8084361535388619,1,1,-0.5684832615302409,0,-0.7200100474591208,0.9390699528123232,False,False,False,False,False,True,0
-0.0378540711989956,-0.7508583336347919,0.6927040471843343,0.7938147770017093,-0.9166876736979732,0,1,0.5137698524284482,0,0.7043421730336995,0.6100911639483108,True,True,False,True,False,False,0
-1.2209154102032984,-0.4656410247931123,-0.0013447194854226,1.5130167362604272,-0.9166876736979732,0,1,-1.655050356125085,0,1.4165182832801098,0.4278191322804119,True,False,True,False,True,False,0
1.6225828958245871,-0.6557858973542321,-1.3894422528249364,-1.2184705569895626,0.8084361535388619,1,1,-0.9428892108185908,0,0.7043421730336995,1.1702442368789263,True,False,False,True,False,False,0
0.3149887842935157,-0.1804237159514327,1.0397284305192127,1.160444180736482,-0.9166876736979732,1,0,-1.134516919188766,0,1.4165182832801098,0.1610795737420235,False,False,False,True,False,False,0
-0.5878738165255575,1.3407352645375252,0.6927040471843343,-1.2184705569895626,0.8084361535388619,1,0,-1.026849963323082,1,-0.0078339372127105,-1.2437487678934886,False,False,False,False,False,False,0
0.719720295005514,0.9604455194152858,-1.3894422528249364,0.7045863331990636,-0.9166876736979732,0,1,1.4429279444810148,0,0.7043421730336995,1.6148101677762403,False,False,False,False,False,True,0
0.086678701327773,0.1998660291708067,-1.3894422528249364,0.8613763492953824,-0.9166876736979732,1,0,-1.293667196762122,1,-0.7200100474591208,0.3878081984996537,True,True,False,False,True,False,0
-1.469980955256836,-0.0853512796708728,-0.348369102820301,-1.2184705569895626,-0.9166876736979732,1,0,0.3213446174913679,1,-0.7200100474591208,1.2458204451314698,False,False,True,False,False,False,0
-1.1067603687204273,-0.1804237159514327,1.3867528138540912,0.5504853627853107,-0.9166876736979732,1,1,0.4688034024846156,0,1.4165182832801098,-1.661640742936964,True,True,False,False,False,False,0
-1.5737582656958098,1.6259525733792048,-1.3894422528249364,0.3886257870910715,-0.9166876736979732,1,0,0.3139947503532008,1,0.7043421730336995,1.5258969815967776,True,False,False,False,False,False,0
-0.5982515475694549,0.9604455194152858,-1.042417869490058,0.8087759258981657,0.8084361535388619,0,1,0.3961283376753064,0,-0.0078339372127105,0.1921991889048355,False,False,True,False,False,False,0
0.9791635711029488,0.8653730831347259,-0.0013447194854226,1.4278645302685848,-0.9166876736979732,1,0,0.9276687539818136,1,0.7043421730336995,-0.4213017957334578,True,False,False,False,False,True,0
0.3876329016007974,-1.606510260159831,-0.348369102820301,0.9661368938792136,-0.9166876736979732,1,0,-0.842402254322191,1,-1.4321861577055308,1.3880815430186102,True,False,False,False,False,False,0
-2.020000700583398,0.1998660291708067,1.0397284305192127,-0.0384587112582627,2.533559980775697,1,1,1.483408633486075,1,1.4165182832801098,-1.3193249761460322,True,False,False,False,False,False,0
-0.2557864231208409,-0.9410032061959116,-0.0013447194854226,1.0157282119142306,0.8084361535388619,1,0,-0.3446726525582179,0,-1.4321861577055308,0.2455471006125132,True,True,False,False,False,False,0
0.5017879430836688,-0.0853512796708728,1.3867528138540912,-0.1623435822222105,-0.9166876736979732,1,1,0.009026989463419,0,-0.7200100474591208,-0.8347481114679598,True,False,False,False,True,False,0
-1.2105376791594011,-0.3705685885125524,1.0397284305192127,0.6866757999311549,-0.9166876736979732,1,1,0.610366541444033,0,1.4165182832801098,1.2813857196032548,True,False,True,False,False,False,0
1.1452072678053071,-0.9410032061959116,1.7337771971889695,0.6315245056905543,0.8084361535388619,1,0,0.8315199455932938,0,-0.0078339372127105,1.4414294547262878,True,False,True,False,True,False,0
-1.9058456591005264,-0.9410032061959116,-1.3894422528249364,0.5696684494968056,0.8084361535388619,1,1,1.6565996905311942,0,-0.0078339372127105,1.6459297829390525,True,True,False,True,False,False,0
2.058447599668278,-0.2754961522319926,1.7337771971889695,-1.2184705569895626,0.8084361535388619,1,1,0.005541831400718,0,0.7043421730336995,0.8368197887059409,False,False,False,False,False,True,0
-1.7190465003103734,-1.226220515037591,-1.042417869490058,-1.2184705569895626,0.8084361535388619,1,1,-1.200234707875402,0,0.7043421730336995,-0.2479210826835053,True,False,False,False,True,False,0
-0.7539175132279158,0.9604455194152858,-0.348369102820301,1.493427770965705,-0.9166876736979732,1,1,0.4016974620408029,0,-1.4321861577055308,0.1921991889048355,True,True,False,False,True,False,0
1.311250964507665,-0.9410032061959116,0.3456796638494558,1.1889253293666218,-0.9166876736979732,1,0,-0.6602984423451598,1,0.7043421730336995,-1.0481397582986705,False,True,False,False,False,False,0
-0.10012045746238,0.009721156609687,-0.348369102820301,-1.2184705569895626,-0.9166876736979732,1,1,-0.4105001511344807,0,0.7043421730336995,-0.7191609694346582,False,False,False,False,True,False,0
1.5084278543417158,-0.8459307699153518,1.7337771971889695,-0.1070926996270665,-0.9166876736979732,1,1,-0.4484669014800951,0,0.7043421730336995,1.1080050065533025,True,False,False,True,False,False,0
-1.7916906176176552,-0.3705685885125524,-0.348369102820301,1.0025566113115547,-0.9166876736979732,1,1,-0.9246144293940766,1,-1.4321861577055308,0.6412107791111227,True,True,False,True,False,False,0
-1.6152691898713996,-0.2754961522319926,0.6927040471843343,-1.2184705569895626,0.8084361535388619,0,0,0.1333034314717736,0,0.7043421730336995,-1.4126838216344682,False,False,False,True,False,False,0
1.456539199122229,-0.4656410247931123,-1.3894422528249364,-1.2184705569895626,-0.9166876736979732,0,1,-0.2451689122675839,0,0.7043421730336995,1.0190918203738395,True,False,False,False,False,False,0
-0.1104981885062774,0.1047935928902469,0.6927040471843343,-1.2184705569895626,-0.9166876736979732,1,0,0.461883507703099,0,0.7043421730336995,-0.047866413779714,False,False,False,True,False,False,0
-0.9303389409741716,1.7210250096597648,-0.6953934861551795,-1.2184705569895626,2.533559980775697,1,0,-1.6321966212089627,1,-0.7200100474591208,-0.1590078965040425,False,False,False,False,False,True,0
-0.6397624717450445,-0.9410032061959116,-0.348369102820301,-1.2184705569895626,0.8084361535388619,1,0,0.3723445897645522,0,-1.4321861577055308,-1.190400856185811,False,False,False,False,False,True,0
-0.5152296992182758,1.9111698822208845,0.6927040471843343,-1.2184705569895626,0.8084361535388619,1,1,1.0765089099308187,0,-0.0078339372127105,-1.4526947554152263,True,False,False,False,False,True,0
0.9791635711029488,-0.4656410247931123,-0.348369102820301,-1.2184705569895626,-0.9166876736979732,0,1,-0.6131355343416562,0,-1.4321861577055308,-0.8480850893948793,False,False,False,False,False,True,0
-0.0586095332867904,0.4850833380124864,-1.042417869490058,0.5917932353048043,-0.9166876736979732,0,0,-0.82341183754791,1,-0.0078339372127105,0.24110144130354,False,True,False,False,False,True,0
0.5432988672592584,-0.7508583336347919,-1.736466636159815,-1.2184705569895626,0.8084361535388619,1,0,1.4362613734858465,0,-1.4321861577055308,-1.1459442630960797,True,False,False,False,False,False,0
0.3876329016007974,-0.7508583336347919,-0.348369102820301,-1.2184705569895626,0.8084361535388619,1,1,0.629027654682731,0,1.4165182832801098,1.0368744576097322,False,False,True,False,True,False,0
0.6366984466543348,-1.321292951318151,-0.348369102820301,0.7216285905076658,-0.9166876736979732,1,1,-0.7678355197836629,0,-0.0078339372127105,1.7170603318826223,False,False,False,True,False,False,0
-0.3595637335598148,1.4358077008180852,0.3456796638494558,0.4169223290125478,-0.9166876736979732,1,1,-0.9581103713373816,0,0.7043421730336995,0.618982482566257,True,False,False,False,True,False,0
-0.0586095332867904,0.009721156609687,1.3867528138540912,0.5679461473588266,-0.9166876736979732,1,1,-1.2099867173829524,0,-0.7200100474591208,-0.363508224716807,True,True,False,False,True,False,0
0.4498992878641817,0.3900109017319265,-1.3894422528249364,0.3893706183215148,-0.9166876736979732,1,1,0.0123443661576738,0,-1.4321861577055308,1.654821101556999,True,False,False,True,False,False,0
-1.0444939824570427,1.0555179556958456,-1.3894422528249364,0.7252632452287091,-0.9166876736979732,0,1,-0.2768453391634374,1,-0.7200100474591208,0.4722757253701433,True,True,False,False,False,False,0
0.7093425639616167,-0.9410032061959116,-1.042417869490058,-1.2184705569895626,0.8084361535388619,1,0,-1.0519938704518212,0,1.4165182832801098,-0.9281069569563958,True,False,False,False,True,False,0
0.2838555911618235,-0.1804237159514327,0.6927040471843343,-0.0294939981405172,-0.9166876736979732,1,0,1.6375929302868264,0,0.7043421730336995,-0.7591719032154165,True,False,False,False,True,False,0
-1.6464023830030916,0.8653730831347259,0.6927040471843343,-1.2184705569895626,0.8084361535388619,1,0,-0.9021280748215054,0,-0.0078339372127105,-0.0656490510156066,False,False,True,False,False,True,0
1.0414299573663333,-0.8459307699153518,-0.6953934861551795,-1.2184705569895626,0.8084361535388619,1,1,0.0792830468331495,0,0.7043421730336995,1.632592805012133,False,False,False,False,False,True,0
0.7093425639616167,-0.5607134610736721,-0.6953934861551795,0.7634323233712443,0.8084361535388619,1,1,0.7384492733156279,0,-0.7200100474591208,0.1877535295958624,True,False,True,False,False,True,0
0.2527223980301313,-0.3705685885125524,-1.736466636159815,-1.2184705569895626,0.8084361535388619,0,0,0.6864307898959578,0,-0.0078339372127105,-0.2834863571552904,True,False,True,False,False,True,0
-1.231293141247196,1.1505903919764056,0.3456796638494558,0.8236600619352404,0.8084361535388619,0,0,-0.3628992729059862,1,-1.4321861577055308,0.2277644633766206,True,True,False,False,True,False,0
1.3942728128588446,-0.5607134610736721,-1.736466636159815,0.1110187657243828,-0.9166876736979732,0,1,0.9486043914298532,1,-0.7200100474591208,-0.0523120730886871,False,False,False,False,True,False,0
0.9480303779712568,-0.8459307699153518,0.6927040471843343,0.0239698979191628,-0.9166876736979732,0,0,0.764592913986923,0,1.4165182832801098,0.334460286791976,True,False,False,True,False,False,0
-0.3699414646037122,-1.0360756424764714,1.7337771971889695,0.4654690900941231,-0.9166876736979732,0,1,-1.2274279818330294,1,-1.4321861577055308,1.512560003669858,False,True,False,False,False,True,0
1.747115668351356,0.9604455194152858,-1.3894422528249364,-1.2184705569895626,0.8084361535388619,1,1,0.3243650298568079,0,-1.4321861577055308,0.3211233088650566,False,False,False,False,True,False,0
-1.553002803608015,-0.5607134610736721,-0.0013447194854226,1.5782274149692763,0.8084361535388619,1,0,-1.1671798657577432,0,1.4165182832801098,-0.8347481114679598,True,True,False,False,False,False,0
-0.5256074302621732,0.1998660291708067,-0.6953934861551795,-1.2184705569895626,0.8084361535388619,1,0,-0.8013248547922519,0,1.4165182832801098,-0.2079101489027471,False,False,True,False,True,False,0
-1.6671578450908864,-1.8917275690015103,-1.042417869490058,0.7966757807112518,-0.9166876736979732,0,0,0.5087202417716747,0,-0.7200100474591208,1.2769400602942818,True,True,False,False,False,True,0
-2.414354480251499,-1.1311480787570314,-1.042417869490058,0.7281522681698354,-0.9166876736979732,0,1,0.5961753672741292,0,1.4165182832801098,1.0857767100084368,False,False,True,False,False,False,0
-0.836939361579095,-0.5607134610736721,1.3867528138540912,0.4149265591743114,0.8084361535388619,0,0,0.4897685972721747,0,0.7043421730336995,0.8501567666328603,False,False,False,True,False,False,0
0.1697005496789521,-0.4656410247931123,-0.0013447194854226,0.0662891846438822,0.8084361535388619,0,0,-0.758933718454043,0,-0.0078339372127105,1.1791355554968723,True,True,False,True,False,False,0
1.1036963436297176,-1.511437823879271,-0.0013447194854226,0.7467038814563802,-0.9166876736979732,1,0,0.0352871208257596,1,1.4165182832801098,-0.270149379228371,False,True,False,True,False,False,0
-0.0586095332867904,1.1505903919764056,-0.348369102820301,0.4087150958069321,-0.9166876736979732,0,0,0.5235093435333786,0,1.4165182832801098,0.1432969365061309,False,False,False,False,False,True,0
0.6366984466543348,1.3407352645375252,0.3456796638494558,0.623263955889982,-0.9166876736979732,0,0,1.583752323819159,1,-0.7200100474591208,-1.1948465154947845,True,False,False,False,True,False,0
1.539561047473408,-0.9410032061959116,-1.042417869490058,-1.2184705569895626,0.8084361535388619,0,0,1.1708576763426288,0,0.7043421730336995,-1.314879316837059,False,False,False,False,True,False,0
1.778248861483048,0.4850833380124864,-1.3894422528249364,-1.2184705569895626,0.8084361535388619,0,1,1.426826844578072,0,-0.7200100474591208,0.1432969365061309,False,False,False,False,False,True,0
-0.0793649953745852,-0.6557858973542321,1.0397284305192127,1.047546851300731,-0.9166876736979732,1,1,1.1589267693124163,1,-1.4321861577055308,1.1391246217161144,False,True,False,True,False,False,0
-1.8020683486615523,0.8653730831347259,-1.736466636159815,0.1150375240829656,0.8084361535388619,0,1,-0.978579872154536,1,-0.7200100474591208,0.4411561102073313,True,False,True,True,False,False,0
0.7819866812688984,-1.0360756424764714,-0.0013447194854226,-1.2184705569895626,0.8084361535388619,0,1,-1.4044641010161694,0,-0.0078339372127105,-1.1370529444781334,True,False,False,True,False,False,0
0.0970564323716704,0.2949384654513666,-1.042417869490058,1.644629151185277,-0.9166876736979732,0,0,-1.2357179462346053,1,-1.4321861577055308,-0.8036284963051479,True,False,True,False,True,False,0
0.4083883636885922,-0.9410032061959116,1.3867528138540912,0.6473929973606396,-0.9166876736979732,1,0,-0.8422676814940279,0,-1.4321861577055308,-0.0656490510156066,False,False,False,False,False,False,0
0.927274915883462,2.386532063623684,-1.042417869490058,-0.1087303036307153,-0.9166876736979732,1,1,-0.7162190161814521,0,-1.4321861577055308,-0.9903461872820196,False,False,False,True,False,False,0
1.695227013131869,-1.416365387598711,0.6927040471843343,1.534182303688893,-0.9166876736979732,0,1,1.3491651088584935,0,-0.7200100474591208,-0.6613673984180074,True,False,False,False,False,False,0
0.4498992878641817,-0.9410032061959116,-0.0013447194854226,-1.2184705569895626,0.8084361535388619,1,1,-1.6284503153582757,0,-0.0078339372127105,0.6278738011842032,True,False,False,True,False,False,0
-1.5841359967397073,-0.7508583336347919,-0.348369102820301,-1.2184705569895626,-0.9166876736979732,1,0,-1.2949731095687544,0,0.7043421730336995,0.4100364950445194,True,False,False,False,True,False,0
-0.152009112681867,0.1047935928902469,1.0397284305192127,0.7904412615190265,-0.9166876736979732,1,1,1.2884371206827812,0,0.7043421730336995,0.2277644633766206,True,False,False,False,True,False,0
2.058447599668278,0.5801557742930463,-0.348369102820301,0.6123516660123244,0.8084361535388619,1,1,0.1505294489434707,0,0.7043421730336995,0.6100911639483108,False,False,True,False,False,True,0
-1.0652494445448375,0.9604455194152858,0.3456796638494558,0.7801678101214782,-0.9166876736979732,0,1,-0.119619070526068,0,-0.0078339372127105,-0.8703133859397449,False,True,False,False,False,False,0
0.9687858400590514,0.8653730831347259,1.7337771971889695,0.3193617662863703,-0.9166876736979732,1,0,-0.4506736176752464,0,-1.4321861577055308,0.4189278136624657,True,True,False,False,True,False,0
-1.023738520369248,-0.0853512796708728,-1.3894422528249364,1.6812818285145,0.8084361535388619,1,0,1.4624502194999351,0,0.7043421730336995,-1.3637815692357635,True,False,True,False,True,False,0
0.5536765983031557,0.8653730831347259,1.3867528138540912,0.6094906623027818,-0.9166876736979732,0,0,1.2664782776872732,1,0.7043421730336995,1.152461599643034,True,True,False,False,False,False,0
-0.1208759195501748,0.3900109017319265,1.3867528138540912,1.543075287573784,-0.9166876736979732,1,0,1.5761557398293593,1,0.7043421730336995,1.0546570948456246,True,False,True,False,False,False,0
-0.6397624717450445,-0.6557858973542321,1.3867528138540912,-1.2184705569895626,0.8084361535388619,1,0,0.6686541365756913,0,-1.4321861577055308,-0.6880413542718462,True,False,False,False,False,True,0
-0.2869196162525331,-0.0853512796708728,1.0397284305192127,-1.2184705569895626,0.8084361535388619,1,0,-0.0874180877871031,0,1.4165182832801098,0.5700802301675525,False,False,True,False,True,False,0
-0.2142754989452513,-0.9410032061959116,-1.042417869490058,-1.2184705569895626,0.8084361535388619,1,1,-1.4230893977140386,0,-1.4321861577055308,0.9524069307392424,True,False,False,False,True,False,0
0.5121656741275662,-0.1804237159514327,1.0397284305192127,0.5074956959312135,-0.9166876736979732,1,0,-1.451170782790861,0,-1.4321861577055308,-1.6838690394818296,True,False,False,False,False,True,0
0.4602770189080792,-0.8459307699153518,1.0397284305192127,-1.2184705569895626,0.8084361535388619,1,1,1.6639591203380293,0,-0.0078339372127105,1.259157423058389,False,False,False,False,False,True,0
0.0451677771521834,-1.0360756424764714,1.0397284305192127,0.7036130251487918,-0.9166876736979732,1,1,0.6388227831326386,0,-1.4321861577055308,-0.0745403696335528,True,False,True,False,True,False,0
-0.3388082714720201,-0.0853512796708728,-0.6953934861551795,-1.2184705569895626,0.8084361535388619,0,1,0.2788136923239044,0,-1.4321861577055308,-1.150389922405053,False,False,False,False,True,False,0
-0.6086292786133524,-0.0853512796708728,-0.0013447194854226,0.1524960345125371,-0.9166876736979732,1,1,0.4285529129943975,0,-0.7200100474591208,1.2636030823673623,False,True,False,True,False,False,0
1.4669169301661262,-0.9410032061959116,1.0397284305192127,0.3293846456986127,0.8084361535388619,0,0,1.5941728507999486,0,0.7043421730336995,-0.2168014675206933,True,False,True,False,False,False,0
2.058447599668278,1.6259525733792048,0.6927040471843343,0.8840522333611597,-0.9166876736979732,1,1,0.3258985341777369,0,-0.0078339372127105,0.2233188040676475,True,False,False,False,False,True,0
-1.2935595275105802,-0.1804237159514327,-0.0013447194854226,0.2821230867423101,0.8084361535388619,1,1,0.6722111015867537,0,-0.0078339372127105,-0.6835956949628731,True,False,True,False,True,False,0
1.6018274337367924,-0.4656410247931123,0.3456796638494558,-1.2184705569895626,0.8084361535388619,0,0,0.006584336152225,0,-0.0078339372127105,0.7701348990713438,True,False,False,False,False,True,0
-0.3284305404281227,-0.2754961522319926,0.6927040471843343,1.4923936211554223,-0.9166876736979732,1,0,-0.9565659134141602,0,-0.0078339372127105,-0.1234426220322574,True,False,True,False,False,False,0
0.9065194537956672,2.006242318501444,-0.348369102820301,-1.2184705569895626,-0.9166876736979732,1,1,-0.848358579835387,0,-1.4321861577055308,-0.6658130577269805,True,False,True,False,False,False,0
2.058447599668278,-0.1804237159514327,0.6927040471843343,1.2335764565986878,-0.9166876736979732,1,1,0.9006992464710158,0,1.4165182832801098,1.1569072589520069,False,False,False,True,False,False,0
-0.2661641541647383,0.4850833380124864,-1.042417869490058,-1.2184705569895626,-0.9166876736979732,0,1,1.2637663048530494,1,0.7043421730336995,-1.3326619540729516,False,False,False,True,False,False,0
0.4914102120397713,-1.0360756424764714,0.6927040471843343,-1.2184705569895626,0.8084361535388619,1,1,-1.3517529326515356,0,-0.7200100474591208,0.1388512771971578,True,False,False,True,False,False,0
0.3564997084691052,0.1998660291708067,-0.0013447194854226,0.8449730905767844,2.533559980775697,1,1,0.1131533237881279,1,1.4165182832801098,-1.190400856185811,True,False,False,False,False,False,0
1.6329606268684846,-0.5607134610736721,1.3867528138540912,-1.2184705569895626,-0.9166876736979732,1,1,0.4105750958986983,0,1.4165182832801098,-0.6880413542718462,True,False,True,True,False,False,0
-0.1312536505940722,-1.1311480787570314,1.0397284305192127,-1.2184705569895626,0.8084361535388619,1,0,1.5963755680609293,0,-0.7200100474591208,0.5923085267124182,True,False,False,False,True,False,0
-1.127515830808222,-1.511437823879271,-0.0013447194854226,-1.2184705569895626,0.8084361535388619,1,0,0.3025471927574761,0,-0.7200100474591208,0.4589387474432239,True,False,True,False,True,False,0
1.404650543902742,0.3900109017319265,-1.736466636159815,0.8984616435602584,-0.9166876736979732,1,0,-1.3818275256121602,1,-0.7200100474591208,-1.3015423389101397,True,True,False,False,False,False,0
-0.1104981885062774,0.1998660291708067,0.6927040471843343,0.4531654452309637,2.533559980775697,1,0,-1.4439121956717968,0,1.4165182832801098,-0.332388609553995,True,True,False,False,False,True,0
-0.6812733959206341,0.1998660291708067,-0.6953934861551795,-0.1957916600077269,-0.9166876736979732,1,0,-0.2899687979098918,0,-0.7200100474591208,1.6237014863941868,True,False,True,False,False,False,0
0.7093425639616167,1.2456628282569653,0.6927040471843343,-1.2184705569895626,-0.9166876736979732,1,1,-1.4891712632768683,0,-1.4321861577055308,0.3166776495560834,True,False,False,True,False,False,0
-0.4840965060865836,-0.6557858973542321,1.3867528138540912,-1.2184705569895626,0.8084361535388619,1,1,-0.7773067345657821,0,1.4165182832801098,-0.714715310125685,True,False,False,False,False,True,0
1.2593623092881785,0.770300646854166,-1.042417869490058,0.6720985945623433,4.258683808012532,1,1,0.7402583563608961,1,0.7043421730336995,0.272221056466352,True,True,False,False,True,False,0
0.325366515337413,0.009721156609687,-1.042417869490058,0.3836236337588466,0.8084361535388619,1,0,0.1524835368190854,0,-0.0078339372127105,0.9879722052110276,False,True,False,False,False,True,0
-0.6086292786133524,-0.9410032061959116,-1.042417869490058,1.219449640363848,-0.9166876736979732,1,0,-1.1549417362632357,0,-1.4321861577055308,1.3347336313109326,False,False,False,False,False,True,0
1.0310522263224358,0.8653730831347259,-0.348369102820301,-1.2184705569895626,-0.9166876736979732,0,1,-1.2216957705000688,1,-0.0078339372127105,-0.0700947103245797,False,False,False,False,False,False,0
-0.1831423058135592,-0.2754961522319926,-1.3894422528249364,-0.1054033801274089,-0.9166876736979732,1,0,0.2748328402907986,0,1.4165182832801098,-0.2923776757732367,False,False,False,False,True,False,0
0.3564997084691052,-1.226220515037591,0.6927040471843343,-1.2184705569895626,0.8084361535388619,1,0,-1.719374777053453,0,-0.0078339372127105,-0.8569764080128255,True,False,False,False,False,False,0
-0.8265616305351976,-0.3705685885125524,-0.348369102820301,1.2214482921801904,-0.9166876736979732,1,0,0.4814781112704898,0,0.7043421730336995,1.5303426409057508,True,False,True,True,False,False,0
-1.1171380997643243,-0.8459307699153518,-0.348369102820301,-0.0461636797240029,-0.9166876736979732,0,1,0.4584065213754414,0,-0.7200100474591208,1.063548413463571,True,False,False,False,False,True,0
0.3564997084691052,0.770300646854166,-0.0013447194854226,0.5960377486150046,-0.9166876736979732,1,0,0.4127527763544394,0,0.7043421730336995,0.2633297378484058,False,False,False,False,True,False,0
0.8650085296200775,-0.4656410247931123,-1.3894422528249364,1.051830591535149,-0.9166876736979732,1,0,-0.9488392771304768,0,0.7043421730336995,-0.0211924579258751,True,False,False,True,False,False,0
0.9065194537956672,-0.9410032061959116,-0.6953934861551795,-0.2676422561623446,0.8084361535388619,1,1,0.0887184450744398,0,1.4165182832801098,-0.7902915183782284,True,True,False,False,True,False,0
-1.1690267549838116,0.1047935928902469,0.6927040471843343,0.0805364035195849,-0.9166876736979732,1,0,1.1624472223158373,0,1.4165182832801098,-1.6527494243190175,False,False,False,True,False,False,0
0.5536765983031557,0.4850833380124864,1.7337771971889695,0.4904076471927087,-0.9166876736979732,1,0,0.6431082496294932,1,0.7043421730336995,-0.3368342688629681,False,True,False,False,True,False,0
-2.3520880939881144,-1.606510260159831,0.6927040471843343,1.4977894847188729,0.8084361535388619,0,1,0.6247675727245221,1,-0.7200100474591208,0.0543837503266681,False,False,True,True,False,False,0
-0.9510944030619662,-1.226220515037591,-0.6953934861551795,0.6480337571594862,-0.9166876736979732,1,0,0.9934061896058948,0,0.7043421730336995,-0.7413892659795239,False,False,True,False,True,False,0
-0.10012045746238,-0.6557858973542321,0.6927040471843343,0.3895739578878654,-0.9166876736979732,1,1,-1.0547223606228349,0,-0.7200100474591208,-0.5680085529295714,True,False,True,False,True,False,0
0.9687858400590514,1.9111698822208845,1.0397284305192127,-1.2184705569895626,-0.9166876736979732,1,1,-1.118072606413996,0,-0.7200100474591208,1.5214513222878043,False,False,True,False,False,False,0
1.456539199122229,-0.7508583336347919,0.3456796638494558,-0.0773690982135563,0.8084361535388619,0,1,0.4430380957591645,0,-0.7200100474591208,0.2366557819945669,True,False,False,False,False,False,0
-0.4010746577354044,-1.0360756424764714,0.6927040471843343,0.0088742567111045,0.8084361535388619,1,1,1.478770217582022,0,1.4165182832801098,-1.6571950836279907,True,True,False,True,False,False,0
1.3942728128588446,-0.7508583336347919,1.3867528138540912,-1.2184705569895626,0.8084361535388619,1,1,-1.4295481979990583,0,-1.4321861577055308,-0.9192156383384495,True,False,True,False,False,True,0
-0.9510944030619662,0.9604455194152858,-0.348369102820301,-1.2184705569895626,-0.9166876736979732,1,1,-0.0061929539884503,1,-1.4321861577055308,-0.3279429502450218,True,False,False,False,False,False,0
-1.366203644817862,1.8160974459403243,-0.6953934861551795,-1.2184705569895626,0.8084361535388619,0,1,-1.1760564564154203,0,1.4165182832801098,-1.5727275567575012,True,False,False,False,False,False,0
-0.2350309610330461,0.1047935928902469,-1.042417869490058,0.7292269257834929,0.8084361535388619,1,1,-0.6186446746945995,1,-1.4321861577055308,-1.408238162325495,True,True,False,False,False,True,0
0.0763009702838756,1.0555179556958456,-0.6953934861551795,-1.2184705569895626,-0.9166876736979732,1,0,1.442534310265302,1,1.4165182832801098,0.9390699528123232,False,False,False,False,True,False,0
0.1489450875911573,2.5766769361848034,0.6927040471843343,-1.2184705569895626,0.8084361535388619,1,1,-0.0111008632822356,0,1.4165182832801098,-0.2745950385373442,False,False,False,True,False,False,0
0.0244123150643886,-0.6557858973542321,-1.042417869490058,-1.2184705569895626,-0.9166876736979732,1,1,-0.842529698615529,1,1.4165182832801098,-0.1189969627232842,False,False,True,False,False,False,0
0.532921136215361,0.009721156609687,-1.3894422528249364,1.0480371077984991,-0.9166876736979732,1,1,-1.2027088310598493,1,-0.7200100474591208,-0.078986028942526,True,True,False,True,False,False,0
-0.2454086920769435,1.0555179556958456,-0.348369102820301,1.0719744977251242,-0.9166876736979732,0,1,0.1595665185680661,1,1.4165182832801098,-1.3371076133819246,False,False,False,False,False,False,0
0.9168971848395644,0.3900109017319265,1.3867528138540912,-1.2184705569895626,-0.9166876736979732,1,0,1.7188356246224872,1,0.7043421730336995,1.2636030823673623,True,False,True,False,True,False,0
-0.4529633129548914,-0.5607134610736721,-0.348369102820301,-1.2184705569895626,-0.9166876736979732,1,0,-0.3673266146325324,1,-0.7200100474591208,0.9479612714302692,False,False,False,False,False,False,0
0.1697005496789521,-0.3705685885125524,0.3456796638494558,0.4223798348854822,-0.9166876736979732,1,1,-0.8073787195258607,0,-0.0078339372127105,-0.8258567928500136,False,False,False,False,False,True,0
2.058447599668278,-0.7508583336347919,-0.348369102820301,-1.2184705569895626,0.8084361535388619,0,0,0.901794258966845,0,1.4165182832801098,0.3300146274830028,True,False,False,False,False,True,0
0.6366984466543348,2.1013147547820044,-0.348369102820301,1.1755780882093891,0.8084361535388619,1,0,0.4039330401086607,0,-0.7200100474591208,0.8501567666328603,False,True,False,False,False,True,0
-1.023738520369248,0.2949384654513666,-1.3894422528249364,-1.2184705569895626,0.8084361535388619,0,0,-1.3319797679801095,0,-0.0078339372127105,-0.808074155614121,True,False,False,False,True,False,0
-1.6464023830030916,-0.6557858973542321,1.0397284305192127,-0.4793843897901772,-0.9166876736979732,1,1,-0.3625797059057746,0,-0.7200100474591208,-0.0034098206899826,True,False,True,True,False,False,0
0.1697005496789521,-1.416365387598711,0.6927040471843343,1.5668383178250107,-0.9166876736979732,0,0,0.1047689497667943,1,-0.7200100474591208,1.6014731898493209,False,False,True,False,False,True,0
-1.521869610476323,-0.1804237159514327,-1.736466636159815,0.9271043430742152,-0.9166876736979732,1,1,-0.1163967989183833,0,0.7043421730336995,-1.4793687112690652,True,False,True,False,True,False,0
-0.6501402027889419,-0.6557858973542321,-1.042417869490058,-1.2184705569895626,0.8084361535388619,0,1,-1.581537601540466,0,-0.7200100474591208,-0.301268994391183,True,False,False,True,False,False,0
2.058447599668278,-0.2754961522319926,-1.736466636159815,-1.2184705569895626,0.8084361535388619,1,0,0.7095722742056338,0,-0.0078339372127105,1.1391246217161144,True,False,True,False,False,True,0
-0.6086292786133524,-0.5607134610736721,-1.3894422528249364,-1.2184705569895626,0.8084361535388619,0,0,-1.572570252463795,0,0.7043421730336995,-1.1103789886242943,True,False,False,False,False,False,0
-1.6256469209152968,-0.4656410247931123,1.3867528138540912,0.6573820935850869,-0.9166876736979732,1,1,0.2718918850086541,1,-1.4321861577055308,0.4811670439880896,False,True,False,False,False,False,0
-0.4633410439987888,-0.2754961522319926,1.0397284305192127,1.3154555360118645,-0.9166876736979732,1,1,-0.4118305791462437,0,1.4165182832801098,1.1391246217161144,True,False,True,True,False,False,0
-2.05113389371509,0.8653730831347259,-0.0013447194854226,1.1005257744891708,-0.9166876736979732,1,1,-0.1265666101133701,0,-0.7200100474591208,-1.252640086511435,False,False,True,False,False,False,0
0.086678701327773,1.0555179556958456,-1.3894422528249364,-1.2184705569895626,2.533559980775697,1,1,1.5894521959453514,1,1.4165182832801098,1.6014731898493209,True,False,False,False,False,True,0
-0.6605179338328393,0.8653730831347259,-1.3894422528249364,1.0755772905771093,0.8084361535388619,1,0,-1.1970807658820175,1,-0.7200100474591208,1.3658532464737445,False,True,False,False,True,False,0
-0.3699414646037122,-0.9410032061959116,1.3867528138540912,-1.2184705569895626,-0.9166876736979732,1,1,1.1571376809379992,0,-0.7200100474591208,-1.3193249761460322,True,False,False,False,True,False,0
-0.5774960854816601,-0.1804237159514327,-1.042417869490058,-1.2184705569895626,-0.9166876736979732,0,1,0.3606790033231988,0,-0.0078339372127105,1.1346789624071412,True,False,False,False,False,False,0
-0.442585581910994,-0.1804237159514327,0.3456796638494558,-1.2184705569895626,0.8084361535388619,0,1,-1.363124858231432,0,-1.4321861577055308,-0.554671575002652,True,False,False,True,False,False,0
0.2942333222057209,0.2949384654513666,0.6927040471843343,0.4742543200198377,-0.9166876736979732,1,1,-0.1716594611503224,1,-1.4321861577055308,-1.501597007813931,False,True,False,False,False,False,0
0.719720295005514,0.5801557742930463,0.6927040471843343,0.9994229404512288,-0.9166876736979732,0,0,-0.7098428025803828,1,-1.4321861577055308,-1.3015423389101397,False,True,False,False,True,False,0
-0.2454086920769435,-0.5607134610736721,-0.6953934861551795,-1.2184705569895626,-0.9166876736979732,1,1,1.525888267976138,0,0.7043421730336995,-1.6305211277741518,False,False,True,True,False,False,0
-0.8576948236668898,0.1998660291708067,-1.042417869490058,-1.2184705569895626,0.8084361535388619,1,0,0.5883871821775649,0,1.4165182832801098,1.7081690132646763,True,False,True,False,False,True,0
-0.8784502857546845,0.770300646854166,-1.042417869490058,-1.2184705569895626,-0.9166876736979732,0,0,0.1820234896678213,1,1.4165182832801098,-0.2745950385373442,False,False,False,False,False,False,0
0.2734778601179261,-0.8459307699153518,-1.3894422528249364,1.017895619559655,0.8084361535388619,0,1,-1.4654405447105452,0,-1.4321861577055308,-0.2345841047565859,False,True,False,False,False,True,0
-0.4010746577354044,0.1047935928902469,-0.348369102820301,-1.2184705569895626,-0.9166876736979732,0,0,0.8848763332929578,0,1.4165182832801098,0.9835265459020543,True,False,False,False,True,False,0
-0.0170986091112009,-0.1804237159514327,-0.0013447194854226,0.4941798363133544,-0.9166876736979732,0,0,-1.3202787127313331,0,1.4165182832801098,0.2010905075227818,True,False,False,False,True,False,0
-1.013360789325351,-1.416365387598711,1.7337771971889695,-1.2184705569895626,-0.9166876736979732,0,0,-0.1434516749803802,0,1.4165182832801098,-0.9281069569563958,True,False,False,False,False,True,0
-1.1794044860277089,-1.321292951318151,-0.0013447194854226,-0.218056702083539,-0.9166876736979732,1,1,0.0404612200419193,0,-0.7200100474591208,1.4503207733442345,True,True,False,True,False,False,0
0.4498992878641817,-0.3705685885125524,0.6927040471843343,-1.2184705569895626,0.8084361535388619,1,0,1.042447205735779,0,1.4165182832801098,1.5258969815967776,True,False,True,False,True,False,0
1.0206744952785385,0.2949384654513666,1.0397284305192127,1.2125798051091978,0.8084361535388619,1,0,-0.5517817999016549,0,1.4165182832801098,0.7212326466726392,True,True,False,True,False,False,0
-0.4218301198231992,-0.1804237159514327,-0.348369102820301,-1.2184705569895626,0.8084361535388619,1,0,0.4392737077713599,0,0.7043421730336995,0.0988403434163995,False,False,True,False,False,True,0
-0.919961209930274,0.1998660291708067,-1.042417869490058,0.3909688352910515,-0.9166876736979732,1,1,-1.4086417701571312,1,1.4165182832801098,-1.492705689195985,True,True,False,False,False,False,0
-1.0444939824570427,3.5274012989904024,-1.042417869490058,0.8375119694807701,0.8084361535388619,1,1,1.4133179233509483,0,-1.4321861577055308,0.4856127032970628,True,False,True,False,False,True,0
0.6366984466543348,-0.5607134610736721,0.3456796638494558,0.2961447107762898,-0.9166876736979732,0,0,1.6880434837783624,1,1.4165182832801098,0.0632750689446144,True,False,False,False,True,False,0
-0.3491860025159174,-0.1804237159514327,-0.0013447194854226,-1.2184705569895626,-0.9166876736979732,0,1,1.3609270174533388,1,-0.7200100474591208,-0.0523120730886871,True,False,False,True,False,False,0
-1.0548717135009402,1.2456628282569653,-0.0013447194854226,0.7191190280171308,-0.9166876736979732,1,1,-1.0206135385512674,1,-0.0078339372127105,-0.0656490510156066,True,True,False,False,False,False,0
-0.048231802242893,-1.0360756424764714,1.0397284305192127,-1.2184705569895626,0.8084361535388619,1,1,-0.16301776440847,0,0.7043421730336995,-1.1148246479332675,True,False,False,True,False,False,0
-0.7020288580084288,-0.6557858973542321,1.3867528138540912,0.1510267060082855,-0.9166876736979732,0,0,1.1945677047712884,0,1.4165182832801098,-1.692760358099776,True,False,True,False,True,False,0
1.1555849988492046,-0.0853512796708728,-1.736466636159815,1.2245214415002954,0.8084361535388619,0,0,-1.1916557770133522,0,0.7043421730336995,0.0766120468715338,False,False,False,False,False,True,0
-0.2142754989452513,-1.606510260159831,-0.6953934861551795,-1.2184705569895626,0.8084361535388619,0,0,-1.210973237056076,0,-1.4321861577055308,1.668158079483918,False,False,False,False,True,False,0
0.3461219774252078,-0.8459307699153518,-1.042417869490058,-1.2184705569895626,0.8084361535388619,1,1,0.7034304329202802,0,-0.7200100474591208,1.4636577512711535,True,False,False,False,False,False,0
-0.6190070096572498,3.052039117587603,-0.348369102820301,-1.2184705569895626,0.8084361535388619,0,1,-1.4503569127538694,0,-0.0078339372127105,-1.354890250617817,True,False,False,False,True,False,0
0.3461219774252078,-0.5607134610736721,0.3456796638494558,-1.2184705569895626,0.8084361535388619,0,1,1.501403663385377,0,-0.0078339372127105,-1.1859551968768378,False,False,False,False,False,True,0
-0.4010746577354044,-0.6557858973542321,-1.736466636159815,-1.2184705569895626,0.8084361535388619,0,1,0.4563015172015764,0,1.4165182832801098,1.5836905526134284,False,False,True,False,False,False,0
-0.0689872643306878,-0.7508583336347919,-1.3894422528249364,0.8457931734577667,-0.9166876736979732,1,1,-1.6966135392233552,0,0.7043421730336995,1.067994072772544,False,True,False,False,True,False,0
1.0414299573663333,0.1998660291708067,1.0397284305192127,-1.2184705569895626,0.8084361535388619,1,0,0.6852564941835371,1,-1.4321861577055308,-1.3637815692357635,False,False,False,False,False,True,0
0.2008337428106443,1.0555179556958456,1.0397284305192127,-1.2184705569895626,-0.9166876736979732,0,1,-1.7016539349448667,0,-1.4321861577055308,0.3166776495560834,True,False,True,True,False,False,0
-0.2972973472964305,-0.4656410247931123,1.3867528138540912,-1.2184705569895626,-0.9166876736979732,1,0,-1.3244483840039545,0,-1.4321861577055308,-1.21707481203965,False,False,False,False,False,False,0
-1.3350704516861698,-0.6557858973542321,-0.348369102820301,-1.2184705569895626,0.8084361535388619,1,0,1.172152461680266,0,-0.0078339372127105,-0.5635628936205983,True,False,True,False,False,False,0
0.6470761776982322,-0.9410032061959116,0.3456796638494558,0.268744303935809,-0.9166876736979732,1,1,-0.5364274574883252,0,-0.7200100474591208,-0.1367795999591768,True,True,False,False,False,True,0
0.3876329016007974,0.770300646854166,-1.042417869490058,0.6838351301782476,0.8084361535388619,0,0,-1.2050678544868747,0,-0.0078339372127105,0.903504678340538,True,True,False,False,True,False,0
1.09331861258582,-0.5607134610736721,-0.0013447194854226,0.0184299354504249,-0.9166876736979732,0,1,1.6310146835768091,0,-0.0078339372127105,-0.1101056441053379,True,False,True,False,False,True,0
-0.992605327237556,1.4358077008180852,-0.348369102820301,1.1832640035976525,-0.9166876736979732,1,0,0.9838110078644988,1,-1.4321861577055308,0.7923631956162095,False,False,False,False,True,False,0
-0.5878738165255575,0.1998660291708067,-1.042417869490058,1.0051166084189402,-0.9166876736979732,0,1,0.2058300141166755,0,1.4165182832801098,-0.3412799281719413,False,True,False,False,False,True,0
-1.0029830582814532,-0.6557858973542321,1.7337771971889695,-1.2184705569895626,0.8084361535388619,0,1,1.1853305145714788,0,0.7043421730336995,-0.0034098206899826,True,False,True,True,False,False,0
1.1452072678053071,1.6259525733792048,1.7337771971889695,0.3868053375876019,2.533559980775697,1,1,-0.4049159003658186,1,-1.4321861577055308,0.5078409998419284,True,True,False,False,False,False,0
2.058447599668278,0.770300646854166,1.3867528138540912,0.9798682386739856,-0.9166876736979732,1,0,-0.975036121012906,0,-1.4321861577055308,0.9790808865930812,False,False,False,False,False,True,0
0.9065194537956672,0.1998660291708067,1.0397284305192127,-1.2184705569895626,-0.9166876736979732,1,0,1.5867680417836163,1,-1.4321861577055308,0.049938091017695,False,False,True,False,True,False,0
0.0659232392399782,0.5801557742930463,1.3867528138540912,0.9360130177287926,-0.9166876736979732,1,1,1.0229861317963331,0,1.4165182832801098,-0.3501712467898875,False,True,False,False,False,False,0
-0.0170986091112009,-1.321292951318151,-0.6953934861551795,0.16816919211101,2.533559980775697,1,0,-1.4566896596791754,1,-0.7200100474591208,0.2055361668317549,False,False,True,True,False,False,0
0.0763009702838756,-1.7966551327209506,1.0397284305192127,-1.2184705569895626,0.8084361535388619,0,0,0.2110868738834886,0,1.4165182832801098,1.0057548424469205,True,False,False,True,False,False,0
-0.9303389409741716,-0.3705685885125524,-1.736466636159815,-1.2184705569895626,0.8084361535388619,1,0,0.3384877005457089,0,-0.7200100474591208,0.9212873155764304,False,False,True,False,False,True,0
0.9687858400590514,-0.4656410247931123,1.3867528138540912,-1.2184705569895626,0.8084361535388619,1,0,-0.8760280746926766,0,-0.0078339372127105,1.072439732081517,True,False,True,False,False,True,0
0.8131198744005905,2.196387191062564,-0.0013447194854226,0.5776595343444897,-0.9166876736979732,0,1,-0.6766443465660017,0,0.7043421730336995,1.3747445650916907,True,False,True,False,False,False,0
-1.4907364173446307,0.1998660291708067,-0.0013447194854226,0.0970195570756701,0.8084361535388619,1,0,1.5186421992596937,0,-1.4321861577055308,-1.6705320615549102,False,True,False,False,False,False,0
-1.366203644817862,0.009721156609687,-1.3894422528249364,-0.041772185530409,-0.9166876736979732,0,1,0.1598676556977543,1,-0.7200100474591208,0.5078409998419284,False,False,False,False,False,True,0
-0.9614721341058636,-1.0360756424764714,-0.6953934861551795,1.2194397135503725,-0.9166876736979732,0,0,-0.629205859838159,0,-1.4321861577055308,1.3391792906199056,False,True,False,False,False,False,0
0.1489450875911573,-1.1311480787570314,-1.3894422528249364,0.1460693834465947,-0.9166876736979732,0,1,-0.6245265852588886,0,0.7043421730336995,1.1746898961878995,False,False,False,False,False,True,0
-0.5463628923499679,-1.1311480787570314,-0.0013447194854226,-1.2184705569895626,0.8084361535388619,1,0,-1.2150655376458386,0,-0.0078339372127105,-1.5460536009036625,True,False,False,False,False,True,0
0.9065194537956672,-1.8917275690015103,-0.0013447194854226,0.2185191108274203,-0.9166876736979732,1,0,1.6096097798972282,0,-0.0078339372127105,-0.0967686661784185,True,False,True,False,True,False,0
0.9687858400590514,-0.3705685885125524,-0.348369102820301,0.3549348225951977,-0.9166876736979732,1,0,0.5769964789937384,0,1.4165182832801098,-1.492705689195985,True,True,False,False,False,False,0
-0.4010746577354044,0.3900109017319265,-0.348369102820301,1.0339823410163034,-0.9166876736979732,0,1,-1.3961012864660145,0,-0.0078339372127105,-1.408238162325495,False,True,False,False,True,False,0
-1.4596032242129386,0.6752282105736062,-1.3894422528249364,-1.2184705569895626,-0.9166876736979732,1,1,0.2668539234209849,1,-1.4321861577055308,0.7390152839085318,False,False,False,False,False,False,0
-0.5774960854816601,0.009721156609687,1.3867528138540912,-1.2184705569895626,-0.9166876736979732,1,0,-0.8948519271654327,0,-0.0078339372127105,-0.9636722314281808,True,False,False,False,True,False,0
-0.0378540711989956,0.6752282105736062,1.3867528138540912,0.8182714033170546,0.8084361535388619,1,0,-0.4003339911402581,1,0.7043421730336995,1.445875114035261,True,False,True,True,False,False,0
-0.6397624717450445,-0.6557858973542321,-0.0013447194854226,-1.2184705569895626,0.8084361535388619,1,0,-0.7160084636040547,0,0.7043421730336995,0.3077863309381372,True,False,False,True,False,False,0
0.0140345840204912,1.8160974459403243,-1.3894422528249364,0.904632759234157,-0.9166876736979732,1,0,-1.6575342158449031,0,-0.7200100474591208,-1.972836894565084,True,True,False,False,False,True,0
-1.5011141483885282,-0.3705685885125524,-1.3894422528249364,-1.2184705569895626,0.8084361535388619,0,0,-0.1443050127589652,0,1.4165182832801098,-1.3059879982191127,False,False,False,True,False,False,0
-1.2728040654227857,0.3900109017319265,-0.0013447194854226,-1.2184705569895626,0.8084361535388619,0,0,-0.3643317606724414,0,0.7043421730336995,-0.9192156383384495,False,False,True,True,False,False,0
0.7508534881372062,-0.4656410247931123,-1.042417869490058,1.2549990004082503,0.8084361535388619,0,0,-0.38025777680541,0,-1.4321861577055308,-0.3946278398796189,True,False,False,False,False,False,0
0.1178118944594652,-0.9410032061959116,-0.348369102820301,0.4260926232351705,0.8084361535388619,0,0,-1.3780758298936786,0,0.7043421730336995,-1.06147673622559,False,True,False,False,True,False,0
-0.1416313816379696,0.1998660291708067,-1.3894422528249364,0.891184488733328,-0.9166876736979732,1,1,-0.9172511745197742,0,0.7043421730336995,-0.4613127295142161,True,False,False,False,True,False,0
0.6055652535226427,1.8160974459403243,0.6927040471843343,1.5052068958136162,0.8084361535388619,0,1,-1.5636988778072092,0,1.4165182832801098,1.3747445650916907,True,True,False,False,False,False,0
-0.3076750783403279,0.1998660291708067,1.3867528138540912,-1.2184705569895626,0.8084361535388619,1,1,0.9624408775255292,0,-0.0078339372127105,-1.3993468437075487,False,False,True,False,True,False,0
-0.2038977679013539,0.770300646854166,-0.6953934861551795,-1.2184705569895626,0.8084361535388619,1,0,1.3629589976119214,0,-0.0078339372127105,1.6592667608659717,True,False,True,False,False,False,0
0.3357442463813104,0.6752282105736062,-1.736466636159815,-1.2184705569895626,0.8084361535388619,1,1,-1.1136913393637586,0,-0.0078339372127105,0.7879175363072363,True,False,False,True,False,False,0
1.7159824752196635,1.530880137098645,1.7337771971889695,0.6638052222333445,-0.9166876736979732,1,0,-0.0780616250289991,1,-0.0078339372127105,-1.692760358099776,False,False,False,True,False,False,0
-0.494474237130481,0.1047935928902469,-1.3894422528249364,-1.2184705569895626,0.8084361535388619,1,0,0.3959967205810951,0,-1.4321861577055308,1.4814403885070462,False,False,False,False,True,False,0
-0.6397624717450445,-0.0853512796708728,1.3867528138540912,-1.2184705569895626,0.8084361535388619,1,1,0.8401042663231388,0,-0.0078339372127105,-0.1412252592681499,False,False,True,False,False,True,0
-1.376581375861759,-1.606510260159831,1.0397284305192127,-1.2184705569895626,-0.9166876736979732,0,1,1.1670240894070092,0,-1.4321861577055308,1.4858860478160194,False,False,False,False,False,False,0
-1.252048603334991,1.3407352645375252,-0.0013447194854226,0.8252112065957166,-0.9166876736979732,1,0,0.7140733354142748,1,-0.0078339372127105,-1.1815095375678648,False,False,False,False,False,True,0
-0.9510944030619662,-0.7508583336347919,-0.6953934861551795,0.6250536642936568,-0.9166876736979732,1,0,-1.054058885283984,0,1.4165182832801098,-0.2168014675206933,False,False,False,False,False,True,0
0.6885871018738219,0.009721156609687,0.6927040471843343,0.2729329388927368,0.8084361535388619,1,1,1.5702786975327556,0,-0.7200100474591208,0.5078409998419284,False,True,False,False,False,False,0
0.7300980260494114,-0.1804237159514327,-1.736466636159815,0.7985588331835742,-0.9166876736979732,0,0,1.0385254683817116,0,-0.7200100474591208,1.6726037387928911,False,True,False,True,False,False,0
-0.3803191956476097,2.1013147547820044,-1.3894422528249364,0.4509584904415332,-0.9166876736979732,1,0,-0.653489300653488,1,-0.0078339372127105,0.0277097944728293,False,False,False,True,False,False,0
0.034790046108286,0.4850833380124864,0.3456796638494558,1.1271195476798292,-0.9166876736979732,1,0,-0.6185791269475484,1,-1.4321861577055308,-0.5991281680923835,False,True,False,False,True,False,0
0.0140345840204912,-0.3705685885125524,1.3867528138540912,-1.2184705569895626,0.8084361535388619,1,1,-0.9471430335754898,0,0.7043421730336995,-0.7369436066705508,True,False,True,True,False,False,0
-0.2557864231208409,-1.416365387598711,-0.0013447194854226,0.4270300666690153,0.8084361535388619,1,0,-0.758724209076864,1,-1.4321861577055308,1.3080596754570937,True,True,False,False,True,False,0
-1.127515830808222,0.9604455194152858,0.3456796638494558,-0.2653014495008912,-0.9166876736979732,1,0,0.06645655241551,0,-0.0078339372127105,-1.3593359099267903,True,True,False,False,False,True,0
0.9999190331907436,2.5766769361848034,1.0397284305192127,-1.2184705569895626,-0.9166876736979732,1,1,1.0936278255134353,0,0.7043421730336995,0.2855580343932715,True,False,False,True,False,False,0
0.2423446669862339,-0.5607134610736721,-1.736466636159815,1.0521479293465716,-0.9166876736979732,1,0,-0.6192478182874909,1,0.7043421730336995,-1.408238162325495,False,True,False,True,False,False,0
-0.8576948236668898,0.2949384654513666,-1.3894422528249364,-1.2184705569895626,-0.9166876736979732,1,1,-0.2921254404945634,1,-0.7200100474591208,0.6278738011842032,False,False,True,False,True,False,0
0.2319669359423365,-1.1311480787570314,-0.348369102820301,0.0487086378690827,-0.9166876736979732,0,1,-0.8638994812210926,0,-1.4321861577055308,0.5033953405329553,False,False,False,False,True,False,0
-0.6086292786133524,0.1998660291708067,0.3456796638494558,-1.2184705569895626,0.8084361535388619,1,1,-0.0225122566037252,0,0.7043421730336995,-1.3059879982191127,True,False,False,False,False,True,0
0.2942333222057209,-0.4656410247931123,-1.3894422528249364,-1.2184705569895626,0.8084361535388619,1,0,1.1580179680555576,0,-0.0078339372127105,-0.1234426220322574,False,False,False,False,False,False,0
-0.1623868437257644,-1.7966551327209506,1.7337771971889695,0.771164830738884,-0.9166876736979732,0,0,0.0023562456673775,0,1.4165182832801098,-0.0034098206899826,False,False,False,False,False,False,0
1.8924039029659196,-0.2754961522319926,1.0397284305192127,1.0692194867659155,-0.9166876736979732,1,0,-0.1816606216433476,1,-0.0078339372127105,-1.2393031085845156,True,False,False,False,False,False,0
1.2074736540686914,-0.8459307699153518,0.3456796638494558,-1.2184705569895626,0.8084361535388619,1,1,1.7216816486847648,0,-0.7200100474591208,-1.377118547162683,True,False,False,True,False,False,0
1.7263602062635612,-1.226220515037591,-0.348369102820301,-1.2184705569895626,0.8084361535388619,1,1,1.1580504811290284,0,-0.0078339372127105,-1.537162282285716,True,False,True,False,False,True,0
0.719720295005514,-0.2754961522319926,-1.042417869490058,-1.2184705569895626,0.8084361535388619,1,1,0.1138220151280706,0,1.4165182832801098,-0.3234972909360487,False,False,True,False,False,True,0
-0.2350309610330461,2.1013147547820044,0.3456796638494558,-1.2184705569895626,0.8084361535388619,1,1,0.5779558754611858,0,1.4165182832801098,0.872385063177726,False,False,False,True,False,False,0
-0.0897427264184826,0.009721156609687,0.6927040471843343,-1.2184705569895626,0.8084361535388619,1,1,1.2163940613390698,0,-0.0078339372127105,0.3122319902471103,True,False,False,False,True,False,0
-0.7124065890523262,0.1047935928902469,-0.6953934861551795,-1.2184705569895626,0.8084361535388619,1,0,-0.9163347231279808,0,1.4165182832801098,0.1833078702868892,True,False,False,False,True,False,0
0.5536765983031557,0.009721156609687,-0.6953934861551795,0.2581359026384137,-0.9166876736979732,1,1,-0.7982922717575983,0,-0.7200100474591208,-0.6835956949628731,False,False,False,True,False,False,0
1.352761888683255,1.3407352645375252,-1.3894422528249364,0.0875626661414194,-0.9166876736979732,1,0,1.4349074734691711,1,0.7043421730336995,-0.968117890737154,False,True,False,False,False,False,0
-0.6501402027889419,0.1998660291708067,0.6927040471843343,0.2644451931514939,-0.9166876736979732,1,1,0.0129975833610447,0,1.4165182832801098,-1.6527494243190175,False,True,False,False,False,True,0
-0.7954284374035054,-1.416365387598711,-1.042417869490058,-1.2184705569895626,0.8084361535388619,1,1,0.3389795694486462,0,-0.7200100474591208,-1.0659223955345631,True,False,False,False,True,False,0
0.7612312191811036,0.009721156609687,-0.0013447194854226,0.6516738556169516,-0.9166876736979732,1,0,0.4107023663253333,0,-0.7200100474591208,0.6945586908188004,False,True,False,True,False,False,0
0.8027421433566931,0.6752282105736062,-0.0013447194854226,0.6682232946694692,-0.9166876736979732,1,0,0.0623367808866648,1,1.4165182832801098,1.410309839563476,True,True,False,True,False,False,0
-0.048231802242893,0.3900109017319265,1.3867528138540912,-1.2184705569895626,0.8084361535388619,1,1,-0.3815139637349692,0,0.7043421730336995,-0.2301384454476127,True,False,False,False,False,False,0
1.2282291161564862,-0.8459307699153518,1.0397284305192127,-1.2184705569895626,0.8084361535388619,1,0,0.0021862040317915,0,1.4165182832801098,-0.8436394300859061,False,False,False,False,False,True,0
0.6470761776982322,-0.4656410247931123,1.7337771971889695,-1.2184705569895626,0.8084361535388619,1,1,-0.3511611840494597,0,-0.0078339372127105,0.3611342426458148,True,False,False,False,False,False,0
0.7819866812688984,0.1047935928902469,-1.3894422528249364,0.2713782718145757,0.8084361535388619,1,0,-0.4966672721007172,1,-1.4321861577055308,-0.4168561364244846,True,True,False,False,False,True,0
0.3149887842935157,-0.3705685885125524,-1.042417869490058,1.6821834073319175,-0.9166876736979732,1,1,-0.6379882147427813,1,0.7043421730336995,1.4992230257429386,False,False,False,False,True,False,0
1.09331861258582,-1.0360756424764714,-0.6953934861551795,-0.0115437576187071,-0.9166876736979732,1,1,1.7264342950127236,0,1.4165182832801098,-1.0170201431358583,True,False,False,True,False,False,0
-1.366203644817862,-1.511437823879271,-0.6953934861551795,0.6391649498687045,0.8084361535388619,1,1,-1.092815338194866,0,-1.4321861577055308,-1.1770638782588916,False,True,False,True,False,False,0
-0.2972973472964305,1.0555179556958456,0.6927040471843343,0.8086547227078291,-0.9166876736979732,0,1,-1.7349407152443987,1,-0.7200100474591208,0.3077863309381372,True,True,False,True,False,False,0
0.1800782807228495,0.1998660291708067,-1.736466636159815,1.186690835675292,0.8084361535388619,0,0,0.1287959371951198,0,-0.7200100474591208,1.2147008299686577,False,False,False,False,True,False,0
0.6159429845665401,0.1998660291708067,-0.6953934861551795,-1.2184705569895626,0.8084361535388619,1,1,1.6224593985863742,0,0.7043421730336995,1.1969181927327652,True,False,False,True,False,False,0
1.5706942406051003,-1.0360756424764714,-0.6953934861551795,-1.2184705569895626,0.8084361535388619,1,0,1.0296857374650812,0,1.4165182832801098,-0.1634535558130156,True,False,False,False,False,False,0
0.3876329016007974,0.5801557742930463,-1.736466636159815,-0.293288018666104,-0.9166876736979732,1,0,1.6929872096129766,1,-0.0078339372127105,0.4544930881342508,False,False,True,False,False,True,0
0.325366515337413,-0.0853512796708728,0.6927040471843343,0.5322691797282971,0.8084361535388619,1,0,0.0388527791719744,0,0.7043421730336995,-0.016746798616902,True,False,False,False,False,False,0
-0.1727645747696618,3.1471115538681627,-0.348369102820301,-0.0206429630480545,-0.9166876736979732,0,1,-1.2689306593186365,0,1.4165182832801098,0.0899490247984533,False,False,False,True,False,False,0
-0.048231802242893,0.770300646854166,1.7337771971889695,0.3799892992575927,-0.9166876736979732,0,1,-0.1969603699119186,0,-0.0078339372127105,-0.2345841047565859,True,False,True,False,False,False,0
-1.6360246519591943,-0.8459307699153518,-0.6953934861551795,0.1537504955380149,-0.9166876736979732,0,1,-1.2613199921258895,0,-0.7200100474591208,-0.3857365212616727,True,False,False,False,True,False,0
0.5121656741275662,0.009721156609687,1.3867528138540912,1.0268622539961374,-0.9166876736979732,0,1,0.8036240762886289,0,-0.7200100474591208,-1.1770638782588916,True,False,False,False,True,False,0
-1.2624263343788882,-0.4656410247931123,1.0397284305192127,-1.2184705569895626,0.8084361535388619,0,1,0.7205250071644689,0,-0.7200100474591208,0.7745805583803169,False,False,False,True,False,False,0
0.13856735654726,-1.1311480787570314,-1.042417869490058,1.142125047017135,-0.9166876736979732,0,0,1.513975095349637,0,-1.4321861577055308,-1.5504992602126355,False,True,False,False,False,False,0
-2.2483107835491403,0.4850833380124864,-0.6953934861551795,1.211031382316933,-0.9166876736979732,1,0,1.1654321658738542,0,0.7043421730336995,-0.8658677266307718,True,True,False,True,False,False,0
-1.6982910382225789,-0.7508583336347919,1.0397284305192127,0.3440194906295395,-0.9166876736979732,0,0,0.4134418100986393,0,-0.7200100474591208,0.4678300660611702,False,False,False,False,False,True,0
-0.4218301198231992,0.1047935928902469,-1.3894422528249364,-1.2184705569895626,0.8084361535388619,1,1,0.0367948928746369,0,-0.7200100474591208,1.7081690132646763,True,False,False,False,False,True,0
-0.6812733959206341,-0.9410032061959116,-1.042417869490058,0.9021888418004752,-0.9166876736979732,1,1,-1.1171745848927264,0,-0.0078339372127105,-0.8169654742320672,True,False,True,False,False,False,0
0.0036568529765938,0.8653730831347259,-0.348369102820301,-0.2660358735881749,-0.9166876736979732,1,0,1.1042776826755518,1,1.4165182832801098,0.6412107791111227,True,False,False,False,False,True,0
-0.4840965060865836,0.009721156609687,1.7337771971889695,0.4677705097214643,0.8084361535388619,1,0,0.653566157951439,0,-1.4321861577055308,0.8501567666328603,True,False,True,False,True,False,0
-0.1104981885062774,1.7210250096597648,-0.0013447194854226,-1.2184705569895626,0.8084361535388619,1,1,0.3828177983563667,0,-0.0078339372127105,0.5033953405329553,True,False,False,False,False,True,0
0.6470761776982322,1.2456628282569653,-1.042417869490058,-1.2184705569895626,-0.9166876736979732,0,1,0.7582985916029913,1,-1.4321861577055308,-0.0123011393079289,False,False,False,False,False,True,0
0.13856735654726,-0.2754961522319926,-1.3894422528249364,-1.2184705569895626,0.8084361535388619,0,1,0.3664122578563776,0,-0.7200100474591208,-1.1414986037871064,True,False,False,False,True,False,0
2.0273144065365853,2.5766769361848034,0.6927040471843343,0.7630603880857068,-0.9166876736979732,0,1,-0.8219397081731586,0,-1.4321861577055308,0.6678847349649615,True,False,False,True,False,False,0
-1.708668769266476,0.5801557742930463,-1.042417869490058,-1.2184705569895626,0.8084361535388619,1,0,-0.399120749286353,0,-1.4321861577055308,-1.097042010697375,True,False,False,False,False,True,0
0.7093425639616167,2.006242318501444,1.3867528138540912,0.637533269931162,0.8084361535388619,0,0,0.9931403474169264,1,-1.4321861577055308,-1.4793687112690652,True,True,False,False,True,False,0
0.0140345840204912,-0.6557858973542321,-0.348369102820301,0.1228172638695607,-0.9166876736979732,0,1,-1.3302652684213017,0,-0.7200100474591208,-0.176790533739935,False,False,False,False,False,True,0
-1.2728040654227857,-0.9410032061959116,1.0397284305192127,-1.2184705569895626,0.8084361535388619,1,0,-1.401177498728355,0,-0.0078339372127105,-0.5813455308564909,False,False,False,False,False,True,0
-2.0096229695395005,0.4850833380124864,0.6927040471843343,0.1326419272320851,-0.9166876736979732,1,0,1.3598365254917892,0,1.4165182832801098,-0.6258021239462223,True,True,False,False,False,False,0
-0.785050706359608,-0.2754961522319926,0.3456796638494558,-1.2184705569895626,0.8084361535388619,1,1,-0.9061461343290644,0,-0.7200100474591208,1.067994072772544,True,False,False,False,True,False,0
0.1904560117667469,-0.1804237159514327,-1.042417869490058,-1.2184705569895626,0.8084361535388619,1,1,-0.8032911133370804,0,1.4165182832801098,-0.8880960231756375,True,False,False,False,False,True,0
2.058447599668278,-1.1311480787570314,0.3456796638494558,0.3290671477772951,0.8084361535388619,0,0,0.909477080841359,0,-0.7200100474591208,0.0277097944728293,True,False,False,False,True,False,0
-0.6086292786133524,-0.3705685885125524,-0.348369102820301,1.3695097572535406,-0.9166876736979732,1,1,-1.3982852261230652,0,-1.4321861577055308,-0.9592265721192078,True,False,True,True,False,False,0
1.0206744952785385,0.009721156609687,0.6927040471843343,0.6958981298695761,-0.9166876736979732,1,0,-0.2323478077177393,0,-1.4321861577055308,1.3836358837096372,False,False,True,False,False,True,0
-1.127515830808222,-1.321292951318151,-1.3894422528249364,1.128196286722119,-0.9166876736979732,0,1,1.060172916112051,0,-0.0078339372127105,0.4411561102073313,False,True,False,False,True,False,0
-0.048231802242893,1.2456628282569653,0.6927040471843343,0.863168139127689,-0.9166876736979732,1,1,1.5713215500176685,1,0.7043421730336995,-1.3237706354550052,True,True,False,False,False,True,0
0.9999190331907436,-1.7966551327209506,0.6927040471843343,-1.2184705569895626,0.8084361535388619,0,0,-1.5585214751236915,0,0.7043421730336995,0.525623637077821,False,False,False,True,False,False,0
-1.6152691898713996,0.1998660291708067,-1.3894422528249364,1.5998486551582414,0.8084361535388619,1,0,1.424084618937517,0,-1.4321861577055308,0.6545477570380421,False,False,False,False,False,False,0
0.7093425639616167,0.3900109017319265,0.3456796638494558,0.988228536938996,0.8084361535388619,1,0,1.2540393321507388,0,0.7043421730336995,-0.4479757515872966,False,False,False,True,False,False,0
0.9065194537956672,-1.1311480787570314,0.3456796638494558,-1.2184705569895626,-0.9166876736979732,1,1,-0.7451737337077111,0,-0.7200100474591208,0.618982482566257,False,False,False,False,False,True,0
0.0970564323716704,0.2949384654513666,-0.6953934861551795,-1.2184705569895626,0.8084361535388619,1,0,-1.120429717307288,0,-0.0078339372127105,-0.6302477832551954,False,False,True,False,True,False,0
-0.2246532299891487,-1.226220515037591,0.6927040471843343,-1.2184705569895626,0.8084361535388619,1,1,-1.630428918439021,0,-0.7200100474591208,0.7523522618354512,True,False,True,False,False,False,0
1.3423841576393576,0.8653730831347259,-1.736466636159815,-0.3042597093147194,-0.9166876736979732,1,0,-0.2571006886313119,1,-1.4321861577055308,0.1744165516689429,False,False,False,False,False,False,0
0.9480303779712568,3.242183990148723,0.3456796638494558,-1.2184705569895626,0.8084361535388619,0,1,0.1292888492982757,0,0.7043421730336995,-0.3057146537001561,False,False,False,True,False,False,0
0.4914102120397713,0.009721156609687,1.3867528138540912,-1.2184705569895626,-0.9166876736979732,1,0,-0.3384727397940445,0,-0.7200100474591208,1.597027530540348,True,False,False,False,False,False,0
0.3564997084691052,-0.4656410247931123,-1.3894422528249364,-1.2184705569895626,0.8084361535388619,1,0,-0.2286835669508935,0,-0.7200100474591208,1.6592667608659717,False,False,False,False,False,False,0
0.6470761776982322,-0.5607134610736721,1.0397284305192127,0.7351453880434538,-0.9166876736979732,0,0,1.0794319569425492,0,1.4165182832801098,-0.4568670702052429,True,False,True,False,False,False,0
0.4914102120397713,-0.3705685885125524,-0.0013447194854226,-1.2184705569895626,0.8084361535388619,1,1,-0.3830987587332989,0,-0.7200100474591208,1.3702989057827175,True,False,False,False,False,True,0
-1.376581375861759,-0.4656410247931123,-0.0013447194854226,-1.2184705569895626,-0.9166876736979732,1,0,-0.5555334956201364,0,-0.7200100474591208,0.272221056466352,True,False,False,False,True,False,0
-0.3699414646037122,2.5766769361848034,-1.3894422528249364,0.9565008399727216,-0.9166876736979732,1,0,1.450208612671367,1,-0.7200100474591208,-1.354890250617817,False,False,False,False,False,False,0
-0.7227843200962236,0.1047935928902469,-0.6953934861551795,0.545146818564186,-0.9166876736979732,1,1,1.5878613156124148,1,-1.4321861577055308,0.3522429240278685,False,True,False,True,False,False,0
0.3357442463813104,-0.5607134610736721,-0.348369102820301,1.034285429047092,-0.9166876736979732,1,0,0.0543618629510213,0,1.4165182832801098,1.6903863760287838,True,False,False,False,True,False,0
-0.8992057478424793,-0.2754961522319926,0.3456796638494558,0.4817700385899667,-0.9166876736979732,1,0,0.8544557455932577,0,1.4165182832801098,-1.6438581057010713,True,False,False,False,False,False,0
0.2527223980301313,-0.8459307699153518,-0.0013447194854226,-1.2184705569895626,0.8084361535388619,0,1,0.9989895710410416,0,0.7043421730336995,0.0054814979279636,False,False,True,False,False,True,0
-0.2972973472964305,0.1047935928902469,-0.0013447194854226,0.6834519872000768,-0.9166876736979732,1,0,1.6071561729837418,0,-0.0078339372127105,0.5522975929316599,True,False,False,False,False,True,0
1.61220516478069,-0.7508583336347919,-1.3894422528249364,0.2779240446422228,0.8084361535388619,0,0,1.2579499420358111,0,1.4165182832801098,-0.0434207544707409,False,True,False,False,True,False,0
-0.4529633129548914,0.4850833380124864,-0.0013447194854226,0.8012811817242509,-0.9166876736979732,0,1,0.5562587018537731,1,-1.4321861577055308,0.9390699528123232,False,True,False,False,False,False,0
-1.158649023939914,2.386532063623684,-1.3894422528249364,0.2524540828029146,-0.9166876736979732,0,1,-0.0871122562564326,0,1.4165182832801098,-0.6258021239462223,True,True,False,False,False,True,0
0.3461219774252078,-1.7966551327209506,-0.348369102820301,0.458199300322352,0.8084361535388619,1,0,-1.0734521512092392,0,1.4165182832801098,1.3436249499288788,True,False,False,False,False,False,0
-0.8888280167985819,-1.606510260159831,0.6927040471843343,1.1023984198183332,0.8084361535388619,1,0,0.0315517685773651,0,0.7043421730336995,0.4055908357355463,True,True,False,False,False,False,0
0.5432988672592584,0.5801557742930463,0.3456796638494558,-1.2184705569895626,-0.9166876736979732,1,1,0.6486646817256672,0,1.4165182832801098,0.4189278136624657,False,False,False,True,False,False,0
0.9480303779712568,-0.3705685885125524,0.3456796638494558,0.0526151591914358,-0.9166876736979732,1,1,1.6157328435786524,0,-0.0078339372127105,-0.0967686661784185,True,False,True,False,False,False,0
0.8442530675322827,-0.5607134610736721,-0.6953934861551795,-1.2184705569895626,-0.9166876736979732,1,1,-1.6128668166303222,0,-1.4321861577055308,1.1035593472443292,True,False,False,False,False,True,0
-1.2209154102032984,-0.0853512796708728,-0.6953934861551795,-1.2184705569895626,-0.9166876736979732,0,0,0.7564415213476803,0,1.4165182832801098,0.841265448014914,True,False,False,False,True,False,0
0.4914102120397713,-0.9410032061959116,1.3867528138540912,0.8240662607382573,0.8084361535388619,1,0,1.1184066125657628,0,-1.4321861577055308,1.3080596754570937,False,False,True,False,False,True,0
0.2942333222057209,-0.1804237159514327,1.7337771971889695,0.7637904892058319,-0.9166876736979732,1,0,-0.3243387677694452,1,0.7043421730336995,1.7348429691185152,False,False,False,True,False,False,0
-0.5567406233938653,0.009721156609687,-0.0013447194854226,-1.2184705569895626,0.8084361535388619,1,1,-0.3012732632090035,0,-0.0078339372127105,1.419201158181422,False,False,True,False,False,True,0
-0.1104981885062774,-0.2754961522319926,-0.0013447194854226,-0.1554586966374528,-0.9166876736979732,1,0,-1.205324307873878,0,-1.4321861577055308,-1.701651676717722,False,False,False,False,False,True,0
0.5848097914348479,-0.0853512796708728,1.0397284305192127,0.3768786842221128,-0.9166876736979732,1,0,-1.5300629731679465,0,-0.7200100474591208,-0.8658677266307718,True,False,True,False,False,False,0
0.7923644123127958,-0.4656410247931123,-0.348369102820301,0.4839472129389709,-0.9166876736979732,1,0,-0.2043044994488853,0,1.4165182832801098,0.4544930881342508,True,False,False,True,False,False,0
0.0036568529765938,-1.0360756424764714,1.0397284305192127,1.2924320533645544,0.8084361535388619,1,0,1.7007680923080124,0,1.4165182832801098,0.6323194604931764,True,False,True,False,True,False,0
-1.0548717135009402,0.4850833380124864,1.3867528138540912,-1.2184705569895626,0.8084361535388619,1,0,-1.2896437473867683,0,0.7043421730336995,-1.381564206471656,True,False,False,False,False,True,0
0.2838555911618235,0.009721156609687,0.6927040471843343,0.2415379502877823,-0.9166876736979732,0,1,-1.6405354421540963,0,0.7043421730336995,0.1077316620343458,False,False,True,False,True,False,0
-0.2972973472964305,-1.7015826964403906,1.7337771971889695,-1.2184705569895626,0.8084361535388619,0,1,0.6158360401886799,0,-0.7200100474591208,-1.4304664588703606,True,False,False,False,True,False,0
-1.5633805346519123,-0.0853512796708728,1.3867528138540912,0.2061454979402489,0.8084361535388619,0,1,0.5732694723470906,0,1.4165182832801098,-0.3768452026437264,True,True,False,True,False,False,0
-0.7020288580084288,-0.5607134610736721,-0.6953934861551795,-1.2184705569895626,0.8084361535388619,0,1,-0.718559088137845,0,-0.0078339372127105,0.9123959969584844,True,False,False,False,False,True,0
-0.4840965060865836,-0.5607134610736721,1.3867528138540912,0.8333828954046947,-0.9166876736979732,0,0,0.8239807376155017,0,-1.4321861577055308,-0.776954540451309,True,False,False,False,False,False,0
0.5225434051714636,-1.226220515037591,-1.042417869490058,-0.0771865729335252,-0.9166876736979732,1,1,0.1445845986326763,1,1.4165182832801098,-1.381564206471656,True,False,False,False,True,False,0
-2.3832212871198064,1.4358077008180852,-0.6953934861551795,1.023298848178264,-0.9166876736979732,0,1,-0.2448098775257792,0,-0.7200100474591208,1.0546570948456246,True,False,False,False,False,True,0
-0.1831423058135592,-0.1804237159514327,-1.3894422528249364,0.2176646043190633,0.8084361535388619,1,1,1.6125891597207478,0,-0.7200100474591208,0.525623637077821,True,True,False,True,False,False,0
1.165962729893102,-0.8459307699153518,-0.0013447194854226,-1.2184705569895626,0.8084361535388619,0,1,0.0821410676979378,0,-0.0078339372127105,1.1969181927327652,True,False,False,False,False,False,0
0.7300980260494114,-1.7966551327209506,0.3456796638494558,-1.2184705569895626,0.8084361535388619,1,0,1.652689776112934,0,1.4165182832801098,-0.2834863571552904,True,False,False,False,False,False,0
0.3564997084691052,0.5801557742930463,-0.6953934861551795,-0.0292563950566871,2.533559980775697,1,0,-0.6176407683511703,1,0.7043421730336995,-1.6838690394818296,True,False,True,True,False,False,0
1.2801177713759733,-0.6557858973542321,1.0397284305192127,0.7295742041452367,-0.9166876736979732,0,1,0.4427880754401739,0,-0.0078339372127105,-0.2923776757732367,True,True,False,False,False,True,0
0.0451677771521834,-0.3705685885125524,0.3456796638494558,-1.2184705569895626,0.8084361535388619,1,0,-1.7203418236558352,0,-0.7200100474591208,0.1077316620343458,True,False,False,False,False,True,0
1.6537160889562794,-0.8459307699153518,0.3456796638494558,-1.2184705569895626,0.8084361535388619,1,1,1.3937160173820295,0,-0.7200100474591208,-1.6883146987908026,True,False,False,False,False,True,0
1.0310522263224358,-0.4656410247931123,1.3867528138540912,0.5189339468131717,0.8084361535388619,1,1,-1.2750248611273538,0,1.4165182832801098,-1.5238253043587966,True,True,False,False,False,True,0
0.1489450875911573,0.6752282105736062,-0.0013447194854226,0.7648617845116996,-0.9166876736979732,1,1,1.3459503135190405,0,-0.7200100474591208,0.6011998453303644,True,False,False,False,True,False,0
0.0451677771521834,0.5801557742930463,0.6927040471843343,1.118065493240805,-0.9166876736979732,1,1,1.720599676191665,0,-1.4321861577055308,-0.8792047045576913,False,False,False,False,True,False,0
0.0763009702838756,0.3900109017319265,-1.3894422528249364,0.4800779972220979,0.8084361535388619,1,0,-1.278453338644859,0,1.4165182832801098,0.6278738011842032,True,False,False,True,False,False,0
-0.4529633129548914,2.5766769361848034,1.0397284305192127,0.7658570276175543,-0.9166876736979732,1,1,-0.6028497540557329,0,1.4165182832801098,1.4058641802545029,True,False,True,False,True,False,0
1.0206744952785385,0.770300646854166,0.6927040471843343,0.7248817033494858,0.8084361535388619,1,0,-0.7990511999164255,1,-0.7200100474591208,0.872385063177726,False,False,False,False,False,False,0
-1.521869610476323,0.9604455194152858,0.6927040471843343,0.062428294641537,-0.9166876736979732,0,0,0.6041662809464532,0,1.4165182832801098,0.5300692963867942,True,False,False,True,False,False,0
-0.5671183544377627,0.2949384654513666,-0.348369102820301,-0.1819171769670355,-0.9166876736979732,1,1,0.1114456050307395,0,1.4165182832801098,-1.6127384905382594,False,False,False,False,False,True,0
1.248984578244281,1.1505903919764056,1.3867528138540912,1.0860058884626846,-0.9166876736979732,0,1,-0.9346340197576254,1,-1.4321861577055308,1.4681034105801267,False,True,False,False,False,False,0
0.0451677771521834,-0.6557858973542321,-0.0013447194854226,0.9744445159888464,-0.9166876736979732,1,0,0.5804190450433404,0,-1.4321861577055308,1.725951650500569,True,False,True,True,False,False,0
-0.0170986091112009,-1.321292951318151,0.6927040471843343,1.3528793025942722,0.8084361535388619,1,1,-1.2525317257533632,0,-0.0078339372127105,-1.506042667122904,True,False,True,False,False,False,0
-0.7020288580084288,0.1998660291708067,-0.6953934861551795,-1.2184705569895626,0.8084361535388619,1,1,1.037361604671473,0,0.7043421730336995,0.841265448014914,False,False,False,False,False,True,0
-0.7124065890523262,0.1047935928902469,1.3867528138540912,0.5859846084326518,-0.9166876736979732,0,0,-1.238237970228658,0,-0.0078339372127105,-1.3593359099267903,True,False,False,False,False,False,0
0.1904560117667469,-1.321292951318151,0.6927040471843343,-1.2184705569895626,0.8084361535388619,1,1,0.770091970071089,0,-0.7200100474591208,1.4814403885070462,True,False,False,True,False,False,0
-1.5322473415202202,0.2949384654513666,-0.6953934861551795,0.942003849661187,0.8084361535388619,0,0,0.6041454169420871,0,-0.7200100474591208,1.6814950574108374,True,False,False,False,False,False,0
0.3876329016007974,0.009721156609687,-0.348369102820301,-1.2184705569895626,0.8084361535388619,1,0,1.6635767874580154,0,-0.7200100474591208,1.6103645084672673,True,False,False,True,False,False,0
0.1904560117667469,1.7210250096597648,-0.6953934861551795,1.5926741307738554,0.8084361535388619,1,0,-0.0238117363423448,1,1.4165182832801098,1.0502114355366516,False,False,True,False,False,False,0
-1.7294242313542707,-0.1804237159514327,-0.0013447194854226,-1.2184705569895626,0.8084361535388619,0,1,1.2135057876679505,0,0.7043421730336995,0.5700802301675525,True,False,False,False,False,True,0
-1.127515830808222,-0.1804237159514327,-0.6953934861551795,0.7397479070783469,0.8084361535388619,0,0,-1.1550415357507884,0,-0.0078339372127105,0.3433516054099223,False,True,False,False,False,False,0
1.5084278543417158,-0.1804237159514327,-0.348369102820301,-0.0134242483327132,-0.9166876736979732,1,0,-0.25435863685746,0,0.7043421730336995,-1.3637815692357635,True,False,False,False,True,False,0
-0.2246532299891487,-1.0360756424764714,1.0397284305192127,0.4855110062811334,-0.9166876736979732,1,1,-1.3924366979657623,0,1.4165182832801098,-1.5149339857408504,False,True,False,False,False,False,0
0.719720295005514,0.6752282105736062,-1.3894422528249364,0.6350307522759968,0.8084361535388619,0,0,0.0438057199418503,0,-0.0078339372127105,0.8768307224866991,True,False,False,False,False,False,0
0.5121656741275662,-0.8459307699153518,-1.042417869490058,-1.2184705569895626,0.8084361535388619,1,0,0.2646136509521448,0,-1.4321861577055308,-0.3501712467898875,False,False,True,False,False,False,0
0.667831639786027,-0.9410032061959116,1.7337771971889695,0.1896381677900542,-0.9166876736979732,1,1,1.427453460175875,0,-1.4321861577055308,0.2366557819945669,False,False,False,True,False,False,0
0.1593228186350548,-0.3705685885125524,-0.348369102820301,0.3439669745840568,0.8084361535388619,0,0,-0.7514141574136959,0,0.7043421730336995,-1.057031076916617,True,False,True,True,False,False,0
0.13856735654726,-0.3705685885125524,1.0397284305192127,0.557701195522546,-0.9166876736979732,1,0,1.1971887453198151,0,-1.4321861577055308,-0.5324432784577863,True,False,False,False,True,False,0
1.6640938200001767,-1.321292951318151,-0.0013447194854226,-0.3407873408161314,-0.9166876736979732,1,0,0.5429686788057938,0,-0.0078339372127105,1.6814950574108374,True,True,False,False,True,False,0
2.058447599668278,-0.2754961522319926,0.3456796638494558,-1.2184705569895626,0.8084361535388619,1,1,1.560691165926294,0,-1.4321861577055308,1.6503754422480257,False,False,False,True,False,False,0
0.034790046108286,-0.2754961522319926,-1.3894422528249364,0.9512708502602476,-0.9166876736979732,1,0,-0.2506693592853745,0,0.7043421730336995,0.7656892397623706,False,False,True,False,False,False,0
-0.2869196162525331,0.5801557742930463,-0.6953934861551795,-0.1194831240531879,-0.9166876736979732,1,0,1.1748350510416734,1,-0.7200100474591208,-0.239029764065559,False,False,False,False,False,False,0
0.8027421433566931,0.1047935928902469,-0.0013447194854226,0.5999713285095729,0.8084361535388619,1,0,0.0515478303621057,0,0.7043421730336995,1.725951650500569,True,True,False,False,False,True,0
-0.4529633129548914,-1.0360756424764714,-0.348369102820301,-1.2184705569895626,0.8084361535388619,1,0,-1.556657450200258,1,1.4165182832801098,-0.9592265721192078,False,False,True,False,True,False,0
-0.0067208780673035,-0.3705685885125524,-1.3894422528249364,1.402540908873091,2.533559980775697,1,1,-1.231807510216236,1,0.7043421730336995,-0.6213564646372491,False,True,False,False,False,False,0
-1.1690267549838116,0.3900109017319265,-0.6953934861551795,0.6423346454553526,2.533559980775697,1,0,-0.7759206692090421,1,0.7043421730336995,-1.5238253043587966,False,True,False,False,False,False,0
-1.137893561852119,-0.6557858973542321,0.6927040471843343,0.5086624167343605,-0.9166876736979732,1,0,0.4324299666057805,0,-0.7200100474591208,0.272221056466352,True,False,False,False,False,False,0
-0.0378540711989956,0.9604455194152858,-0.0013447194854226,-1.2184705569895626,-0.9166876736979732,1,0,0.8609034184092819,1,0.7043421730336995,-0.2568124013014516,True,False,True,True,False,False,0
-0.9614721341058636,-0.4656410247931123,-0.348369102820301,-1.2184705569895626,0.8084361535388619,1,1,-0.5860926550821702,0,-0.7200100474591208,0.7879175363072363,True,False,False,True,False,False,0
0.5121656741275662,0.009721156609687,1.3867528138540912,-1.2184705569895626,0.8084361535388619,1,1,0.1671309372178011,0,-1.4321861577055308,0.3833625391906806,False,False,True,True,False,False,0
-0.6708956648767367,0.2949384654513666,-1.3894422528249364,-1.2184705569895626,-0.9166876736979732,0,0,0.3925148659857521,0,1.4165182832801098,0.5345149556957673,True,False,False,False,True,False,0
0.5432988672592584,-0.5607134610736721,-1.736466636159815,0.8709489996835476,0.8084361535388619,1,1,-0.4455669787398712,0,-0.7200100474591208,0.3878081984996537,False,False,False,False,False,True,0
1.4357837370344342,-0.1804237159514327,-0.6953934861551795,-1.2184705569895626,2.533559980775697,0,0,-0.0266706265406482,0,-0.0078339372127105,0.7345696245995587,False,False,True,False,True,False,0
1.2904955024198703,-0.5607134610736721,-1.042417869490058,-1.2184705569895626,0.8084361535388619,1,1,1.329901373627013,0,-0.7200100474591208,-0.3146059723181024,True,False,True,True,False,False,0
-0.7020288580084288,-0.8459307699153518,-0.0013447194854226,-1.2184705569895626,0.8084361535388619,1,1,1.4738730880238262,0,-0.7200100474591208,-0.1901275116668545,False,False,True,False,False,True,0
0.2631001290740287,1.8160974459403243,-1.3894422528249364,0.2228843469982729,-0.9166876736979732,0,1,-1.6942094843202389,0,0.7043421730336995,-1.1192703072422407,False,False,False,True,False,False,0
2.058447599668278,0.8653730831347259,0.3456796638494558,0.5741676976495761,-0.9166876736979732,1,0,0.1968955258468817,0,1.4165182832801098,-0.714715310125685,False,True,False,True,False,False,0
0.6989648329177193,0.770300646854166,1.3867528138540912,0.645105987623827,-0.9166876736979732,1,0,-0.6499132103050901,1,1.4165182832801098,0.7567979211444243,False,False,True,False,False,False,0
0.1178118944594652,-1.1311480787570314,1.3867528138540912,-1.2184705569895626,0.8084361535388619,1,0,0.8766185342314472,0,1.4165182832801098,0.7212326466726392,False,False,False,False,False,False,0
-1.3869591069056568,1.9111698822208845,-0.0013447194854226,1.0034088762813846,-0.9166876736979732,0,1,0.4075559006001799,0,0.7043421730336995,1.605918849158294,True,False,False,False,True,False,0
-0.7227843200962236,-0.5607134610736721,0.3456796638494558,-1.2184705569895626,0.8084361535388619,0,1,-0.4774442216777512,0,0.7043421730336995,-0.585791190165464,True,False,True,False,False,False,0
-0.7954284374035054,0.770300646854166,1.3867528138540912,0.509370422689008,0.8084361535388619,1,1,-0.6429435896465001,1,1.4165182832801098,-1.666086402245937,True,True,False,False,False,False,0
-1.3039372585544775,2.5766769361848034,0.6927040471843343,0.8956941440292581,0.8084361535388619,1,1,1.007289793578098,0,0.7043421730336995,0.8101458328521021,True,False,True,False,True,False,0
0.1178118944594652,-0.1804237159514327,0.6927040471843343,1.0811210956833217,0.8084361535388619,0,1,1.3223564280480202,0,-0.0078339372127105,-1.1770638782588916,True,True,False,False,False,True,0
0.4498992878641817,0.009721156609687,-0.348369102820301,-0.1694113133067891,-0.9166876736979732,1,1,-1.7245372272005084,0,1.4165182832801098,-0.5013236632949744,True,False,True,False,True,False,0
-0.7435397821840184,-0.3705685885125524,-1.3894422528249364,0.4162087192115836,-0.9166876736979732,0,1,1.1797648675400436,0,0.7043421730336995,0.7612435804533975,False,False,False,False,False,False,0
0.2734778601179261,0.3900109017319265,0.6927040471843343,1.632675666661967,-0.9166876736979732,0,0,0.1734252596017323,0,-0.0078339372127105,1.094668028626383,False,False,False,False,False,False,0
-0.2972973472964305,0.3900109017319265,-0.348369102820301,0.7594713646846715,0.8084361535388619,0,0,0.9471776412645988,0,1.4165182832801098,-0.8836503638666644,False,False,True,True,False,False,0
1.7886265925269456,3.622473735270962,-0.6953934861551795,-0.7778937579183394,0.8084361535388619,0,1,-1.698414798266986,0,1.4165182832801098,1.3658532464737445,True,True,False,False,False,False,0
0.8546307985761801,0.3900109017319265,0.6927040471843343,0.5076048908794425,-0.9166876736979732,0,0,1.4270003635477184,0,-0.7200100474591208,-1.2437487678934886,True,False,False,False,False,False,0
-0.1104981885062774,1.3407352645375252,-1.736466636159815,0.7642586505381227,0.8084361535388619,0,1,1.0376253604600048,0,1.4165182832801098,-1.706097336026695,False,False,False,False,False,True,0
1.2801177713759733,-1.1311480787570314,-0.348369102820301,-1.2184705569895626,-0.9166876736979732,1,1,-1.03666334777681,0,-1.4321861577055308,1.4058641802545029,True,False,True,False,False,False,0
-0.2454086920769435,-0.5607134610736721,1.0397284305192127,1.2175036647028834,-0.9166876736979732,1,1,-1.1867664714567936,0,1.4165182832801098,0.3878081984996537,True,True,False,False,False,True,0
-1.8332015417932448,0.1047935928902469,0.6927040471843343,1.3563860295093988,-0.9166876736979732,0,1,1.2033460607417408,1,1.4165182832801098,-1.7238799732625878,True,False,False,True,False,False,0
-1.0444939824570427,1.9111698822208845,-1.042417869490058,1.4548568169873113,-0.9166876736979732,1,0,1.026725830712304,1,0.7043421730336995,0.2099818261407281,False,False,False,False,False,True,0
-0.1208759195501748,1.0555179556958456,1.3867528138540912,0.663861901136091,0.8084361535388619,0,0,-0.3107262219873021,0,0.7043421730336995,-0.6391391018731417,False,False,False,True,False,False,0
1.1555849988492046,0.009721156609687,0.6927040471843343,-1.2184705569895626,0.8084361535388619,1,0,-1.4078428526566018,0,-0.7200100474591208,-1.314879316837059,False,False,True,False,True,False,0
1.0829408815419228,2.006242318501444,-1.042417869490058,-1.2184705569895626,-0.9166876736979732,1,1,1.148949428557709,1,-0.0078339372127105,1.1168963251712487,True,False,False,False,False,False,0
-0.0378540711989956,-0.1804237159514327,0.3456796638494558,0.8910319040036178,-0.9166876736979732,1,0,-0.2353567448807777,0,1.4165182832801098,1.0768853913904903,True,True,False,False,False,True,0
1.5084278543417158,0.6752282105736062,1.0397284305192127,-1.2184705569895626,-0.9166876736979732,0,0,1.0820948993665114,0,1.4165182832801098,1.605918849158294,False,False,False,False,False,True,0
0.3876329016007974,1.530880137098645,-1.3894422528249364,0.0031168650052767,-0.9166876736979732,1,0,-1.0095837826429797,1,-0.0078339372127105,1.3391792906199056,False,True,False,True,False,False,0
-0.733162051140121,-0.8459307699153518,-1.736466636159815,-0.3652151473504191,-0.9166876736979732,0,0,1.671745566767563,0,-1.4321861577055308,-1.3015423389101397,True,False,True,False,True,False,0
0.429143825776387,-0.1804237159514327,-1.3894422528249364,-1.2184705569895626,0.8084361535388619,1,1,-0.3053749526007313,0,-1.4321861577055308,-0.4657583888231892,True,False,False,False,False,False,0
-0.7020288580084288,2.5766769361848034,-0.0013447194854226,-1.2184705569895626,-0.9166876736979732,1,0,-0.884597442886059,1,0.7043421730336995,0.7256783059816123,False,False,False,True,False,False,0
-0.8576948236668898,-1.321292951318151,1.3867528138540912,1.5587868715470008,0.8084361535388619,1,1,-0.9745268654396632,0,-0.0078339372127105,-1.5638362381395547,True,True,False,True,False,False,0
0.6055652535226427,-0.0853512796708728,-1.042417869490058,-1.2184705569895626,0.8084361535388619,1,0,-1.7444919087099222,0,-0.0078339372127105,0.4278191322804119,True,False,False,False,False,False,0
-0.2246532299891487,-0.6557858973542321,-0.348369102820301,0.0949749537195306,-0.9166876736979732,0,0,0.7979640196374358,0,1.4165182832801098,0.4500474288252776,True,False,True,True,False,False,0
-1.8747124659688343,1.8160974459403243,-0.348369102820301,0.6182072050836427,-0.9166876736979732,1,1,-1.11476826972247,0,-1.4321861577055308,1.3213966533840131,False,False,False,False,True,False,0
1.425406005990537,1.1505903919764056,-0.6953934861551795,0.4575132294232871,-0.9166876736979732,1,0,-0.4549380463010316,0,-1.4321861577055308,0.6767760535829078,True,True,False,False,False,False,0
-0.7020288580084288,-0.9410032061959116,0.6927040471843343,0.4659497399982052,-0.9166876736979732,0,1,0.6617147687234327,0,-0.7200100474591208,-0.6835956949628731,False,True,False,False,False,False,0
-1.6879133071786812,1.8160974459403243,-0.348369102820301,-1.2184705569895626,0.8084361535388619,1,1,1.5819788834480166,0,0.7043421730336995,-0.5368889377667595,True,False,True,False,False,True,0
0.3046110532496183,-0.0853512796708728,0.3456796638494558,1.6923968175189292,0.8084361535388619,1,1,-0.7461242629733028,0,-1.4321861577055308,-1.3237706354550052,True,True,False,False,False,True,0
0.5848097914348479,0.1998660291708067,-1.736466636159815,-1.2184705569895626,-0.9166876736979732,1,0,0.4862935234782506,0,1.4165182832801098,-1.2970966796011665,True,False,False,True,False,False,0
0.0763009702838756,2.671749372465364,0.3456796638494558,0.6614053350207231,-0.9166876736979732,1,1,-0.9625295413288844,1,-0.7200100474591208,0.9257329748854036,True,True,False,False,False,True,0
-0.4737187750426862,-1.1311480787570314,0.3456796638494558,1.5403883233198503,-0.9166876736979732,0,1,0.1915599044635855,0,0.7043421730336995,-1.666086402245937,False,True,False,False,False,False,0
-0.048231802242893,-0.5607134610736721,-0.348369102820301,-1.2184705569895626,-0.9166876736979732,1,0,0.9022247529236048,0,1.4165182832801098,-0.2168014675206933,False,False,False,True,False,False,0
0.875386260663975,-1.416365387598711,-1.736466636159815,-1.2184705569895626,0.8084361535388619,1,0,0.1551663000471961,1,-1.4321861577055308,-0.714715310125685,False,False,False,False,False,True,0
1.3423841576393576,-0.5607134610736721,-0.6953934861551795,0.210934224782753,-0.9166876736979732,1,0,-1.625171884805505,0,0.7043421730336995,1.539233959523697,True,False,False,False,False,False,0
-0.6397624717450445,1.1505903919764056,1.7337771971889695,0.1340516948554842,0.8084361535388619,1,1,1.5735945094266828,0,-0.0078339372127105,0.3700255612637611,False,False,True,False,True,False,0
0.6885871018738219,-0.2754961522319926,1.3867528138540912,-1.2184705569895626,-0.9166876736979732,1,0,-0.9479459500101892,0,-1.4321861577055308,1.476994729198073,True,False,False,False,False,False,0
0.325366515337413,0.3900109017319265,1.0397284305192127,-1.2184705569895626,-0.9166876736979732,1,0,-0.0639219154031989,0,-1.4321861577055308,-1.3237706354550052,True,False,False,False,False,True,0
0.771608950225001,0.8653730831347259,0.3456796638494558,0.3811263997302085,-0.9166876736979732,1,0,-0.6277987566103496,0,0.7043421730336995,1.3080596754570937,False,False,True,False,False,False,0
-0.152009112681867,-1.1311480787570314,0.6927040471843343,0.9565085252476706,-0.9166876736979732,1,1,0.0171564748980768,0,-0.0078339372127105,-0.5502259156936788,False,True,False,False,False,False,0
0.0970564323716704,0.770300646854166,-1.736466636159815,0.534630640566175,-0.9166876736979732,0,0,1.5281617489852617,1,0.7043421730336995,0.685667372200854,False,True,False,True,False,False,0
-0.0067208780673035,0.5801557742930463,0.3456796638494558,0.1699073451285707,-0.9166876736979732,1,0,-0.2531742568762618,1,-0.7200100474591208,0.7390152839085318,False,True,False,False,True,False,0
-0.5878738165255575,-0.3705685885125524,1.0397284305192127,-1.2184705569895626,-0.9166876736979732,1,0,-0.007224157404259,1,-1.4321861577055308,0.1699708923599698,True,False,True,False,False,True,0
0.1593228186350548,-1.416365387598711,-0.348369102820301,-1.2184705569895626,0.8084361535388619,0,0,1.3891695769638914,0,-0.0078339372127105,-0.9547809128102346,True,False,False,False,False,True,0
-0.2142754989452513,-0.1804237159514327,-1.042417869490058,0.7316955001409683,0.8084361535388619,0,1,-1.3437230728377276,0,-0.0078339372127105,-0.936998275574342,False,True,False,True,False,False,0
-0.4114523887793018,0.3900109017319265,-0.348369102820301,1.015004034860212,0.8084361535388619,1,1,-0.4051626172174511,0,-0.7200100474591208,-0.0745403696335528,False,False,False,True,False,False,0
-0.2557864231208409,-0.8459307699153518,0.3456796638494558,0.5807317230052264,-0.9166876736979732,1,1,0.3059671508065321,0,-0.0078339372127105,-1.163726900331972,True,True,False,True,False,False,0
-0.7539175132279158,0.2949384654513666,-1.736466636159815,1.093297293070249,-0.9166876736979732,1,1,-1.355016062934438,1,-0.7200100474591208,0.8546024259418334,True,True,False,False,False,True,0
-0.8784502857546845,0.5801557742930463,-0.348369102820301,-1.2184705569895626,0.8084361535388619,0,1,0.3585461804768455,0,-0.0078339372127105,-0.363508224716807,False,False,False,True,False,False,0
-0.5774960854816601,2.006242318501444,0.6927040471843343,0.7333966677728385,-0.9166876736979732,0,1,-1.2191055043579826,0,1.4165182832801098,0.7434609432175049,True,False,True,True,False,False,0
0.958408109015154,-0.9410032061959116,0.3456796638494558,0.7626818882944841,0.8084361535388619,1,0,0.7150572470868527,0,-0.0078339372127105,1.3747445650916907,True,True,False,False,False,False,0
1.1452072678053071,-1.0360756424764714,-0.6953934861551795,0.785398120053742,0.8084361535388619,1,1,0.097238956724264,0,-0.7200100474591208,-0.8569764080128255,True,True,False,True,False,False,0
1.1970959230247942,0.770300646854166,-0.0013447194854226,-1.2184705569895626,-0.9166876736979732,1,0,0.374390131525973,1,1.4165182832801098,-1.4838143705780382,True,False,True,True,False,False,0
-0.10012045746238,0.1047935928902469,0.3456796638494558,0.854992447571342,0.8084361535388619,0,1,-0.2491867979084401,1,0.7043421730336995,-1.501597007813931,False,True,False,True,False,False,0
0.0140345840204912,1.530880137098645,0.6927040471843343,-1.2184705569895626,0.8084361535388619,1,1,-1.0164988091568108,0,-0.7200100474591208,-0.1145513034143111,True,False,True,False,False,True,0
1.8924039029659196,0.9604455194152858,1.0397284305192127,1.352930377650702,0.8084361535388619,1,0,0.5014776503892914,0,-0.7200100474591208,0.7301239652905855,False,False,False,True,False,False,0
0.9376526469273592,-0.5607134610736721,-1.3894422528249364,0.9900525088601508,-0.9166876736979732,1,1,-0.8527151578137906,0,0.7043421730336995,1.5436796188326702,True,True,False,False,False,True,0
0.0555455081960808,-1.606510260159831,0.3456796638494558,-1.2184705569895626,2.533559980775697,0,1,1.181959413065981,1,1.4165182832801098,1.632592805012133,False,False,True,False,False,False,0
0.1800782807228495,-0.5607134610736721,1.0397284305192127,-1.2184705569895626,0.8084361535388619,0,1,0.4886829735783106,0,-1.4321861577055308,-0.1856818523578813,False,False,True,False,True,False,0
0.4706547499519766,0.1047935928902469,0.6927040471843343,0.8683113492772013,0.8084361535388619,0,1,0.2872244940841021,0,0.7043421730336995,1.0813310506994636,False,False,True,False,True,False,0
-0.1935200368574565,0.2949384654513666,1.7337771971889695,-1.2184705569895626,-0.9166876736979732,0,1,-0.3655220521215436,0,-0.7200100474591208,0.2366557819945669,True,False,True,False,False,True,0
0.3564997084691052,-0.7508583336347919,-1.3894422528249364,-1.2184705569895626,0.8084361535388619,1,0,-1.6626705859865003,0,-0.7200100474591208,-0.3768452026437264,False,False,False,False,True,False,0
-0.1831423058135592,0.1998660291708067,-0.348369102820301,-1.2184705569895626,0.8084361535388619,1,1,1.1148063547456404,0,0.7043421730336995,-1.314879316837059,False,False,True,False,False,False,0
-0.1208759195501748,0.3900109017319265,0.6927040471843343,0.901582665738898,-0.9166876736979732,0,0,-0.5363264409338513,1,1.4165182832801098,-1.2748683830563008,True,False,False,False,False,True,0
-0.5567406233938653,0.1998660291708067,1.0397284305192127,-1.2184705569895626,0.8084361535388619,1,1,1.0696825554355447,0,-0.0078339372127105,0.7656892397623706,True,False,True,False,True,False,0
0.4187660947324896,0.6752282105736062,-1.042417869490058,-1.2184705569895626,0.8084361535388619,1,1,0.0965273203086672,0,-1.4321861577055308,-1.163726900331972,True,False,True,False,True,False,0
0.0140345840204912,-0.5607134610736721,-1.3894422528249364,-1.2184705569895626,0.8084361535388619,0,0,-0.8180736081640682,0,0.7043421730336995,-0.1545622371950694,True,False,False,False,True,False,0
-0.2661641541647383,-0.6557858973542321,-1.736466636159815,-1.2184705569895626,0.8084361535388619,0,0,1.5081415197287968,0,0.7043421730336995,-0.5680085529295714,False,False,False,True,False,False,0
-1.075627175588735,-0.9410032061959116,-0.348369102820301,-1.2184705569895626,0.8084361535388619,0,1,-0.8999011900888001,0,0.7043421730336995,-0.4568670702052429,False,False,False,False,False,False,0
-0.8576948236668898,-1.0360756424764714,-0.6953934861551795,0.3831490680307654,-0.9166876736979732,1,0,-1.6564642401543137,1,-0.0078339372127105,0.3389059461009491,False,True,False,False,False,False,0
1.37351735077105,-0.7508583336347919,0.6927040471843343,-1.2184705569895626,0.8084361535388619,1,1,0.7436821394774196,0,-1.4321861577055308,0.2988950123201909,True,False,False,True,False,False,0
-0.1623868437257644,-0.4656410247931123,-0.6953934861551795,-1.2184705569895626,0.8084361535388619,1,1,-0.9680035606078108,0,1.4165182832801098,-0.3679538840257801,False,False,False,False,False,True,0
-0.0067208780673035,0.6752282105736062,-0.348369102820301,0.218404472142769,-0.9166876736979732,1,0,0.9735540894512824,1,1.4165182832801098,1.125787643789195,False,False,True,False,True,False,0
0.2112114738545417,-0.4656410247931123,0.3456796638494558,-1.2184705569895626,-0.9166876736979732,0,0,-1.350861344198279,0,-1.4321861577055308,0.7923631956162095,True,False,False,False,False,False,0
-0.3284305404281227,-0.6557858973542321,0.3456796638494558,-1.2184705569895626,0.8084361535388619,1,0,-0.7700938743896208,0,-1.4321861577055308,0.9390699528123232,True,False,False,True,False,False,0
1.9650480202732008,1.2456628282569653,-0.0013447194854226,-1.2184705569895626,-0.9166876736979732,0,0,1.4397627011519314,1,1.4165182832801098,0.7834718769982632,False,False,False,True,False,False,0
-0.9614721341058636,-0.4656410247931123,-1.736466636159815,-1.2184705569895626,-0.9166876736979732,1,0,1.4354026458394669,0,-0.0078339372127105,-0.5991281680923835,True,False,True,True,False,False,0
0.8650085296200775,0.4850833380124864,1.3867528138540912,0.713761750938319,-0.9166876736979732,1,0,-0.4450109530235072,0,-0.7200100474591208,-0.3857365212616727,True,False,False,False,False,True,0
0.2423446669862339,0.1047935928902469,0.6927040471843343,0.5941153091085704,0.8084361535388619,1,0,-1.1449805651119127,0,-0.0078339372127105,-0.0878773475604723,True,False,False,False,False,True,0
0.481032480995874,1.2456628282569653,-1.3894422528249364,0.5092232816957196,-0.9166876736979732,1,0,1.1902062585251996,1,0.7043421730336995,1.152461599643034,False,True,False,True,False,False,0
-1.895467928056629,-0.5607134610736721,-1.3894422528249364,0.8280304216227257,-0.9166876736979732,1,0,1.0961588031097806,0,-1.4321861577055308,1.4503207733442345,True,False,False,False,True,False,0
-2.165288935197961,-0.9410032061959116,1.3867528138540912,0.3670594645960106,0.8084361535388619,1,0,-1.5559485956519106,0,1.4165182832801098,-0.9636722314281808,False,True,False,False,True,False,0
0.2215892048984391,0.1998660291708067,-0.0013447194854226,-1.2184705569895626,-0.9166876736979732,1,1,-0.6046040690895397,0,1.4165182832801098,-0.6613673984180074,True,False,False,False,True,False,0
-0.0689872643306878,0.4850833380124864,1.7337771971889695,-1.2184705569895626,0.8084361535388619,0,1,1.1523177481959588,0,0.7043421730336995,1.703723353955703,True,False,False,False,True,False,0
0.9480303779712568,0.6752282105736062,1.3867528138540912,-1.2184705569895626,-0.9166876736979732,1,0,0.226110000227502,0,-0.7200100474591208,0.685667372200854,False,False,False,False,False,False,0
0.1593228186350548,-1.1311480787570314,0.6927040471843343,1.292240561930416,-0.9166876736979732,1,1,0.8514478516304376,0,0.7043421730336995,-1.4660317333421458,True,False,False,False,True,False,0
0.0659232392399782,0.3900109017319265,0.6927040471843343,1.0272365909300958,0.8084361535388619,1,0,-1.6983746350585809,0,0.7043421730336995,0.1610795737420235,False,False,False,False,False,False,0
-1.5322473415202202,0.2949384654513666,0.6927040471843343,0.8835699823581293,0.8084361535388619,1,1,0.8565802228378645,0,0.7043421730336995,0.8990590190315648,True,True,False,True,False,False,0
0.1074341634155678,-0.0853512796708728,-1.042417869490058,0.3262666656079735,-0.9166876736979732,1,0,0.3447449893218899,0,-0.7200100474591208,1.121341984480222,False,False,False,True,False,False,0
0.325366515337413,-0.6557858973542321,-1.736466636159815,0.9937854710565792,0.8084361535388619,1,1,1.5260678722803918,0,-1.4321861577055308,-0.7725088811423358,False,True,False,False,False,False,0
0.6885871018738219,-0.3705685885125524,-0.6953934861551795,0.3435641380888299,-0.9166876736979732,1,1,-0.815774742616299,0,-0.7200100474591208,0.6234281418752301,True,False,False,False,False,False,0
0.6263207156104375,-0.9410032061959116,-1.042417869490058,-1.2184705569895626,-0.9166876736979732,1,1,0.7640348018701222,0,0.7043421730336995,1.4369837954173148,False,False,False,True,False,False,0
-0.5567406233938653,2.386532063623684,-1.3894422528249364,-0.210099560533545,-0.9166876736979732,1,1,0.9013646343436008,0,1.4165182832801098,-1.4037925030165217,False,False,True,True,False,False,0
0.4498992878641817,-0.3705685885125524,0.6927040471843343,0.0601371220474606,0.8084361535388619,1,1,0.4789396574059133,0,1.4165182832801098,-0.8836503638666644,False,False,True,False,True,False,0
1.1555849988492046,1.8160974459403243,1.3867528138540912,1.79017929255925,-0.9166876736979732,0,1,-1.1232851301715303,0,1.4165182832801098,1.1746898961878995,False,False,False,False,True,False,0
0.7300980260494114,-0.0853512796708728,-0.6953934861551795,-1.2184705569895626,0.8084361535388619,0,1,1.174529219511003,0,-1.4321861577055308,-1.6216298091562056,False,False,False,False,False,False,0
-0.0586095332867904,0.3900109017319265,1.0397284305192127,1.0720916981680917,-0.9166876736979732,1,0,-0.6692770927575292,0,1.4165182832801098,-1.2748683830563008,False,False,False,False,False,False,0
-0.1831423058135592,1.9111698822208845,-0.6953934861551795,0.3142142331696995,-0.9166876736979732,0,0,-0.0433256657595189,1,-0.0078339372127105,0.4055908357355463,False,True,False,False,False,True,0
0.2734778601179261,0.3900109017319265,-1.3894422528249364,0.9147890101887378,-0.9166876736979732,1,0,0.1843247893494333,1,-1.4321861577055308,-0.1901275116668545,True,False,False,True,False,False,0
-0.1727645747696618,-0.5607134610736721,-1.3894422528249364,-1.2184705569895626,2.533559980775697,0,0,1.3498322353981087,1,1.4165182832801098,1.2902770382212012,True,False,False,False,False,False,0
-1.9266011211883207,0.1047935928902469,-0.348369102820301,0.2480089517945745,-0.9166876736979732,1,0,0.7090091199544444,1,-1.4321861577055308,1.6459297829390525,True,False,False,False,False,True,0
-1.2624263343788882,-1.321292951318151,1.3867528138540912,1.384281015814807,-0.9166876736979732,1,0,-0.6311754218503455,0,1.4165182832801098,-0.6924870135808193,True,False,False,False,False,True,0
1.0725631504980253,-0.5607134610736721,0.3456796638494558,0.2314894532923778,0.8084361535388619,1,1,-1.0053598649590054,0,0.7043421730336995,-0.1278882813412305,False,True,False,False,False,False,0
1.9442925581854065,-0.5607134610736721,1.7337771971889695,-0.0081609557621279,-0.9166876736979732,1,0,-0.6564662463431646,0,-0.0078339372127105,-0.4879866853680549,False,False,True,False,True,False,0
-1.7709351555298602,0.4850833380124864,-0.6953934861551795,1.4027608998684968,-0.9166876736979732,1,0,-0.0748942952994792,0,1.4165182832801098,-0.3412799281719413,True,True,False,False,True,False,0
1.352761888683255,-1.511437823879271,1.7337771971889695,0.3514495504059695,-0.9166876736979732,1,1,0.7329529990987107,0,-0.0078339372127105,-0.1856818523578813,True,False,True,False,True,False,0
-0.4114523887793018,-0.8459307699153518,1.3867528138540912,1.0696623507348335,-0.9166876736979732,1,0,0.0949183578386132,1,1.4165182832801098,0.6945586908188004,True,True,False,True,False,False,0
0.2008337428106443,-0.2754961522319926,-1.042417869490058,0.6499361829290752,-0.9166876736979732,0,0,1.6129713187340584,0,-0.0078339372127105,1.2813857196032548,True,True,False,True,False,False,0
1.0725631504980253,-0.9410032061959116,1.3867528138540912,0.6553898461645351,-0.9166876736979732,1,1,-1.3660550337779875,0,1.4165182832801098,-1.3593359099267903,True,False,False,False,True,False,0
0.325366515337413,-0.0853512796708728,-0.0013447194854226,0.8247968421880666,-0.9166876736979732,1,0,0.4071050642391631,0,0.7043421730336995,0.8857220411046454,False,False,False,False,True,False,0
1.456539199122229,0.770300646854166,-1.736466636159815,-1.2184705569895626,-0.9166876736979732,1,1,-1.6495326963036925,1,0.7043421730336995,-0.7191609694346582,True,False,True,False,False,False,0
1.6744715510440742,-1.321292951318151,-0.0013447194854226,0.7607508028537324,-0.9166876736979732,0,1,0.5655543112658084,0,-1.4321861577055308,-0.1990188302848008,False,True,False,True,False,False,0
-1.1794044860277089,-0.8459307699153518,1.0397284305192127,-1.2184705569895626,0.8084361535388619,1,1,-1.0299574829067517,0,-0.0078339372127105,-0.4968780039860012,False,False,True,True,False,False,0
1.404650543902742,0.2949384654513666,-1.042417869490058,-0.0259084971571665,0.8084361535388619,0,1,-0.976389847162878,0,-0.0078339372127105,-0.1678992151219888,False,True,False,True,False,False,0
-0.494474237130481,-0.4656410247931123,0.6927040471843343,-1.2184705569895626,0.8084361535388619,1,1,1.523894016892118,0,0.7043421730336995,0.6678847349649615,True,False,False,False,False,True,0
-0.3388082714720201,0.8653730831347259,-0.348369102820301,-1.2184705569895626,-0.9166876736979732,0,0,-1.431554619752292,1,1.4165182832801098,0.9123959969584844,False,False,False,True,False,False,0
0.0451677771521834,2.291459627343124,1.0397284305192127,-1.2184705569895626,0.8084361535388619,0,1,-0.7548746264045634,0,1.4165182832801098,0.6011998453303644,True,False,False,False,False,False,0
-0.1935200368574565,1.8160974459403243,-1.042417869490058,0.8331363261667576,0.8084361535388619,1,0,0.8207210846666605,1,0.7043421730336995,0.3300146274830028,True,True,False,False,True,False,0
-0.10012045746238,-0.8459307699153518,1.0397284305192127,0.6627289635207392,-0.9166876736979732,0,0,-0.6685778008778493,0,0.7043421730336995,-0.5368889377667595,True,False,False,False,False,False,0
-0.8265616305351976,0.770300646854166,-0.348369102820301,0.3722760050773247,-0.9166876736979732,1,0,1.6711817170495615,1,1.4165182832801098,-1.470477392651119,True,True,False,False,False,True,0
-1.677535576134784,-0.9410032061959116,-0.348369102820301,-1.2184705569895626,0.8084361535388619,1,0,-1.1882349496307807,0,0.7043421730336995,0.965743908666162,True,False,False,False,False,True,0
2.058447599668278,-0.4656410247931123,1.3867528138540912,0.2689386773480529,0.8084361535388619,1,0,-0.0515584280157901,0,0.7043421730336995,0.7834718769982632,False,False,False,False,False,True,0
-0.2557864231208409,-0.6557858973542321,1.7337771971889695,-1.2184705569895626,0.8084361535388619,1,0,0.0496620721007907,0,0.7043421730336995,-0.3234972909360487,True,False,False,False,False,False,0
-0.5152296992182758,-0.3705685885125524,0.6927040471843343,0.2321638361691247,0.8084361535388619,1,1,-0.8473546734919578,1,-0.0078339372127105,0.6990043501277735,True,True,False,True,False,False,0
0.5951875224787453,-1.606510260159831,-1.736466636159815,0.5899660611857548,-0.9166876736979732,0,0,0.952794057373326,0,-1.4321861577055308,1.4147554988724491,True,True,False,False,False,True,0
-0.2972973472964305,0.1998660291708067,-1.042417869490058,1.0616885577557842,-0.9166876736979732,1,0,-1.2457950864768643,0,0.7043421730336995,0.5434062743137136,True,False,True,False,False,False,0
-1.0341162514131454,-0.5607134610736721,-0.0013447194854226,1.0379833271765675,-0.9166876736979732,0,1,-1.556277203720681,0,1.4165182832801098,-1.2304117899665694,True,False,False,False,True,False,0
-0.3284305404281227,0.2949384654513666,-0.348369102820301,-1.2184705569895626,0.8084361535388619,1,0,-1.6378066042496768,0,1.4165182832801098,-0.9103243197205032,True,False,False,True,False,False,0
-0.8265616305351976,-0.8459307699153518,0.3456796638494558,0.6659695877907676,-0.9166876736979732,1,0,0.0071725272086539,0,0.7043421730336995,0.6278738011842032,True,False,False,False,False,False,0
1.8093820546147403,0.1998660291708067,-0.0013447194854226,1.1266023927197404,0.8084361535388619,0,0,1.3996857306313606,0,-0.0078339372127105,1.6770493981018644,True,False,True,True,False,False,0
-2.020000700583398,0.2949384654513666,-0.348369102820301,0.8112837271798584,-0.9166876736979732,0,1,0.4464046767303831,0,-0.0078339372127105,-1.2659770644383543,True,True,False,False,False,False,0
0.0555455081960808,-0.1804237159514327,-1.736466636159815,1.4010422802580973,-0.9166876736979732,0,1,-0.9776131732855602,0,-0.7200100474591208,1.654821101556999,False,False,True,True,False,False,0
-0.6812733959206341,-0.2754961522319926,-0.0013447194854226,0.4418800992985052,-0.9166876736979732,1,0,1.6281098925688993,1,-1.4321861577055308,0.8190371514700483,False,True,False,False,True,False,0
-0.3076750783403279,1.8160974459403243,-1.042417869490058,-1.2184705569895626,0.8084361535388619,1,1,-1.167584105842342,0,1.4165182832801098,0.618982482566257,False,False,True,False,True,False,0
-0.8473170926229924,-0.1804237159514327,0.3456796638494558,-1.2184705569895626,-0.9166876736979732,1,1,1.518329413060901,0,-0.7200100474591208,-0.6124651460193028,True,False,False,False,False,True,0
-0.4114523887793018,1.8160974459403243,-1.3894422528249364,1.177438405076655,-0.9166876736979732,1,1,0.2561054838382371,0,1.4165182832801098,-0.8969873417935837,False,True,False,True,False,False,0
-1.376581375861759,-1.7015826964403906,-1.3894422528249364,1.124410648370313,0.8084361535388619,1,1,1.6419272533272389,0,1.4165182832801098,-0.9281069569563958,False,False,False,False,True,False,0
1.0206744952785385,-0.2754961522319926,0.6927040471843343,0.9669161487370316,2.533559980775697,1,1,-1.2854139182348905,1,-0.0078339372127105,0.1255142992702384,True,False,False,False,True,False,0
0.6989648329177193,0.2949384654513666,-0.0013447194854226,0.9786701363314648,2.533559980775697,1,0,0.8461412659865515,1,1.4165182832801098,-0.4213017957334578,False,True,False,False,True,False,0
1.1348295367614096,-0.0853512796708728,-1.3894422528249364,0.7113360860326404,0.8084361535388619,1,0,0.1558424676553699,0,-0.7200100474591208,0.9257329748854036,False,True,False,True,False,False,0
-1.708668769266476,-0.1804237159514327,-1.042417869490058,-1.2184705569895626,0.8084361535388619,1,1,0.4571178213724113,0,1.4165182832801098,0.272221056466352,True,False,False,False,False,True,0
-1.7501796934420657,0.8653730831347259,-1.3894422528249364,-1.2184705569895626,0.8084361535388619,1,1,0.1674004306075335,0,-0.0078339372127105,-0.6035738274013566,True,False,False,False,False,False,0
0.1904560117667469,0.2949384654513666,-0.6953934861551795,0.0878507038421002,-0.9166876736979732,1,0,1.5264889774351866,0,-0.7200100474591208,1.6770493981018644,True,False,True,True,False,False,0
1.2801177713759733,-0.8459307699153518,-0.348369102820301,-1.2184705569895626,0.8084361535388619,1,0,-0.8883449658036673,0,-0.0078339372127105,-0.8525307487038524,True,False,False,False,False,False,0
1.4461614680783317,-0.3705685885125524,-0.0013447194854226,0.8602134711297095,-0.9166876736979732,1,1,1.4167870856769686,1,0.7043421730336995,-1.5905101939933937,True,True,False,False,False,False,0
-1.7501796934420657,-0.8459307699153518,1.3867528138540912,-1.2184705569895626,0.8084361535388619,0,0,0.6246279577619704,0,-0.0078339372127105,1.6148101677762403,False,False,False,False,True,False,0
1.8197597856586376,-0.0853512796708728,-0.0013447194854226,-1.2184705569895626,0.8084361535388619,0,0,0.0499644262974002,0,-0.7200100474591208,0.7923631956162095,True,False,False,False,False,True,0
2.058447599668278,0.009721156609687,-1.042417869490058,1.1605485723878686,-0.9166876736979732,1,1,1.327645800888304,0,-0.7200100474591208,-1.0392484396807242,False,False,False,False,False,False,0
-0.0170986091112009,0.2949384654513666,-0.348369102820301,1.8961898150915064,-0.9166876736979732,1,0,1.2277426887807572,1,-0.0078339372127105,0.965743908666162,True,False,True,False,True,False,0
1.4772946612100235,0.6752282105736062,0.3456796638494558,-1.2184705569895626,0.8084361535388619,1,0,1.649898520062118,0,0.7043421730336995,1.027983138991786,True,False,False,False,True,False,0
-0.8576948236668898,-0.4656410247931123,-1.736466636159815,1.2126262369786798,-0.9166876736979732,1,0,0.0324873453064942,1,-1.4321861577055308,-1.506042667122904,True,False,True,False,False,True,0
-0.442585581910994,0.1047935928902469,0.3456796638494558,-1.2184705569895626,0.8084361535388619,1,1,-0.0524199375294187,0,-1.4321861577055308,0.4900583626060359,True,False,False,False,False,False,0
-0.6501402027889419,2.1013147547820044,-1.3894422528249364,-1.2184705569895626,-0.9166876736979732,1,0,-0.6836913379074504,1,0.7043421730336995,1.4058641802545029,False,False,False,False,False,True,0
1.5706942406051003,-1.226220515037591,-0.348369102820301,-1.2184705569895626,0.8084361535388619,1,1,1.4044462009609566,0,-0.7200100474591208,1.748179947045435,False,False,False,False,False,False,0
-1.0341162514131454,-0.4656410247931123,-0.0013447194854226,-1.2184705569895626,0.8084361535388619,1,1,-1.722669203342905,0,-0.0078339372127105,0.4678300660611702,False,False,False,False,False,True,0
1.5188055853856133,-0.1804237159514327,1.0397284305192127,-1.2184705569895626,2.533559980775697,0,0,0.1799866412415534,0,0.7043421730336995,1.125787643789195,True,False,False,False,False,True,0
0.667831639786027,-0.0853512796708728,-0.348369102820301,-1.2184705569895626,0.8084361535388619,1,0,1.5517152973811734,0,-0.0078339372127105,0.6634390756559884,True,False,False,True,False,False,0
-0.7954284374035054,0.9604455194152858,0.6927040471843343,0.722143824149017,4.258683808012532,1,1,1.1761950363929556,1,-0.7200100474591208,-1.6883146987908026,True,True,False,False,False,False,0
0.8546307985761801,-0.8459307699153518,0.6927040471843343,0.7515276723658376,-0.9166876736979732,1,1,-0.416032241892227,0,-0.7200100474591208,0.1699708923599698,False,True,False,False,True,False,0
1.2801177713759733,-1.0360756424764714,1.3867528138540912,0.5614343178288695,-0.9166876736979732,1,0,0.8502033137699831,0,1.4165182832801098,0.3433516054099223,True,False,False,False,False,True,0
-0.9510944030619662,0.3900109017319265,-0.348369102820301,0.3048220266329335,0.8084361535388619,1,0,0.3955493615541393,1,1.4165182832801098,0.0366011130907756,False,False,True,False,False,False,0
0.5432988672592584,-1.416365387598711,-1.042417869490058,-1.2184705569895626,-0.9166876736979732,1,0,-1.1271959139233056,1,-0.0078339372127105,-0.7280522880526045,False,False,True,False,True,False,0
-0.785050706359608,1.2456628282569653,1.3867528138540912,1.5070576060871963,0.8084361535388619,0,0,0.8353648338646121,1,1.4165182832801098,-1.0792593734614826,False,False,False,False,False,True,0
0.0244123150643886,-0.2754961522319926,-1.042417869490058,0.5789685928440822,-0.9166876736979732,1,0,-1.522340335818433,0,-1.4321861577055308,1.2280378078955771,True,False,False,False,False,False,0
-0.9303389409741716,-0.2754961522319926,0.3456796638494558,-1.2184705569895626,0.8084361535388619,1,0,-1.1750949735475364,0,-1.4321861577055308,-0.4568670702052429,True,False,False,False,False,False,0
1.1244518057175124,-0.1804237159514327,0.6927040471843343,-1.2184705569895626,-0.9166876736979732,0,0,-1.1747834044156649,1,-0.0078339372127105,-0.270149379228371,True,False,False,False,False,False,0
2.058447599668278,-0.7508583336347919,-0.348369102820301,-1.2184705569895626,0.8084361535388619,1,1,-1.1709658132167262,0,-1.4321861577055308,1.2947226975301742,False,False,False,False,True,False,0
2.058447599668278,-0.6557858973542321,-1.736466636159815,0.6543174300894042,-0.9166876736979732,0,0,1.2981467067147858,0,-0.7200100474591208,-0.7324979473615776,False,True,False,False,True,False,0
-0.2869196162525331,-1.511437823879271,0.3456796638494558,-1.2184705569895626,0.8084361535388619,0,1,1.6732448193479907,0,1.4165182832801098,1.2502661044404428,False,False,True,False,False,True,0
1.2801177713759733,3.622473735270962,0.3456796638494558,0.944943307219164,-0.9166876736979732,1,0,-1.0883125383191947,0,-1.4321861577055308,-0.3057146537001561,False,True,False,True,False,False,0
-0.5878738165255575,-1.511437823879271,0.6927040471843343,-1.2184705569895626,0.8084361535388619,1,1,1.1762896198794166,0,1.4165182832801098,-0.5324432784577863,True,False,True,False,True,False,0
1.0414299573663333,-0.2754961522319926,-0.6953934861551795,-1.2184705569895626,0.8084361535388619,1,1,-0.902823541633718,0,1.4165182832801098,0.7879175363072363,False,False,True,True,False,False,0
0.6263207156104375,0.5801557742930463,0.3456796638494558,0.5906855950528251,-0.9166876736979732,0,0,1.7033267147101432,0,-1.4321861577055308,1.067994072772544,True,False,True,False,False,True,0
1.311250964507665,-0.1804237159514327,-0.6953934861551795,1.0519481121979055,-0.9166876736979732,0,1,1.3733826541933656,0,-0.0078339372127105,-0.9325526162653688,True,False,False,True,False,False,0
-1.8228238107493475,-0.8459307699153518,-0.6953934861551795,0.9328687796154126,-0.9166876736979732,1,0,-0.5578992998485812,0,0.7043421730336995,0.4544930881342508,True,True,False,True,False,False,0
0.3461219774252078,-0.8459307699153518,-1.042417869490058,-1.2184705569895626,2.533559980775697,1,1,1.2543637674186363,1,1.4165182832801098,1.2769400602942818,False,False,True,False,True,False,0
-1.1794044860277089,-0.1804237159514327,-1.3894422528249364,0.9390435778168904,-0.9166876736979732,1,0,1.0793690171960435,0,-0.7200100474591208,0.4589387474432239,True,False,False,False,False,True,0
0.2838555911618235,-0.9410032061959116,-0.6953934861551795,-1.2184705569895626,0.8084361535388619,1,1,-0.638859808525187,0,1.4165182832801098,0.4900583626060359,True,False,False,False,True,False,0
-0.5774960854816601,-0.5607134610736721,1.0397284305192127,-1.2184705569895626,-0.9166876736979732,1,0,0.3609126801721024,1,1.4165182832801098,1.1835812148058458,True,False,False,True,False,False,0
0.719720295005514,-0.3705685885125524,1.7337771971889695,-1.2184705569895626,0.8084361535388619,1,0,-0.5013799290869738,0,0.7043421730336995,-0.9947918465909928,True,False,False,False,False,False,0
0.0763009702838756,-0.6557858973542321,-1.042417869490058,1.2725865920184194,-0.9166876736979732,0,1,0.9255201092654824,0,1.4165182832801098,-1.3059879982191127,False,False,False,False,True,False,0
0.6470761776982322,1.1505903919764056,-0.348369102820301,0.1954418312554689,2.533559980775697,0,0,-1.6442358471951777,1,-0.0078339372127105,0.5834172080944718,False,False,False,True,False,False,0
1.0518076884102303,-0.8459307699153518,-1.3894422528249364,0.5559396664603499,-0.9166876736979732,1,1,-0.7395423650625215,0,-0.0078339372127105,1.69927769464673,True,True,False,False,False,False,0
2.058447599668278,-0.8459307699153518,-0.6953934861551795,-1.2184705569895626,0.8084361535388619,1,0,0.2827335171442384,0,1.4165182832801098,-0.6924870135808193,False,False,False,False,False,True,0
-1.8747124659688343,-1.226220515037591,1.0397284305192127,-1.2184705569895626,0.8084361535388619,1,1,1.3774516566449193,0,0.7043421730336995,-0.9725635500461272,True,False,True,True,False,False,0
-1.4284700310812464,0.5801557742930463,-1.3894422528249364,1.644739306792875,-0.9166876736979732,1,0,-0.6964423741759648,0,1.4165182832801098,-0.5057693226039475,True,False,False,False,False,False,0
0.0763009702838756,2.006242318501444,-1.042417869490058,-1.2184705569895626,-0.9166876736979732,1,0,1.339628346329324,1,-0.7200100474591208,-1.0748137141525094,True,False,True,True,False,False,0
0.1178118944594652,-0.6557858973542321,-0.6953934861551795,0.5201125157485315,-0.9166876736979732,1,1,1.424384191266877,0,1.4165182832801098,0.5167323184598748,True,True,False,False,True,False,0
-0.2557864231208409,2.956966681307043,-1.3894422528249364,0.2932355139884233,-0.9166876736979732,0,1,0.7801087785673889,0,-0.7200100474591208,0.7879175363072363,True,False,False,False,False,False,0
-1.137893561852119,-0.5607134610736721,1.0397284305192127,1.06903984346399,0.8084361535388619,0,0,-0.3945631813992198,0,-1.4321861577055308,1.2502661044404428,True,True,False,True,False,False,0
-0.4840965060865836,-0.6557858973542321,-0.0013447194854226,-1.2184705569895626,0.8084361535388619,1,1,-1.013573501877941,0,-0.0078339372127105,0.7034500094367466,False,False,False,False,True,False,0
-0.7539175132279158,-0.1804237159514327,-0.0013447194854226,1.218608262866862,0.8084361535388619,0,0,0.3440448281086947,0,-0.0078339372127105,-1.3682272285447366,True,False,True,False,False,True,0
1.0518076884102303,1.1505903919764056,-0.348369102820301,0.0593940520258596,0.8084361535388619,0,1,-0.5593469140182019,1,-1.4321861577055308,1.5525709374506165,True,False,True,False,False,False,0
0.9065194537956672,-0.9410032061959116,-1.3894422528249364,-1.2184705569895626,0.8084361535388619,1,1,1.113676916642607,0,1.4165182832801098,1.0902223693174098,True,False,False,False,False,False,0
2.058447599668278,-0.0853512796708728,-1.3894422528249364,0.4926528682469878,0.8084361535388619,1,0,-1.236162349527609,0,-0.0078339372127105,-0.3546169060988607,False,False,False,False,False,True,0
-1.553002803608015,-0.1804237159514327,1.7337771971889695,-1.2184705569895626,-0.9166876736979732,1,1,-0.4136047149841985,0,1.4165182832801098,0.0588294096356413,True,False,False,True,False,False,0
0.3980106326446948,-1.7015826964403906,1.0397284305192127,-1.2184705569895626,0.8084361535388619,1,1,0.9623800241794606,0,-0.7200100474591208,-0.2745950385373442,True,False,False,False,False,False,0
-1.0548717135009402,0.1047935928902469,1.0397284305192127,1.1910283728343505,-0.9166876736979732,0,0,1.1481621601262846,1,0.7043421730336995,-0.1545622371950694,False,False,False,False,False,False,0
0.0763009702838756,-0.9410032061959116,0.3456796638494558,0.7539571799089904,-0.9166876736979732,1,1,-0.7556226009610981,1,-1.4321861577055308,0.7834718769982632,True,False,False,False,False,False,0
0.3980106326446948,-1.226220515037591,1.0397284305192127,0.6438993994568836,-0.9166876736979732,1,1,-0.2986723911980311,0,-0.7200100474591208,0.4722757253701433,True,False,True,False,True,False,0
-0.3076750783403279,-0.2754961522319926,1.3867528138540912,-1.2184705569895626,0.8084361535388619,1,1,0.076871863395208,0,-0.0078339372127105,-1.2259661306575962,True,False,True,False,False,False,0
-2.1756666662418587,-0.4656410247931123,-0.348369102820301,-1.2184705569895626,0.8084361535388619,1,0,-0.5579071238502186,0,1.4165182832801098,-0.3457255874809144,True,False,False,False,False,False,0
-1.2728040654227857,2.291459627343124,-0.348369102820301,0.3207316665459732,2.533559980775697,1,0,0.1443384033811532,1,-0.0078339372127105,0.3833625391906806,True,False,True,True,False,False,0
0.8961417227517697,-1.226220515037591,-0.6953934861551795,-1.2184705569895626,0.8084361535388619,1,0,-0.5728408827088626,0,0.7043421730336995,0.2188731447586743,False,False,False,False,False,True,0
0.034790046108286,-0.2754961522319926,1.7337771971889695,0.7399038541158474,-0.9166876736979732,1,0,-1.586527228184686,0,0.7043421730336995,-0.3990734991885921,False,True,False,False,True,False,0
1.0829408815419228,0.4850833380124864,1.7337771971889695,0.9822734095131344,-0.9166876736979732,1,0,1.5493715742240164,0,1.4165182832801098,1.5925818712313746,True,True,False,False,True,False,0
1.3423841576393576,-1.1311480787570314,-0.0013447194854226,-1.2184705569895626,0.8084361535388619,0,0,-0.4774621299481656,0,-0.7200100474591208,1.3258423126929864,False,False,False,False,True,False,0
-0.6190070096572498,-0.7508583336347919,-1.042417869490058,0.128087441165621,0.8084361535388619,0,1,0.2773860728251347,0,-1.4321861577055308,0.3122319902471103,False,False,False,False,True,False,0
-0.6293847407011471,-0.3705685885125524,0.6927040471843343,1.7119768166595448,-0.9166876736979732,1,1,-0.7720116241242974,0,-0.7200100474591208,0.5167323184598748,True,False,False,False,True,False,0
1.3320064265954603,-0.1804237159514327,1.7337771971889695,0.3057157600655074,-0.9166876736979732,1,0,0.4499513836059651,1,-0.0078339372127105,1.0102005017558933,False,True,False,False,True,False,0
-0.3699414646037122,0.2949384654513666,0.3456796638494558,0.6692243017315354,0.8084361535388619,0,0,0.8664737598416998,0,-0.0078339372127105,0.2055361668317549,False,True,False,False,True,False,0
-1.1794044860277089,0.9604455194152858,1.3867528138540912,1.0460283690587873,-0.9166876736979732,0,0,1.2752768021952794,1,1.4165182832801098,0.8457111073238871,False,False,True,True,False,False,0
-0.5048519681743784,-0.6557858973542321,0.6927040471843343,-1.2184705569895626,-0.9166876736979732,1,0,1.6973676073296984,1,-0.0078339372127105,0.1566339144330504,True,False,False,False,False,True,0
-0.5256074302621732,0.009721156609687,-0.6953934861551795,-0.055309957462411,-0.9166876736979732,1,0,-1.0197871501116555,1,0.7043421730336995,0.8990590190315648,True,False,False,True,False,False,0
-0.1312536505940722,0.2949384654513666,-0.348369102820301,-1.2184705569895626,0.8084361535388619,0,0,1.16927235974419,0,-0.7200100474591208,1.605918849158294,False,False,False,True,False,False,0
1.186718191980897,0.770300646854166,1.3867528138540912,0.8515899521977066,-0.9166876736979732,1,0,1.2084460927423997,1,0.7043421730336995,-1.4260207995613874,True,True,False,False,True,False,0
0.1904560117667469,0.5801557742930463,1.3867528138540912,0.461568652947771,-0.9166876736979732,1,0,0.9647953804182752,1,-0.0078339372127105,0.5033953405329553,False,False,False,False,True,False,0
0.13856735654726,0.4850833380124864,0.6927040471843343,-1.2184705569895626,0.8084361535388619,1,1,-0.5891075037131124,0,-0.0078339372127105,-0.1189969627232842,False,False,False,True,False,False,0
-1.604891458827502,-1.416365387598711,-0.6953934861551795,-1.2184705569895626,0.8084361535388619,1,0,-0.4179978049702433,0,-0.0078339372127105,-1.5905101939933937,True,False,True,True,False,False,0
2.058447599668278,0.1047935928902469,-1.3894422528249364,0.0130020499080219,-0.9166876736979732,1,0,1.282304320465986,0,-0.7200100474591208,0.903504678340538,True,False,False,False,False,False,0
-0.2661641541647383,-1.7015826964403906,-1.3894422528249364,-1.2184705569895626,0.8084361535388619,1,0,-0.5946077768642,0,-0.0078339372127105,0.747906602526478,True,False,False,True,False,False,0
1.0725631504980253,0.3900109017319265,1.3867528138540912,-1.2184705569895626,0.8084361535388619,1,0,-1.4320461409218233,0,-0.0078339372127105,0.3700255612637611,False,False,False,False,False,False,0
2.058447599668278,0.1047935928902469,-0.0013447194854226,-1.2184705569895626,0.8084361535388619,1,0,-1.1370385079831462,0,0.7043421730336995,0.112177321343319,False,False,False,False,False,False,0
0.1178118944594652,0.2949384654513666,-0.0013447194854226,0.2265018699605763,-0.9166876736979732,1,1,-0.3696677297891437,0,1.4165182832801098,1.725951650500569,True,True,False,False,False,False,0
0.532921136215361,0.5801557742930463,-1.3894422528249364,-1.2184705569895626,-0.9166876736979732,1,0,1.4318413341608285,1,-0.7200100474591208,1.3880815430186102,False,False,True,False,False,True,0
-0.9095834788863768,-0.7508583336347919,-0.0013447194854226,0.7262541653674051,-0.9166876736979732,1,1,-1.3909197109816234,1,-1.4321861577055308,-1.4571404147241995,True,False,True,False,True,False,0
-0.1312536505940722,-0.3705685885125524,1.0397284305192127,-1.2184705569895626,-0.9166876736979732,0,0,1.1131414071972034,0,0.7043421730336995,-0.3190516316270755,False,False,False,False,True,False,0
0.8027421433566931,-0.6557858973542321,0.6927040471843343,-0.6012459520139892,-0.9166876736979732,0,1,1.3700511942961635,0,0.7043421730336995,-1.354890250617817,False,False,False,False,False,False,0
-0.9718498651497612,0.009721156609687,1.7337771971889695,1.0992325668691596,-0.9166876736979732,1,0,-1.348390698347893,1,0.7043421730336995,-1.568281897448528,True,True,False,False,False,False,0
-0.4322078508670966,2.861894245026483,-0.0013447194854226,0.1590863178909286,2.533559980775697,0,0,1.6049943143979786,1,-1.4321861577055308,0.0277097944728293,False,True,False,False,False,False,0
-1.1067603687204273,-0.5607134610736721,0.6927040471843343,1.5567385856632812,-0.9166876736979732,1,0,0.8697088975854106,0,0.7043421730336995,0.4856127032970628,False,False,True,False,False,False,0
-1.85395700388104,-0.6557858973542321,-0.0013447194854226,1.1287765249807444,0.8084361535388619,1,1,-0.4778611540316727,0,-1.4321861577055308,0.0943946841074264,False,True,False,False,True,False,0
0.9480303779712568,-0.3705685885125524,-1.3894422528249364,1.1316423319871296,-0.9166876736979732,1,0,1.5452648426979003,0,-0.7200100474591208,-1.4838143705780382,False,True,False,False,False,False,0
0.2838555911618235,-0.8459307699153518,-0.348369102820301,0.029581109291071,-0.9166876736979732,1,1,0.3602547685677492,0,0.7043421730336995,0.8190371514700483,False,True,False,False,False,True,0
1.010296764234641,-0.9410032061959116,0.6927040471843343,0.97598045020932,2.533559980775697,1,0,0.044239169632562,1,1.4165182832801098,1.121341984480222,False,True,False,False,False,True,0
-0.5671183544377627,3.1471115538681627,0.3456796638494558,0.7825539278831498,0.8084361535388619,1,1,-1.6219473529306805,0,-0.7200100474591208,-1.0348027803717512,False,True,False,False,True,False,0
1.1036963436297176,0.009721156609687,0.3456796638494558,0.8206531981115677,-0.9166876736979732,0,1,-0.7624800775962188,0,0.7043421730336995,-0.901433001102557,False,False,False,False,False,True,0
0.6574539087421296,-1.7015826964403906,1.0397284305192127,-1.2184705569895626,0.8084361535388619,1,0,-0.5522816666729328,0,-0.7200100474591208,0.9790808865930812,True,False,False,False,True,False,0
-0.4529633129548914,0.4850833380124864,0.6927040471843343,0.6100399993517179,-0.9166876736979732,1,1,-0.3929549143959779,1,0.7043421730336995,-1.506042667122904,True,True,False,False,True,False,0
-0.1312536505940722,0.009721156609687,-1.3894422528249364,1.0517140315317606,-0.9166876736979732,1,0,-0.1386644291785136,0,-0.0078339372127105,-0.8214111335410405,False,False,True,False,True,False,0
-1.5633805346519123,0.3900109017319265,0.3456796638494558,0.4552100485871034,-0.9166876736979732,0,0,-0.3356966101463944,1,-0.7200100474591208,0.5167323184598748,True,False,True,False,False,False,0
-0.2246532299891487,0.1047935928902469,-1.736466636159815,0.6809624384463873,-0.9166876736979732,0,1,-0.7024011338230035,1,0.7043421730336995,-0.585791190165464,False,False,False,False,False,False,0
-0.0378540711989956,0.2949384654513666,1.0397284305192127,0.7345589054989322,0.8084361535388619,1,0,-1.6761492544072922,0,-1.4321861577055308,-1.6394124463920985,False,True,False,True,False,False,0
-0.2557864231208409,-0.8459307699153518,-0.6953934861551795,0.8432786475604943,0.8084361535388619,1,1,-1.0472387899900195,0,1.4165182832801098,-1.2970966796011665,True,True,False,True,False,False,0
0.927274915883462,0.1047935928902469,-0.348369102820301,0.4592286468357913,-0.9166876736979732,1,0,0.6038820088869616,1,1.4165182832801098,-0.8436394300859061,True,False,True,False,False,False,0
-0.2869196162525331,1.4358077008180852,-0.6953934861551795,0.6504317230533705,-0.9166876736979732,1,0,0.1750283106038828,1,1.4165182832801098,0.4589387474432239,True,True,False,False,True,False,0
-0.4737187750426862,0.6752282105736062,1.0397284305192127,-1.2184705569895626,0.8084361535388619,1,1,1.448077528492044,0,-0.7200100474591208,1.476994729198073,False,False,True,False,False,False,0
-1.7294242313542707,-1.1311480787570314,-0.6953934861551795,-1.2184705569895626,0.8084361535388619,1,0,0.7131763570932229,0,1.4165182832801098,1.3080596754570937,False,False,False,False,False,True,0
1.186718191980897,1.2456628282569653,0.6927040471843343,0.2627204893650933,0.8084361535388619,0,1,-0.5952792500713913,0,1.4165182832801098,1.032428798300759,False,False,False,False,False,False,0
0.4187660947324896,-0.8459307699153518,-1.042417869490058,-1.2184705569895626,0.8084361535388619,0,1,0.5225612484016297,0,0.7043421730336995,0.6412107791111227,True,False,False,False,False,False,0
0.2838555911618235,-0.5607134610736721,0.3456796638494558,-1.2184705569895626,0.8084361535388619,1,1,-0.0419964548146771,0,1.4165182832801098,-0.3812908619526995,False,False,False,False,True,False,0
-1.604891458827502,1.530880137098645,0.6927040471843343,0.8914361814878975,-0.9166876736979732,1,1,-1.5727747197065851,0,1.4165182832801098,-0.0078554799989557,False,True,False,True,False,False,0
-1.4492254931690411,0.3900109017319265,-1.3894422528249364,-1.2184705569895626,0.8084361535388619,1,1,-0.833863486668546,0,0.7043421730336995,-0.1456709185771231,True,False,False,True,False,False,0
1.3216286955515628,-0.0853512796708728,0.6927040471843343,-1.2184705569895626,0.8084361535388619,1,1,0.6626334803823657,0,0.7043421730336995,-0.7725088811423358,False,False,True,True,False,False,0
-2.2690662456369357,0.9604455194152858,1.7337771971889695,-1.2184705569895626,-0.9166876736979732,1,1,-0.2211528784415508,0,-1.4321861577055308,0.334460286791976,False,False,False,False,True,False,0
0.8338753364883853,0.5801557742930463,0.3456796638494558,0.3632935197612604,-0.9166876736979732,1,0,-0.3292964029403036,1,-0.0078339372127105,1.099113687935356,False,True,False,True,False,False,0
1.1348295367614096,-0.6557858973542321,-0.348369102820301,0.4389132629485235,0.8084361535388619,1,1,1.3420960364457577,0,-0.7200100474591208,-1.314879316837059,False,False,True,False,False,True,0
0.7093425639616167,-0.4656410247931123,-0.6953934861551795,0.6757507012619162,0.8084361535388619,1,1,0.6205128806341078,0,-0.7200100474591208,-0.8747590452487181,False,False,False,True,False,False,0
-0.8058061684474028,-0.2754961522319926,-1.3894422528249364,-1.2184705569895626,0.8084361535388619,0,1,-0.4993828961357049,0,-0.7200100474591208,1.6592667608659717,True,False,True,False,False,False,0
0.2008337428106443,1.1505903919764056,-0.6953934861551795,0.3328575894259442,-0.9166876736979732,1,0,1.320900816010059,1,-0.0078339372127105,0.2099818261407281,True,True,False,False,True,False,0
-0.2142754989452513,0.6752282105736062,1.7337771971889695,-1.2184705569895626,0.8084361535388619,1,1,0.5055638656444473,0,-0.7200100474591208,0.3566885833368417,False,False,True,False,False,False,0
0.429143825776387,-1.0360756424764714,1.0397284305192127,-1.2184705569895626,0.8084361535388619,1,1,1.0104082667640597,0,-1.4321861577055308,1.063548413463571,False,False,False,False,True,False,0
-0.2350309610330461,-0.0853512796708728,1.3867528138540912,0.766073175975486,-0.9166876736979732,1,0,-0.423856069662917,0,1.4165182832801098,-0.1901275116668545,False,True,False,False,False,False,0
-1.3039372585544775,-0.1804237159514327,-0.0013447194854226,-0.360710935790911,-0.9166876736979732,1,0,-0.653744363106867,0,0.7043421730336995,1.1702442368789263,False,False,False,True,False,False,0
0.034790046108286,2.1013147547820044,-1.042417869490058,1.7275146813969422,0.8084361535388619,1,1,1.0568642327529487,0,1.4165182832801098,-0.999237505899966,False,True,False,False,True,False,0
-0.5774960854816601,-0.9410032061959116,0.3456796638494558,-1.2184705569895626,0.8084361535388619,1,0,0.2828025422253505,0,-0.7200100474591208,-0.7102696508167119,False,False,True,False,False,True,0
0.6263207156104375,-0.6557858973542321,1.3867528138540912,0.3923313704954954,-0.9166876736979732,1,0,1.1346848826391172,0,-1.4321861577055308,-0.2879320164642636,True,False,False,False,False,False,0
-0.8888280167985819,-0.2754961522319926,-1.3894422528249364,1.0570258374004595,-0.9166876736979732,1,0,-0.3619021473639763,0,1.4165182832801098,-0.2879320164642636,True,False,False,True,False,False,0
-0.1208759195501748,0.770300646854166,0.3456796638494558,0.2072622644562296,-0.9166876736979732,1,0,0.2756649663316112,0,1.4165182832801098,-0.7369436066705508,True,False,True,False,False,False,0
0.2734778601179261,0.1998660291708067,-1.042417869490058,1.152566613804186,-0.9166876736979732,1,0,-1.5013071591499805,0,-1.4321861577055308,-1.6171841498472326,True,False,False,False,False,True,0
1.300873233463768,-0.9410032061959116,1.3867528138540912,0.8828214686001065,-0.9166876736979732,1,1,1.1008335571547714,1,-0.7200100474591208,-0.176790533739935,False,False,False,True,False,False,0
1.2697400403320758,-0.2754961522319926,1.3867528138540912,0.8759232938940835,-0.9166876736979732,1,0,0.9016551656044024,0,1.4165182832801098,-0.2079101489027471,True,True,False,False,False,True,0
1.2386068472003835,-1.1311480787570314,-1.042417869490058,-1.2184705569895626,0.8084361535388619,1,1,1.7229503540169435,0,-0.7200100474591208,1.3836358837096372,True,False,False,False,True,False,0
0.7404757570933088,-0.8459307699153518,-0.6953934861551795,0.7688060917692169,-0.9166876736979732,1,0,1.073922990456309,0,0.7043421730336995,1.503668685051912,True,False,False,False,True,False,0
-0.7020288580084288,-0.0853512796708728,1.3867528138540912,0.4560253281712429,-0.9166876736979732,1,0,1.3256889311454407,0,0.7043421730336995,-0.1856818523578813,True,False,False,True,False,False,0
-1.9058456591005264,-1.226220515037591,-1.3894422528249364,0.8892681334028947,-0.9166876736979732,1,0,-0.6258354537994729,0,-1.4321861577055308,1.1035593472443292,True,False,True,False,True,False,0
-0.7124065890523262,0.2949384654513666,0.6927040471843343,-1.2184705569895626,0.8084361535388619,1,0,0.7581937499810503,0,0.7043421730336995,-0.7280522880526045,False,False,False,False,True,False,0
-0.785050706359608,2.291459627343124,-0.6953934861551795,1.1646621158041517,-0.9166876736979732,1,0,-0.5392851306197073,1,-0.7200100474591208,1.4369837954173148,True,True,False,False,False,False,0
-0.9095834788863768,-0.5607134610736721,-0.6953934861551795,0.5322009729131274,-0.9166876736979732,1,0,-0.4311635133255394,0,1.4165182832801098,-0.8214111335410405,True,True,False,False,False,True,0
0.3357442463813104,-0.0853512796708728,-0.0013447194854226,0.91402352478187,-0.9166876736979732,0,0,0.4686884765938975,0,0.7043421730336995,0.6901130315098273,False,False,False,False,True,False,0
-1.4077145689934516,1.3407352645375252,-1.3894422528249364,1.2900384104378289,-0.9166876736979732,1,0,0.3141953925285241,1,0.7043421730336995,0.9790808865930812,False,True,False,True,False,False,0
-2.2483107835491403,-0.6557858973542321,-1.042417869490058,-0.3055710093528387,0.8084361535388619,1,1,-1.6434607494329665,0,-0.0078339372127105,-0.5813455308564909,True,True,False,False,False,True,0
0.6782093708299244,-0.2754961522319926,-0.0013447194854226,-1.2184705569895626,0.8084361535388619,1,1,0.7844919581513599,0,1.4165182832801098,-0.8658677266307718,False,False,False,False,False,True,0
0.3046110532496183,-0.6557858973542321,-0.6953934861551795,1.1653171253836323,0.8084361535388619,1,1,-0.1645460527283077,0,1.4165182832801098,-1.3637815692357635,True,False,False,False,False,False,0
-1.947356583276116,-0.0853512796708728,-0.6953934861551795,0.6458434537991111,-0.9166876736979732,1,0,-0.4321771562043395,0,1.4165182832801098,-0.7680632218333627,True,False,False,False,False,False,0
0.4602770189080792,0.2949384654513666,0.6927040471843343,1.3804109995484597,-0.9166876736979732,1,0,0.3586974445085017,0,1.4165182832801098,-0.0878773475604723,True,True,False,True,False,False,0
0.2734778601179261,1.0555179556958456,0.3456796638494558,-1.2184705569895626,-0.9166876736979732,1,0,-1.6036037202917577,0,0.7043421730336995,0.872385063177726,False,False,False,True,False,False,0
0.8546307985761801,-0.1804237159514327,-0.6953934861551795,0.0686178229533336,-0.9166876736979732,0,1,-0.4026521558920662,0,1.4165182832801098,-1.1414986037871064,True,False,False,False,False,True,0
0.3461219774252078,-0.0853512796708728,-0.348369102820301,-1.2184705569895626,0.8084361535388619,1,1,-1.1222466243541935,0,0.7043421730336995,1.597027530540348,True,False,True,False,False,False,0
0.9168971848395644,-0.2754961522319926,-0.348369102820301,1.5415326287377304,-0.9166876736979732,1,1,-0.2425614333218956,0,-0.0078339372127105,-0.7236066287436314,True,False,False,True,False,False,0
0.0244123150643886,-0.4656410247931123,-0.0013447194854226,-1.2184705569895626,0.8084361535388619,1,0,1.0237301074186973,0,-0.0078339372127105,-0.3546169060988607,True,False,True,False,True,False,0
0.9376526469273592,0.009721156609687,1.0397284305192127,1.0231473842178167,-0.9166876736979732,1,1,-0.12945262351735,0,-0.0078339372127105,-0.7591719032154165,True,False,False,False,False,True,0
-0.442585581910994,-0.6557858973542321,-0.348369102820301,0.3807576666425665,-0.9166876736979732,1,1,0.3505771740091059,0,-0.0078339372127105,1.2458204451314698,True,False,True,False,True,False,0
0.0763009702838756,-0.5607134610736721,0.6927040471843343,0.2215517523441498,-0.9166876736979732,1,0,0.6278118048282803,0,1.4165182832801098,-0.6613673984180074,False,False,False,True,False,False,0
1.1763404609369994,1.6259525733792048,-1.3894422528249364,-1.2184705569895626,-0.9166876736979732,1,0,-1.51615867905808,1,-0.0078339372127105,1.4992230257429386,False,False,False,False,True,False,0
-0.8576948236668898,-1.0360756424764714,0.6927040471843343,-1.2184705569895626,0.8084361535388619,1,0,-0.4599480153495093,0,-1.4321861577055308,0.3611342426458148,True,False,False,True,False,False,0
-0.0793649953745852,0.8653730831347259,1.0397284305192127,-1.2184705569895626,0.8084361535388619,0,1,-0.9643647043796106,1,0.7043421730336995,1.4369837954173148,True,False,False,False,False,False,0
-0.0170986091112009,-0.4656410247931123,-0.348369102820301,1.0613840287359424,-0.9166876736979732,1,1,-1.5501052834956992,0,-0.0078339372127105,1.663712420174945,True,True,False,False,False,False,0
-0.5048519681743784,-0.8459307699153518,1.0397284305192127,-1.2184705569895626,0.8084361535388619,1,1,-0.9196649659582616,0,1.4165182832801098,-1.2748683830563008,True,False,False,True,False,False,0
-0.7954284374035054,-0.7508583336347919,0.3456796638494558,-1.2184705569895626,0.8084361535388619,1,1,-0.082497486223995,0,0.7043421730336995,0.0099271572369367,False,False,True,False,False,True,0
-0.0793649953745852,-0.4656410247931123,1.7337771971889695,0.7380241639513151,0.8084361535388619,1,1,1.4199418970038684,0,0.7043421730336995,-0.3412799281719413,False,True,False,False,False,False,0
2.058447599668278,-1.606510260159831,0.6927040471843343,0.2475049258458567,0.8084361535388619,0,0,-1.5628862248371385,0,-1.4321861577055308,0.4722757253701433,True,True,False,True,False,False,0
0.8442530675322827,0.4850833380124864,-0.6953934861551795,0.479829346555529,-0.9166876736979732,0,1,0.020623029223551,0,0.7043421730336995,0.4367104508983582,True,False,True,False,True,False,0
-0.1208759195501748,-0.5607134610736721,1.0397284305192127,0.0892625528941315,0.8084361535388619,0,0,-1.1389265265116009,0,-0.7200100474591208,-0.8436394300859061,True,True,False,False,True,False,0
-1.438847762125144,0.4850833380124864,-1.3894422528249364,-0.2007797236692126,0.8084361535388619,0,1,-0.8311099596922927,1,0.7043421730336995,-1.6749777208638834,True,False,False,True,False,False,0
1.2801177713759733,-0.9410032061959116,1.7337771971889695,-1.2184705569895626,0.8084361535388619,1,1,-0.5613696792415229,0,-0.7200100474591208,1.3614075871647713,True,False,True,False,False,False,0
-1.1171380997643243,-0.1804237159514327,-0.6953934861551795,0.1344053776130186,-0.9166876736979732,0,0,-0.3557173610029684,0,1.4165182832801098,1.476994729198073,True,False,False,False,True,False,0
0.0036568529765938,-0.5607134610736721,-0.6953934861551795,0.780221446936224,-0.9166876736979732,1,0,1.6594841391348465,0,0.7043421730336995,-0.8880960231756375,False,False,True,True,False,False,0
0.9065194537956672,-0.1804237159514327,0.6927040471843343,0.4620502635112219,-0.9166876736979732,0,1,-0.3398654120855004,0,1.4165182832801098,-0.9903461872820196,True,False,False,False,False,True,0
2.058447599668278,-0.4656410247931123,-0.348369102820301,-0.075613653327361,0.8084361535388619,1,1,0.9313987163624134,0,0.7043421730336995,0.9790808865930812,False,False,False,False,False,False,0
-0.9303389409741716,-0.6557858973542321,0.3456796638494558,1.3693642173592,-0.9166876736979732,1,0,-0.1555896572539289,0,1.4165182832801098,-0.2034644895937739,True,False,True,False,False,True,0
0.2215892048984391,-0.1804237159514327,1.0397284305192127,-1.2184705569895626,0.8084361535388619,1,1,1.4411376390396762,0,-1.4321861577055308,-0.016746798616902,False,False,True,False,False,True,0
-0.6190070096572498,-1.0360756424764714,-0.0013447194854226,0.9786017694064004,-0.9166876736979732,0,0,-1.0575044017383888,0,0.7043421730336995,-1.44380343679728,True,False,False,False,False,False,0
-0.7020288580084288,1.4358077008180852,-1.3894422528249364,0.0200494470359652,-0.9166876736979732,0,0,0.6565500583092382,1,1.4165182832801098,0.272221056466352,False,True,False,False,False,True,0
0.0140345840204912,-1.1311480787570314,1.3867528138540912,-1.2184705569895626,0.8084361535388619,1,0,-0.0695814504542833,0,-0.0078339372127105,1.0102005017558933,False,False,False,True,False,False,0
-0.4010746577354044,-0.8459307699153518,1.3867528138540912,0.5735986670835838,-0.9166876736979732,1,1,1.3103391092663903,0,-1.4321861577055308,-0.4079648178065383,True,False,True,False,False,True,0
0.6470761776982322,-1.7966551327209506,-0.6953934861551795,-1.2184705569895626,0.8084361535388619,0,1,0.8699357936328947,0,-1.4321861577055308,-1.608292831229286,True,False,True,False,True,False,0
-0.2557864231208409,3.242183990148723,-1.736466636159815,1.124413210128629,-0.9166876736979732,0,1,-0.9878344490246508,0,-0.7200100474591208,1.1746898961878995,True,False,False,False,False,False,0
-1.3869591069056568,0.2949384654513666,0.6927040471843343,1.199621951216032,0.8084361535388619,1,0,0.3294090767790838,0,-0.0078339372127105,-0.3190516316270755,True,False,False,False,False,True,0
-2.0718893558028846,1.2456628282569653,-1.3894422528249364,0.3577015215767241,0.8084361535388619,0,0,-0.146001256313952,0,1.4165182832801098,0.9524069307392424,True,True,False,False,False,True,0
-1.137893561852119,0.009721156609687,-0.348369102820301,0.5419279692398455,0.8084361535388619,1,1,-1.028641311964639,0,0.7043421730336995,-1.190400856185811,False,False,False,False,False,True,0
-1.013360789325351,2.5766769361848034,1.0397284305192127,-1.2184705569895626,0.8084361535388619,1,1,0.2836866544103758,0,-1.4321861577055308,-1.5460536009036625,True,False,True,False,True,False,0
-1.2416708722910934,1.2456628282569653,1.3867528138540912,0.9871354666874408,-0.9166876736979732,1,0,1.0911996031385944,1,-0.7200100474591208,-0.9147699790294764,True,True,False,True,False,False,0
-0.5982515475694549,1.3407352645375252,-0.348369102820301,-1.2184705569895626,-0.9166876736979732,1,0,-1.6521257443130275,1,-0.7200100474591208,1.6814950574108374,False,False,False,False,True,False,0
-1.0963826376765298,-1.1311480787570314,1.0397284305192127,-1.2184705569895626,0.8084361535388619,1,1,-1.4878328373967646,0,-0.7200100474591208,0.7523522618354512,False,False,False,False,False,True,0
0.325366515337413,-0.3705685885125524,-1.3894422528249364,0.900924934291206,0.8084361535388619,0,0,1.4899034241786269,0,-1.4321861577055308,-0.4568670702052429,False,True,False,True,False,False,0
0.2215892048984391,0.2949384654513666,-0.348369102820301,-1.2184705569895626,0.8084361535388619,1,0,0.3652854277538899,0,-0.0078339372127105,-0.0523120730886871,False,False,False,True,False,False,0
1.456539199122229,0.1047935928902469,0.6927040471843343,-1.2184705569895626,-0.9166876736979732,1,0,0.7166943759628015,0,-1.4321861577055308,-0.3057146537001561,False,False,True,False,False,False,0
-1.013360789325351,1.4358077008180852,0.3456796638494558,0.5228046035190976,-0.9166876736979732,1,0,-1.0348019308539225,1,-1.4321861577055308,-0.8525307487038524,False,True,False,False,False,False,0
-0.0689872643306878,-1.321292951318151,-1.736466636159815,1.5738517716552638,-0.9166876736979732,1,0,-1.0042874551345735,0,1.4165182832801098,-0.0300837765438214,True,False,False,True,False,False,0
1.3423841576393576,-1.511437823879271,-1.042417869490058,0.5016457607062117,-0.9166876736979732,1,0,1.2763888536280077,0,1.4165182832801098,0.9257329748854036,True,False,False,False,False,True,0
-0.1104981885062774,0.1047935928902469,-0.0013447194854226,0.4169740445085568,-0.9166876736979732,1,1,0.0035778331230294,0,-1.4321861577055308,-1.3193249761460322,True,False,True,False,False,False,0
1.4461614680783317,-0.3705685885125524,0.6927040471843343,-0.3789151106058174,-0.9166876736979732,1,0,1.05398795588434,0,-0.7200100474591208,0.1921991889048355,False,True,False,False,False,True,0
1.5291833164295108,-1.0360756424764714,-0.6953934861551795,1.0591511361435602,-0.9166876736979732,1,0,-0.9630255830326953,0,-1.4321861577055308,-0.9414439348833152,False,False,True,False,False,True,0
0.429143825776387,-0.9410032061959116,-1.042417869490058,1.204836570378609,-0.9166876736979732,0,0,1.6815448680183438,0,-1.4321861577055308,-1.5949558533023669,True,False,False,False,True,False,0
1.4461614680783317,-1.0360756424764714,-0.348369102820301,-1.2184705569895626,-0.9166876736979732,1,0,1.2866864568497387,0,-0.7200100474591208,-0.9325526162653688,True,False,False,False,True,False,0
0.2734778601179261,0.1047935928902469,-0.6953934861551795,0.8373145539805258,-0.9166876736979732,1,0,1.1862405328952592,0,-0.0078339372127105,1.2724944009853083,False,False,True,False,False,False,0
-0.6916511269645315,1.0555179556958456,-1.042417869490058,0.7964429809242647,-0.9166876736979732,1,0,-1.5820475525805209,1,-1.4321861577055308,0.712341328054693,True,True,False,False,True,False,0
-0.5671183544377627,0.1998660291708067,-0.348369102820301,1.1160842934029922,0.8084361535388619,1,1,-0.8365079992219849,0,1.4165182832801098,-0.7102696508167119,False,False,False,False,False,True,0
-1.2624263343788882,0.5801557742930463,-1.3894422528249364,-1.2184705569895626,-0.9166876736979732,0,1,1.5688444710992702,1,-0.7200100474591208,0.3922538578086268,False,False,False,False,True,False,0
0.6055652535226427,-0.0853512796708728,-0.6953934861551795,0.8723856657692673,-0.9166876736979732,1,1,0.9487271413222094,0,0.7043421730336995,-1.408238162325495,True,False,False,True,False,False,0
-0.1104981885062774,0.2949384654513666,0.6927040471843343,0.7899021715033553,0.8084361535388619,0,0,1.1074837846798524,0,-0.0078339372127105,-0.2479210826835053,False,False,False,False,True,False,0
0.8961417227517697,-0.3705685885125524,0.3456796638494558,0.4105650055310382,-0.9166876736979732,0,0,-0.2650745633667369,0,-0.0078339372127105,-1.4526947554152263,True,True,False,False,True,False,0
-0.8265616305351976,0.009721156609687,-1.042417869490058,-1.2184705569895626,0.8084361535388619,1,1,-1.7365112531730782,0,1.4165182832801098,1.6014731898493209,False,False,False,False,True,False,0
-0.7539175132279158,-0.7508583336347919,0.3456796638494558,1.0187376374962198,-0.9166876736979732,0,1,0.6152115109913131,0,0.7043421730336995,0.2544384192304595,True,True,False,False,False,True,0
-0.0586095332867904,-0.8459307699153518,0.6927040471843343,-1.2184705569895626,0.8084361535388619,1,0,0.9238525537164992,0,-1.4321861577055308,0.8634937445597797,True,False,False,False,True,False,0
-0.6812733959206341,2.386532063623684,-1.3894422528249364,-1.2184705569895626,0.8084361535388619,1,1,-0.8123236624273963,0,-1.4321861577055308,0.8323741293969678,True,False,False,False,False,False,0
0.4083883636885922,-0.4656410247931123,0.6927040471843343,-1.2184705569895626,0.8084361535388619,0,1,1.0628094307971494,0,1.4165182832801098,-0.0700947103245797,False,False,False,False,True,False,0
-1.85395700388104,-0.5607134610736721,-0.0013447194854226,0.7961511005861093,-0.9166876736979732,0,1,0.7870500589533814,0,1.4165182832801098,-1.3682272285447366,False,False,False,False,True,False,0
-0.1104981885062774,-0.0853512796708728,-0.6953934861551795,-1.2184705569895626,0.8084361535388619,1,0,0.2787935237863502,0,0.7043421730336995,1.637038464321106,False,False,False,False,False,False,0
-1.0652494445448375,-1.321292951318151,-0.0013447194854226,-1.2184705569895626,0.8084361535388619,0,0,1.5722157464714712,0,-0.0078339372127105,-0.2568124013014516,False,False,False,False,True,False,0
-0.5982515475694549,-0.6557858973542321,-0.348369102820301,0.7040485240625506,0.8084361535388619,1,1,1.0871971916343104,0,-0.7200100474591208,0.5389606150047405,False,True,False,False,False,False,0
-0.8576948236668898,0.1998660291708067,-0.348369102820301,1.020511975349997,-0.9166876736979732,1,1,1.0969843222158773,0,-0.0078339372127105,1.6148101677762403,False,False,True,False,False,True,0
0.5121656741275662,-0.6557858973542321,-0.0013447194854226,0.4226613080804777,-0.9166876736979732,0,0,0.1018246910172917,0,1.4165182832801098,0.6945586908188004,True,True,False,False,True,False,0
0.3876329016007974,1.7210250096597648,-0.348369102820301,-1.2184705569895626,0.8084361535388619,1,0,0.6297192964274766,1,-0.7200100474591208,1.3436249499288788,False,False,True,True,False,False,0
0.6782093708299244,-0.3705685885125524,0.6927040471843343,-0.282318089226331,0.8084361535388619,1,1,1.252328831526102,0,-0.7200100474591208,0.8279284700879945,True,True,False,True,False,False,0
-1.1067603687204273,-0.1804237159514327,-0.6953934861551795,0.241475667538719,-0.9166876736979732,1,0,0.0877220149992417,0,-1.4321861577055308,-1.470477392651119,True,False,False,True,False,False,0
-1.0652494445448375,-0.4656410247931123,-0.348369102820301,-1.2184705569895626,0.8084361535388619,0,0,0.6786413877324725,0,-0.0078339372127105,-1.190400856185811,False,False,False,False,True,False,0
1.2904955024198703,-0.7508583336347919,-1.042417869490058,-1.2184705569895626,0.8084361535388619,1,1,0.2072181658738521,0,-0.0078339372127105,-1.3459989319998709,False,False,False,False,False,False,0
-0.4322078508670966,0.9604455194152858,0.3456796638494558,0.6048982301912587,-0.9166876736979732,1,0,1.658384432238035,1,-1.4321861577055308,-0.7369436066705508,True,True,False,True,False,False,0
1.217851385112589,-0.9410032061959116,-1.042417869490058,0.7630097933589615,0.8084361535388619,1,0,-0.2705127661048344,0,-0.7200100474591208,-0.4613127295142161,True,False,False,False,False,True,0
-2.103022548934577,-0.6557858973542321,-1.736466636159815,1.2731493782985157,-0.9166876736979732,1,1,1.152053644674021,0,-1.4321861577055308,0.2677753971573789,True,False,True,True,False,False,0
-0.6501402027889419,-0.9410032061959116,-1.042417869490058,-1.2184705569895626,0.8084361535388619,0,1,-0.0367036046403322,0,1.4165182832801098,1.2369291265135234,True,False,False,False,False,False,0
0.2215892048984391,-0.8459307699153518,-1.3894422528249364,-0.192202156277007,-0.9166876736979732,1,1,-0.3937722617670308,0,1.4165182832801098,1.4636577512711535,True,False,False,False,False,False,0
1.778248861483048,-0.4656410247931123,-0.6953934861551795,0.4636012480618032,-0.9166876736979732,1,0,-1.5858967875194152,0,-0.7200100474591208,-1.2348574492755424,True,False,False,False,True,False,0
-0.1416313816379696,1.3407352645375252,-1.3894422528249364,0.7655579423341345,-0.9166876736979732,1,0,-1.45654413324872,1,-0.0078339372127105,0.1432969365061309,False,True,False,False,False,False,0
-0.9407166720180687,-0.9410032061959116,1.3867528138540912,0.707141206789817,-0.9166876736979732,1,1,1.2768614233269064,0,1.4165182832801098,-0.1812361930489082,True,False,False,True,False,False,0
-0.2038977679013539,0.1047935928902469,-0.0013447194854226,1.1455629266775131,-0.9166876736979732,1,1,1.7255147140202751,0,-1.4321861577055308,0.1966448482138086,True,False,False,False,False,True,0
-0.0897427264184826,-1.321292951318151,-0.348369102820301,0.6250812031955563,-0.9166876736979732,1,1,0.8287818927536126,0,1.4165182832801098,1.3391792906199056,True,True,False,False,False,True,0
0.4187660947324896,0.4850833380124864,1.0397284305192127,-1.2184705569895626,-0.9166876736979732,0,1,1.019520968404483,0,0.7043421730336995,0.4411561102073313,False,False,True,False,True,False,0
0.6263207156104375,0.770300646854166,-1.3894422528249364,1.0212588880090727,-0.9166876736979732,1,1,-0.0819183362361249,0,0.7043421730336995,-0.1056599847963648,True,False,True,True,False,False,0
1.6018274337367924,-0.2754961522319926,1.0397284305192127,1.4711062100970411,0.8084361535388619,1,1,0.109240279769213,0,-0.0078339372127105,-0.4835410260590818,True,True,False,False,True,False,0
0.5640543293470531,0.4850833380124864,-0.348369102820301,0.856649584982152,-0.9166876736979732,0,0,-0.5314374831106988,0,-0.0078339372127105,-0.3501712467898875,False,False,False,False,False,True,0
0.0244123150643886,-0.2754961522319926,-0.0013447194854226,-1.2184705569895626,0.8084361535388619,0,0,0.9876804113409472,0,-0.7200100474591208,-0.047866413779714,False,False,True,False,False,True,0
-0.3388082714720201,0.1047935928902469,1.3867528138540912,0.4403369601327673,0.8084361535388619,0,0,0.7044341653970059,0,-1.4321861577055308,1.4058641802545029,True,True,False,False,False,False,0
0.3564997084691052,-0.2754961522319926,-0.0013447194854226,-1.2184705569895626,0.8084361535388619,1,1,0.9136321473109242,0,0.7043421730336995,1.597027530540348,False,False,True,True,False,False,0
1.5188055853856133,-0.9410032061959116,1.0397284305192127,0.0656766041865142,0.8084361535388619,1,0,-0.5252177495423773,0,-0.0078339372127105,1.5925818712313746,False,True,False,False,False,True,0
-0.0586095332867904,3.242183990148723,0.3456796638494558,0.3387462712454787,-0.9166876736979732,0,1,0.074560479444819,0,-1.4321861577055308,-1.5860645346844204,False,False,False,False,True,False,0
1.0310522263224358,0.3900109017319265,-1.3894422528249364,0.6223807897104625,-0.9166876736979732,1,0,0.4431731901874366,0,-0.7200100474591208,1.3347336313109326,True,False,False,False,False,False,0
-0.8680725547107871,-0.6557858973542321,0.6927040471843343,1.4937846559211343,-0.9166876736979732,1,0,-0.6693010863625506,0,0.7043421730336995,-1.6571950836279907,False,False,True,False,True,False,0
-1.075627175588735,0.1998660291708067,-0.348369102820301,0.1039859385968629,-0.9166876736979732,0,1,-0.7782134494222045,0,-0.7200100474591208,-0.4124104771155115,False,False,False,False,False,True,0
-1.023738520369248,-0.0853512796708728,-0.6953934861551795,0.3801415637675134,-0.9166876736979732,0,0,1.5210625976328973,0,-1.4321861577055308,1.1657985775699533,True,False,False,False,False,False,0
0.4602770189080792,-0.5607134610736721,-0.348369102820301,-1.2184705569895626,0.8084361535388619,1,1,-0.470477035153004,0,-0.0078339372127105,-1.150389922405053,False,False,False,False,True,False,0
0.6263207156104375,3.3372564264292826,-0.0013447194854226,-1.2184705569895626,0.8084361535388619,0,0,0.886625084592267,0,-0.7200100474591208,1.4903317071249924,True,False,True,True,False,False,0
0.4395215568202844,1.7210250096597648,1.0397284305192127,0.6440249256143789,-0.9166876736979732,1,1,0.3003262194926746,0,-0.7200100474591208,1.6948320353377568,True,False,True,False,False,True,0
1.7263602062635612,3.1471115538681627,1.0397284305192127,0.9476629338916298,0.8084361535388619,1,1,-0.638118093169962,0,-1.4321861577055308,0.5300692963867942,False,True,False,False,False,True,0
0.8442530675322827,0.2949384654513666,1.3867528138540912,1.191298798446607,-0.9166876736979732,0,1,1.20894439471335,0,-0.0078339372127105,-1.381564206471656,True,False,False,False,False,True,0
-1.0029830582814532,-1.226220515037591,0.6927040471843343,-1.2184705569895626,0.8084361535388619,1,0,-0.1270770827535342,0,-0.0078339372127105,-0.0700947103245797,False,False,False,False,False,True,0
0.8234976054444879,0.3900109017319265,-1.042417869490058,-1.2184705569895626,-0.9166876736979732,1,1,1.2101758925710762,1,-0.7200100474591208,0.7567979211444243,True,False,False,False,False,False,0
-0.3180528093842253,-0.4656410247931123,1.0397284305192127,-1.2184705569895626,-0.9166876736979732,0,0,-0.9120810742377848,0,-0.0078339372127105,-1.3237706354550052,True,False,True,False,False,False,0
-0.2765418852086357,-0.1804237159514327,-0.348369102820301,1.0664867310820794,-0.9166876736979732,1,0,-1.1267584652984235,0,-0.7200100474591208,-1.5816188753754474,False,True,False,False,False,True,0
0.8027421433566931,-0.2754961522319926,1.0397284305192127,1.229597565603901,0.8084361535388619,1,0,1.3335409253220254,0,0.7043421730336995,0.081057706180507,True,True,False,False,False,True,0
0.429143825776387,1.7210250096597648,1.3867528138540912,-1.2184705569895626,0.8084361535388619,1,1,0.6097762639871673,0,0.7043421730336995,-0.9147699790294764,False,False,True,False,False,True,0
-1.9369788522322189,0.1998660291708067,1.3867528138540912,0.6583560420749377,-0.9166876736979732,1,0,1.1796796728555476,0,-0.0078339372127105,-0.4968780039860012,True,False,False,False,False,True,0
-1.0029830582814532,-1.1311480787570314,-0.0013447194854226,-1.2184705569895626,0.8084361535388619,0,0,-0.0701166121662809,0,-0.0078339372127105,-0.4479757515872966,True,False,True,True,False,False,0
-1.075627175588735,-0.2754961522319926,-0.6953934861551795,-1.2184705569895626,-0.9166876736979732,1,0,-0.5986993819871506,0,1.4165182832801098,-0.8792047045576913,False,False,False,False,False,True,0
0.7093425639616167,0.3900109017319265,1.7337771971889695,0.555913728657398,-0.9166876736979732,0,0,-0.4793391948743277,0,0.7043421730336995,1.6903863760287838,False,True,False,False,False,True,0
-0.4010746577354044,0.2949384654513666,0.6927040471843343,0.6240110286589521,-0.9166876736979732,1,1,-0.3669922689625612,0,-1.4321861577055308,-0.078986028942526,True,False,False,False,False,True,0
0.5225434051714636,-1.0360756424764714,-1.3894422528249364,0.4312030108562561,-0.9166876736979732,1,1,-1.0451026636763083,0,-0.7200100474591208,1.2769400602942818,True,True,False,False,True,False,0
-0.1208759195501748,0.6752282105736062,-0.6953934861551795,-1.2184705569895626,-0.9166876736979732,1,1,0.970676769382455,0,-1.4321861577055308,0.7567979211444243,False,False,True,True,False,False,0
0.927274915883462,0.4850833380124864,0.6927040471843343,-1.2184705569895626,0.8084361535388619,1,1,1.5665993303627443,0,0.7043421730336995,1.0502114355366516,False,False,False,False,True,False,0
0.0140345840204912,-0.7508583336347919,-1.042417869490058,1.2590931705272674,0.8084361535388619,0,0,-1.3083170312946804,0,-1.4321861577055308,0.5611889115496062,True,True,False,False,False,True,0
-0.4840965060865836,1.1505903919764056,-0.6953934861551795,0.9620465663976712,-0.9166876736979732,1,1,-0.5793360211348205,1,-1.4321861577055308,0.3389059461009491,False,False,False,False,True,False,0
0.7923644123127958,-0.3705685885125524,1.0397284305192127,0.7970720527007934,0.8084361535388619,1,0,-0.8010433646000089,1,1.4165182832801098,-1.4838143705780382,False,True,False,False,True,False,0
-0.1623868437257644,-0.6557858973542321,1.0397284305192127,-1.2184705569895626,0.8084361535388619,1,0,0.6628523785615096,0,-0.7200100474591208,-1.2037378341127305,False,False,True,False,False,False,0
0.0555455081960808,-1.321292951318151,-1.042417869490058,1.5317459114202652,-0.9166876736979732,1,0,-1.3506972140305968,0,0.7043421730336995,-0.5324432784577863,True,True,False,True,False,False,0
-0.3491860025159174,-0.4656410247931123,-0.0013447194854226,0.942285002636393,-0.9166876736979732,1,1,0.8958151569155492,0,-0.7200100474591208,-0.4213017957334578,True,False,False,False,False,True,0
-1.4284700310812464,0.3900109017319265,-1.3894422528249364,0.3114805168264945,-0.9166876736979732,0,1,1.7185452672283883,1,0.7043421730336995,0.7434609432175049,True,True,False,True,False,False,0
0.9376526469273592,0.1998660291708067,-0.348369102820301,0.2674408492825332,-0.9166876736979732,0,1,-0.4640039777983339,1,-1.4321861577055308,-1.2126291527306767,False,True,False,False,False,False,0
-0.5567406233938653,-0.4656410247931123,-0.348369102820301,-1.2184705569895626,0.8084361535388619,0,0,-0.68741730135388,0,0.7043421730336995,-1.634966787083125,False,False,False,False,False,True,0
-2.4039767492076014,1.530880137098645,-0.348369102820301,0.2528324224842426,-0.9166876736979732,1,0,0.7726460719389402,1,-0.0078339372127105,1.6148101677762403,False,False,True,True,False,False,0
1.352761888683255,-0.3705685885125524,-0.348369102820301,-1.2184705569895626,-0.9166876736979732,1,1,0.3326774230630774,0,-1.4321861577055308,1.6592667608659717,False,False,False,False,True,False,0
-0.7539175132279158,-1.0360756424764714,-0.348369102820301,-1.2184705569895626,0.8084361535388619,1,1,1.3299829171107451,0,-0.0078339372127105,0.0721663875625607,True,False,False,False,False,False,0
0.3461219774252078,-1.321292951318151,1.7337771971889695,0.8390957765597781,-0.9166876736979732,1,0,0.3673984297960952,0,-0.0078339372127105,-0.2079101489027471,False,False,True,False,False,False,0
-0.0378540711989956,1.530880137098645,-1.3894422528249364,0.0843447774764475,-0.9166876736979732,0,1,1.4101067792122592,0,0.7043421730336995,-0.1901275116668545,True,False,True,False,True,False,0
-0.0274763401550982,0.1998660291708067,-0.348369102820301,0.6371667783820466,-0.9166876736979732,1,0,0.7495948244481493,0,-0.0078339372127105,-0.3146059723181024,False,True,False,True,False,False,0
-1.1690267549838116,-0.0853512796708728,0.3456796638494558,-1.2184705569895626,-0.9166876736979732,1,1,0.9119096498837762,1,-0.0078339372127105,-1.7238799732625878,True,False,True,False,False,True,0
1.5810719716489976,-1.416365387598711,-0.6953934861551795,-1.2184705569895626,0.8084361535388619,1,0,1.2651243776705976,0,0.7043421730336995,-1.2081834934217035,True,False,False,False,False,True,0
2.058447599668278,-0.7508583336347919,0.3456796638494558,-0.1297836340229516,0.8084361535388619,0,0,-0.8745742013217459,1,-0.0078339372127105,1.2813857196032548,True,False,False,False,False,False,0
0.7612312191811036,0.1047935928902469,1.0397284305192127,0.449068553243736,-0.9166876736979732,1,0,-0.667707076428959,0,0.7043421730336995,-0.8569764080128255,True,True,False,True,False,False,0
-1.5841359967397073,-1.7015826964403906,-0.6953934861551795,1.6076464873629448,-0.9166876736979732,1,1,0.929994395001853,0,1.4165182832801098,0.650102097729069,False,False,False,False,False,False,0
-0.1727645747696618,-0.9410032061959116,-1.042417869490058,-1.2184705569895626,0.8084361535388619,0,0,0.2910965055610965,0,-1.4321861577055308,0.0766120468715338,True,False,True,True,False,False,0
-0.3076750783403279,0.6752282105736062,-0.348369102820301,0.4958784421869086,0.8084361535388619,1,1,-1.2074468725847514,1,-0.0078339372127105,-1.3682272285447366,False,False,True,True,False,False,0
0.2008337428106443,-0.4656410247931123,0.6927040471843343,0.4883608022980425,0.8084361535388619,1,1,-1.2873713095778632,0,0.7043421730336995,-1.350444591308844,True,False,False,True,False,False,0
2.058447599668278,-0.8459307699153518,-1.042417869490058,-1.2184705569895626,0.8084361535388619,0,1,-1.2604322287401,0,-1.4321861577055308,0.2499927599214863,True,False,True,False,True,False,0
-0.1727645747696618,-1.0360756424764714,-0.6953934861551795,0.0884051644076689,0.8084361535388619,1,1,0.9799139595822643,0,-1.4321861577055308,0.2322101226855938,False,True,False,False,False,False,0
-1.9577343143200132,-0.3705685885125524,-1.042417869490058,-1.2184705569895626,0.8084361535388619,1,1,-1.7122455467614608,0,-0.7200100474591208,0.872385063177726,False,False,True,False,False,False,0
-0.7746729753157106,0.3900109017319265,0.3456796638494558,-1.2184705569895626,0.8084361535388619,1,1,0.8524079435646973,0,-0.0078339372127105,-0.714715310125685,True,False,True,False,False,False,0
-0.0586095332867904,0.5801557742930463,-0.6953934861551795,-0.4637965707656136,-0.9166876736979732,1,1,-0.7510146117300797,0,-0.0078339372127105,1.476994729198073,False,False,False,False,True,False,0
-0.2869196162525331,-0.5607134610736721,0.3456796638494558,-0.158220111992452,-0.9166876736979732,0,1,1.223808085290664,0,1.4165182832801098,-0.8614220673217987,True,False,True,True,False,False,0
-1.075627175588735,-0.1804237159514327,1.3867528138540912,-1.2184705569895626,0.8084361535388619,0,0,-0.0417577358313852,0,1.4165182832801098,1.6014731898493209,False,False,False,False,False,True,0
-1.4077145689934516,0.3900109017319265,-1.042417869490058,0.5871484472576932,0.8084361535388619,1,1,0.6769550545795594,0,-0.0078339372127105,-1.634966787083125,False,False,False,False,False,True,0
0.1178118944594652,1.2456628282569653,-1.736466636159815,0.963805693811446,-0.9166876736979732,1,0,0.767830311997773,1,-0.7200100474591208,-0.2612580606104248,True,False,True,False,False,True,0
-0.4529633129548914,0.1998660291708067,-1.3894422528249364,0.1233762075121828,-0.9166876736979732,0,1,0.2105750103097,1,-0.0078339372127105,-0.6702587170359536,False,False,True,False,False,False,0
0.1593228186350548,-0.4656410247931123,-0.0013447194854226,-1.2184705569895626,0.8084361535388619,1,1,0.0430726979217783,0,0.7043421730336995,1.4236468174903951,True,False,False,False,True,False,0
-1.2001599481155036,0.1047935928902469,1.3867528138540912,-1.2184705569895626,0.8084361535388619,1,1,-1.538238011678804,0,-0.7200100474591208,-1.6394124463920985,True,False,True,False,False,True,0
0.771608950225001,1.6259525733792048,1.0397284305192127,0.752656767343715,2.533559980775697,0,1,0.5160796715785099,1,0.7043421730336995,1.1835812148058458,False,False,True,False,False,False,0
0.5536765983031557,-0.7508583336347919,1.3867528138540912,0.5578195167347768,0.8084361535388619,1,0,1.0962905940706946,0,-0.0078339372127105,-0.616910805328276,False,True,False,False,False,False,0
0.719720295005514,0.3900109017319265,-0.6953934861551795,0.2032787302744949,-0.9166876736979732,0,0,-0.9531487372323528,0,-0.7200100474591208,-0.0656490510156066,True,False,True,True,False,False,0
1.902781634009817,1.6259525733792048,-1.042417869490058,-1.2184705569895626,0.8084361535388619,1,1,-1.0538262516352987,0,1.4165182832801098,0.081057706180507,False,False,False,False,True,False,0
-0.6397624717450445,0.1047935928902469,-1.042417869490058,0.6650851407320898,0.8084361535388619,0,0,-0.1431486253169583,0,1.4165182832801098,-0.1456709185771231,False,True,False,False,False,False,0
0.2527223980301313,-0.4656410247931123,-1.3894422528249364,-0.208257015864598,-0.9166876736979732,1,1,-1.0394704256976035,0,-0.0078339372127105,1.632592805012133,False,False,False,False,False,True,0
1.062185419454128,-1.0360756424764714,1.0397284305192127,-1.2184705569895626,0.8084361535388619,1,1,-0.8313552856103008,0,0.7043421730336995,-0.4879866853680549,True,False,False,False,False,False,0
1.3216286955515628,-1.1311480787570314,-1.3894422528249364,-1.2184705569895626,0.8084361535388619,1,1,1.5681338778838914,0,-1.4321861577055308,0.0588294096356413,True,False,False,False,False,True,0
-0.9718498651497612,0.1047935928902469,-0.348369102820301,1.371577096214737,-0.9166876736979732,0,0,-0.1400105051935516,0,-0.7200100474591208,0.0943946841074264,True,False,True,False,False,False,0
0.7404757570933088,-0.4656410247931123,-0.0013447194854226,-1.2184705569895626,0.8084361535388619,0,1,-1.5359255845281967,0,0.7043421730336995,0.0010358386189905,True,False,False,False,False,False,0
0.4498992878641817,-1.0360756424764714,-0.0013447194854226,1.5205196460389752,0.8084361535388619,1,1,-0.2041523660837137,0,-0.0078339372127105,0.587862867403445,True,False,False,False,False,True,0
1.062185419454128,0.009721156609687,-0.6953934861551795,1.35547868673577,-0.9166876736979732,1,1,-1.326172793964836,0,1.4165182832801098,0.5078409998419284,False,True,False,False,True,False,0
-0.0067208780673035,-0.4656410247931123,-0.6953934861551795,-1.2184705569895626,0.8084361535388619,1,1,0.0898605754467959,0,1.4165182832801098,0.112177321343319,True,False,False,False,False,True,0
-2.165288935197961,-0.3705685885125524,1.3867528138540912,0.5156476912231354,-0.9166876736979732,1,0,0.4972570361726753,1,0.7043421730336995,-0.5813455308564909,False,False,False,False,True,False,0
-0.5567406233938653,0.1047935928902469,-1.042417869490058,1.5222626023533783,-0.9166876736979732,1,0,0.6528571295363881,1,-1.4321861577055308,1.5214513222878043,False,False,False,False,False,True,0
2.058447599668278,-0.4656410247931123,1.0397284305192127,1.9713851069477493,-0.9166876736979732,0,0,-0.562024113511815,0,-0.0078339372127105,1.0813310506994636,True,False,True,False,False,True,0
0.086678701327773,-1.0360756424764714,-1.042417869490058,1.5176482351862726,0.8084361535388619,1,0,-1.020117496847457,0,-0.0078339372127105,-0.2168014675206933,True,True,False,False,False,False,0
-1.0860049066326325,-0.8459307699153518,1.3867528138540912,-0.0593964423064791,-0.9166876736979732,1,0,-0.4060509022033498,0,-0.0078339372127105,0.8901677004136185,False,True,False,False,True,False,0
0.3149887842935157,0.4850833380124864,-0.6953934861551795,0.6273131351285701,-0.9166876736979732,0,0,-1.332947162315897,0,-1.4321861577055308,-0.0834316882514991,True,False,False,False,True,False,0
0.2215892048984391,0.770300646854166,-1.3894422528249364,1.72081952603748,0.8084361535388619,0,1,-1.1541923707730766,0,1.4165182832801098,0.7345696245995587,True,True,False,False,True,False,0
0.1697005496789521,-0.1804237159514327,0.3456796638494558,1.4692045848769255,-0.9166876736979732,1,0,0.264399099440577,0,0.7043421730336995,-0.3457255874809144,False,True,False,False,False,True,0
-0.992605327237556,-0.5607134610736721,-0.6953934861551795,0.7703082428018952,0.8084361535388619,1,0,-0.6572811595803748,0,-0.7200100474591208,-0.3101603130091293,True,True,False,True,False,False,0
1.6018274337367924,-0.4656410247931123,-1.042417869490058,0.3210289906205503,0.8084361535388619,1,0,0.7524904005207966,0,-0.7200100474591208,-1.350444591308844,True,True,False,True,False,False,0
-0.1727645747696618,0.6752282105736062,1.0397284305192127,-1.2184705569895626,0.8084361535388619,1,1,-0.6901139739182349,0,-1.4321861577055308,0.1255142992702384,True,False,True,True,False,False,0
-0.8680725547107871,-1.226220515037591,-1.3894422528249364,0.5896549676602276,0.8084361535388619,1,0,-1.3619945507948836,0,1.4165182832801098,-0.7502805845974702,True,True,False,True,False,False,0
0.6782093708299244,-0.0853512796708728,0.6927040471843343,0.3419454270527632,-0.9166876736979732,0,0,1.542969976084301,0,-0.7200100474591208,0.3077863309381372,True,False,False,False,True,False,0
-0.8265616305351976,-0.7508583336347919,-0.0013447194854226,0.3523482472452811,-0.9166876736979732,0,1,0.3401816838335559,0,-1.4321861577055308,0.1432969365061309,True,False,True,True,False,False,0
-0.0689872643306878,0.1998660291708067,-1.042417869490058,1.005152312925473,-0.9166876736979732,1,0,0.5129978842668922,1,-0.7200100474591208,1.4636577512711535,False,True,False,True,False,False,0
0.5121656741275662,0.3900109017319265,-1.042417869490058,-1.2184705569895626,0.8084361535388619,1,1,1.127916773489366,0,-0.7200100474591208,0.1166229806522921,True,False,False,False,False,True,0
-1.760557424485963,-0.3705685885125524,-0.0013447194854226,1.1481626310388002,0.8084361535388619,0,0,0.1494980716609594,0,-0.7200100474591208,1.503668685051912,False,False,False,False,False,True,0
-0.6190070096572498,0.2949384654513666,-1.3894422528249364,1.1391362756115708,0.8084361535388619,1,1,-0.6504052530747306,0,-0.7200100474591208,0.1388512771971578,True,False,False,True,False,False,0
-0.0586095332867904,-0.9410032061959116,-0.348369102820301,0.4780128997994286,-0.9166876736979732,1,0,-1.4771781119669625,0,-1.4321861577055308,-1.163726900331972,False,True,False,False,True,False,0
0.4498992878641817,2.291459627343124,-1.3894422528249364,1.122383016663018,-0.9166876736979732,1,1,0.4565311951163098,1,-0.0078339372127105,0.4278191322804119,True,False,True,False,False,False,0
0.5744320603909505,0.4850833380124864,-0.6953934861551795,-1.2184705569895626,0.8084361535388619,1,1,0.6023737152379752,0,-0.7200100474591208,0.334460286791976,True,False,True,False,False,False,0
-0.2350309610330461,-0.1804237159514327,0.3456796638494558,0.8485689987032947,-0.9166876736979732,1,1,-1.3293841119702283,0,-1.4321861577055308,-1.2304117899665694,False,False,False,False,False,False,0
-0.733162051140121,-0.1804237159514327,1.7337771971889695,0.4507556312048669,-0.9166876736979732,1,0,-0.240317161918885,0,-0.7200100474591208,-0.2123558082117202,False,False,False,False,False,False,0
1.8197597856586376,0.770300646854166,1.0397284305192127,1.071124954623505,0.8084361535388619,1,0,0.1485901397376156,0,0.7043421730336995,-1.5193796450498234,False,True,False,False,False,True,0
0.3149887842935157,-0.8459307699153518,-0.348369102820301,-1.2184705569895626,-0.9166876736979732,0,1,1.0611783872558074,0,-0.7200100474591208,-1.5771732160664742,True,False,False,False,False,False,0
-0.494474237130481,-1.226220515037591,-0.6953934861551795,-1.2184705569895626,0.8084361535388619,1,0,0.9530908478354378,0,0.7043421730336995,0.3211233088650566,False,False,True,False,False,True,0
0.3668774395130026,-0.7508583336347919,-1.042417869490058,-1.2184705569895626,0.8084361535388619,0,1,0.7820541731078513,0,-0.0078339372127105,-1.154835581714026,False,False,False,False,False,True,0
-0.6086292786133524,0.009721156609687,1.0397284305192127,1.205460038308821,-0.9166876736979732,1,0,-1.2719512455507795,1,-0.7200100474591208,-1.6038471719203131,False,True,False,False,False,True,0
1.186718191980897,-1.1311480787570314,-0.0013447194854226,0.8034889370631552,-0.9166876736979732,1,0,1.341953291882551,1,-0.0078339372127105,1.6103645084672673,True,True,False,False,False,True,0
-0.048231802242893,-0.3705685885125524,-0.6953934861551795,1.8621714258608395,-0.9166876736979732,1,1,-1.0481729757855245,0,-0.0078339372127105,1.5792448933044552,True,True,False,False,False,False,0
1.1244518057175124,-0.4656410247931123,0.3456796638494558,0.7237228279311823,0.8084361535388619,1,1,-0.7146978563964399,0,0.7043421730336995,0.8190371514700483,True,True,False,False,False,True,0
0.6159429845665401,2.386532063623684,-0.348369102820301,-1.2184705569895626,0.8084361535388619,1,1,-1.690777529468672,0,-1.4321861577055308,1.5214513222878043,True,False,False,True,False,False,0
-0.7435397821840184,1.6259525733792048,-1.3894422528249364,0.8848659118463512,-0.9166876736979732,1,0,0.112793941312917,1,-1.4321861577055308,0.841265448014914,False,False,False,False,False,True,0
-0.992605327237556,0.3900109017319265,-0.348369102820301,0.7971644361100724,-0.9166876736979732,1,1,-0.444687039355719,0,-0.0078339372127105,-1.4304664588703606,False,True,False,False,True,False,0
0.1489450875911573,1.9111698822208845,-0.0013447194854226,-1.2184705569895626,0.8084361535388619,1,1,1.4725084082715618,0,-0.7200100474591208,1.2680487416763355,False,False,False,False,False,False,0
0.5951875224787453,-0.2754961522319926,0.6927040471843343,-1.2184705569895626,-0.9166876736979732,0,1,-1.0144376193921154,1,-0.0078339372127105,-0.1901275116668545,False,False,False,False,False,True,0
-0.4218301198231992,0.9604455194152858,-0.6953934861551795,-1.2184705569895626,0.8084361535388619,1,1,0.738694425366933,0,0.7043421730336995,-0.7547262439064433,True,False,False,False,True,False,0
0.3461219774252078,1.8160974459403243,-1.3894422528249364,0.459425742116246,-0.9166876736979732,1,1,0.9345356194188992,0,-0.0078339372127105,0.2944493530112178,True,False,False,True,False,False,0
-1.013360789325351,-0.8459307699153518,1.3867528138540912,-1.2184705569895626,0.8084361535388619,1,1,-1.0451299607486877,0,1.4165182832801098,-0.430193114351404,False,False,False,False,True,False,0
0.7093425639616167,-0.1804237159514327,1.0397284305192127,1.283771549046861,-0.9166876736979732,1,0,-0.9466306484015922,0,-1.4321861577055308,-0.9636722314281808,False,True,False,True,False,False,0
-1.4492254931690411,-0.2754961522319926,-1.3894422528249364,-1.2184705569895626,-0.9166876736979732,0,1,0.6094196633792055,1,0.7043421730336995,0.8368197887059409,True,False,True,False,True,False,0
-0.8473170926229924,-0.0853512796708728,-1.3894422528249364,0.8181526017751396,-0.9166876736979732,1,0,0.8126006403005618,1,-0.7200100474591208,-0.4346387736603772,True,True,False,False,True,False,0
-0.2869196162525331,-0.3705685885125524,0.6927040471843343,0.6973476047468768,0.8084361535388619,1,1,-1.6662731040737622,0,-1.4321861577055308,1.032428798300759,False,False,True,False,False,False,0
-0.3284305404281227,0.1998660291708067,-1.736466636159815,0.3494073486982514,-0.9166876736979732,1,0,-0.2682931837736574,0,-0.0078339372127105,1.0190918203738395,True,False,False,True,False,False,0
0.667831639786027,-0.5607134610736721,-1.042417869490058,-1.2184705569895626,0.8084361535388619,1,1,-0.1306566504359933,0,-1.4321861577055308,-0.3368342688629681,True,False,True,False,True,False,0
-1.2728040654227857,-0.4656410247931123,1.3867528138540912,-1.2184705569895626,-0.9166876736979732,1,1,-0.1255851325746349,0,-0.0078339372127105,-0.1990188302848008,True,False,True,False,False,False,0
-0.836939361579095,-0.7508583336347919,-0.6953934861551795,-1.2184705569895626,0.8084361535388619,1,1,1.638461220601874,0,-0.7200100474591208,-0.5102149819129206,False,False,True,False,True,False,0
0.0763009702838756,-0.7508583336347919,0.6927040471843343,1.177107778143967,0.8084361535388619,1,1,0.0713239507674838,0,1.4165182832801098,-0.8436394300859061,True,False,True,False,False,True,0
1.352761888683255,-0.5607134610736721,-1.042417869490058,0.2944563519360008,-0.9166876736979732,0,1,0.0249516146627632,0,-0.0078339372127105,-1.257085745820408,False,False,False,False,True,False,0
-0.7539175132279158,1.9111698822208845,-0.6953934861551795,1.1514940376191602,-0.9166876736979732,1,1,-0.4442827992711204,0,-0.7200100474591208,-1.097042010697375,False,False,True,False,False,True,0
0.9895413021468462,0.1998660291708067,1.3867528138540912,-1.2184705569895626,-0.9166876736979732,1,0,-1.182299661988654,1,-1.4321861577055308,0.4900583626060359,True,False,True,False,True,False,0
-0.2557864231208409,0.1998660291708067,-0.0013447194854226,0.3967302297442484,-0.9166876736979732,0,1,0.5952145798730573,0,0.7043421730336995,-0.9414439348833152,True,False,True,True,False,False,0
-0.1104981885062774,-0.6557858973542321,0.6927040471843343,-1.2184705569895626,0.8084361535388619,1,1,-1.3242385268933694,0,0.7043421730336995,0.2010905075227818,True,False,True,True,False,False,0
1.4150282749466394,1.7210250096597648,1.0397284305192127,0.2820268606955569,-0.9166876736979732,1,1,1.3860514515113358,1,-1.4321861577055308,0.3966995171176,False,True,False,True,False,False,0
-0.6397624717450445,-0.7508583336347919,1.0397284305192127,0.578148349853205,-0.9166876736979732,1,0,-1.289567072170722,0,-0.0078339372127105,0.9479612714302692,True,False,False,True,False,False,0
1.4357837370344342,-1.226220515037591,-0.348369102820301,1.048392711874771,0.8084361535388619,0,0,-0.0368948580136907,0,-0.0078339372127105,-1.2748683830563008,False,False,False,False,False,False,0
-0.4737187750426862,-0.3705685885125524,-1.042417869490058,0.8976100190300073,-0.9166876736979732,0,1,1.1194286010463097,0,-0.0078339372127105,-1.2259661306575962,True,False,False,True,False,False,0
0.6263207156104375,1.3407352645375252,0.3456796638494558,0.9386898950593564,0.8084361535388619,1,1,0.5610913268651366,0,-0.7200100474591208,1.1080050065533025,True,True,False,False,False,False,0
2.058447599668278,-0.2754961522319926,0.6927040471843343,-1.2184705569895626,-0.9166876736979732,1,1,-1.0365652869562878,0,-0.0078339372127105,1.4992230257429386,True,False,False,True,False,False,0
-0.836939361579095,-0.5607134610736721,-0.6953934861551795,-0.0681906383863007,-0.9166876736979732,1,0,-1.2806890905794204,0,1.4165182832801098,-1.3904555250896025,True,True,False,False,False,False,0
-0.4529633129548914,0.5801557742930463,-0.348369102820301,-1.2184705569895626,0.8084361535388619,0,0,-1.1081187376642012,1,-1.4321861577055308,0.841265448014914,True,False,True,False,False,False,0
0.3668774395130026,0.1998660291708067,1.7337771971889695,0.9320968898127536,0.8084361535388619,1,1,1.6975167849609178,0,0.7043421730336995,-0.9103243197205032,True,True,False,False,False,False,0
0.3357442463813104,2.291459627343124,-0.6953934861551795,0.0823549317043171,-0.9166876736979732,1,0,-0.5353004535191346,1,-0.7200100474591208,1.1702442368789263,False,True,False,False,True,False,0
-0.9822275961936584,0.2949384654513666,0.3456796638494558,1.628636094017065,-0.9166876736979732,1,0,0.8782532289735531,1,-0.0078339372127105,-0.4168561364244846,True,False,False,False,True,False,0
1.2904955024198703,-0.7508583336347919,-0.0013447194854226,-1.2184705569895626,0.8084361535388619,1,0,-0.1353265362132987,0,-0.7200100474591208,-0.0434207544707409,False,False,False,False,False,False,0
-1.3246927206422725,0.1047935928902469,-1.042417869490058,1.6717836292274,-0.9166876736979732,1,0,1.3834770072392275,0,0.7043421730336995,0.0855033654894801,True,False,False,True,False,False,0
0.6263207156104375,0.4850833380124864,-1.042417869490058,-1.2184705569895626,0.8084361535388619,0,0,-0.9509178535654774,0,1.4165182832801098,-1.2126291527306767,False,False,True,False,True,False,0
-0.5048519681743784,-0.7508583336347919,-1.3894422528249364,0.8588552588924243,-0.9166876736979732,1,0,0.1515058843478175,0,-1.4321861577055308,0.2544384192304595,True,False,False,False,True,False,0
-0.7954284374035054,-1.226220515037591,0.6927040471843343,-1.2184705569895626,0.8084361535388619,1,0,0.2099673461825292,0,-0.7200100474591208,-1.1592812410229991,False,False,True,False,True,False,0
0.5121656741275662,1.1505903919764056,1.3867528138540912,-1.2184705569895626,0.8084361535388619,0,0,-0.6688603342703108,0,-0.7200100474591208,-0.1323339406502037,True,False,False,False,False,False,0
0.6574539087421296,-0.7508583336347919,-1.042417869490058,0.5781568356776274,0.8084361535388619,1,1,1.4112661223882177,0,1.4165182832801098,0.1521882551240772,False,False,False,False,True,False,0
-1.0444939824570427,1.2456628282569653,-1.3894422528249364,-1.2184705569895626,-0.9166876736979732,0,0,-0.6406421160981851,1,-1.4321861577055308,-0.0078554799989557,True,False,False,False,True,False,0
-0.2454086920769435,-0.9410032061959116,1.3867528138540912,-0.0657387154578809,-0.9166876736979732,1,1,-1.140110558759393,0,0.7043421730336995,-1.7149886546446416,False,False,False,False,False,False,0
-1.013360789325351,-1.226220515037591,0.6927040471843343,0.2642569039152512,0.8084361535388619,1,0,1.60441412120989,0,-0.0078339372127105,0.303340671629164,False,False,False,False,False,True,0
-0.5567406233938653,-0.3705685885125524,1.0397284305192127,0.6101861796856378,-0.9166876736979732,1,1,-0.4539388343585849,0,-0.7200100474591208,0.0988403434163995,True,False,False,False,True,False,0
-1.4077145689934516,-0.5607134610736721,0.6927040471843343,0.6259246621211745,-0.9166876736979732,1,1,-1.5513393893539706,0,0.7043421730336995,1.4947773664339656,True,False,False,False,False,False,0
-0.5567406233938653,-0.4656410247931123,-1.736466636159815,0.4544884332914008,-0.9166876736979732,0,1,-0.9941979703563972,0,1.4165182832801098,-0.2657037199193979,True,False,True,False,False,True,0
0.481032480995874,-0.7508583336347919,1.0397284305192127,1.7448155161855885,-0.9166876736979732,0,0,0.2591735356803137,1,1.4165182832801098,1.3969728616365564,False,False,True,True,False,False,0
1.300873233463768,-0.4656410247931123,-0.0013447194854226,0.3296906157075072,-0.9166876736979732,1,1,1.255095572371787,0,-0.7200100474591208,1.6192558270852135,False,True,False,False,False,True,0
-0.7435397821840184,2.671749372465364,-0.6953934861551795,1.246359470486771,-0.9166876736979732,1,1,-1.617175407398683,0,1.4165182832801098,-1.7149886546446416,True,False,True,False,True,False,0
-0.3076750783403279,0.1047935928902469,-0.348369102820301,0.3794223501202324,0.8084361535388619,1,0,1.6854784283082187,0,-1.4321861577055308,-0.6658130577269805,True,False,False,False,False,False,0
-1.2209154102032984,1.530880137098645,1.0397284305192127,0.6543870778936266,2.533559980775697,1,0,0.3761642673639276,1,-1.4321861577055308,1.0368744576097322,False,False,False,False,True,False,0
0.2423446669862339,-0.0853512796708728,-1.3894422528249364,0.4469426140610563,-0.9166876736979732,0,0,-1.3624622522260963,1,-1.4321861577055308,1.379190224400664,False,False,False,False,False,False,0
0.1800782807228495,-0.3705685885125524,-0.348369102820301,0.5150264648314501,0.8084361535388619,1,0,1.295978588927713,0,1.4165182832801098,-0.901433001102557,False,True,False,False,False,False,0
1.300873233463768,1.3407352645375252,1.7337771971889695,-1.2184705569895626,0.8084361535388619,1,0,1.5571794062580258,0,-0.7200100474591208,-1.3371076133819246,False,False,False,False,True,False,0
1.2697400403320758,0.9604455194152858,-1.3894422528249364,1.0673766218771794,-0.9166876736979732,1,1,-1.6033444850375052,0,-1.4321861577055308,-0.1545622371950694,True,False,False,False,False,True,0
0.2527223980301313,-0.8459307699153518,-1.3894422528249364,0.8342540533421069,-0.9166876736979732,1,1,-0.7829412328116266,0,-0.7200100474591208,-0.3723995433347533,True,False,False,True,False,False,0
-0.0067208780673035,0.5801557742930463,-1.3894422528249364,-1.2184705569895626,-0.9166876736979732,1,0,-0.5683912860443255,1,-0.0078339372127105,0.0988403434163995,True,False,False,False,False,True,0
-0.5567406233938653,0.4850833380124864,1.0397284305192127,-1.2184705569895626,0.8084361535388619,1,0,0.8355444381688659,0,0.7043421730336995,1.3436249499288788,True,False,True,False,False,True,0
0.4498992878641817,-1.511437823879271,-1.3894422528249364,-1.2184705569895626,0.8084361535388619,1,1,0.7185046760749911,0,-1.4321861577055308,-0.047866413779714,False,False,False,True,False,False,0
-2.082267086846782,-0.2754961522319926,-1.042417869490058,-1.2184705569895626,0.8084361535388619,1,1,1.3859111410819722,0,-1.4321861577055308,-0.6302477832551954,False,False,False,True,False,False,0
-0.9095834788863768,0.2949384654513666,0.6927040471843343,0.3798176614504054,-0.9166876736979732,1,1,-1.1077028485104978,0,-1.4321861577055308,-0.1945731709758276,True,False,False,True,False,False,0
1.4461614680783317,0.2949384654513666,1.7337771971889695,0.601297038438221,0.8084361535388619,0,1,0.6870410620236747,1,-1.4321861577055308,0.1210686399612653,False,True,False,False,False,True,0
0.3461219774252078,-0.7508583336347919,0.6927040471843343,0.7420640568160067,0.8084361535388619,1,1,1.396814843630546,0,1.4165182832801098,1.508114344360885,True,False,True,True,False,False,0
1.1763404609369994,0.4850833380124864,0.3456796638494558,-1.2184705569895626,0.8084361535388619,1,1,1.0339623367600803,0,1.4165182832801098,1.2013638520417382,True,False,False,False,False,True,0
1.0206744952785385,-1.606510260159831,-0.0013447194854226,-1.2184705569895626,0.8084361535388619,0,1,0.081619293722075,0,1.4165182832801098,1.5258969815967776,True,False,False,True,False,False,0
0.7819866812688984,0.770300646854166,0.6927040471843343,-1.2184705569895626,0.8084361535388619,1,0,1.6147706652439562,0,0.7043421730336995,-1.4349121181793338,True,False,False,False,True,False,0
0.3046110532496183,-0.0853512796708728,-0.6953934861551795,-1.2184705569895626,0.8084361535388619,1,1,0.2096948970588449,0,-1.4321861577055308,1.1302333030981682,True,False,False,False,False,False,0
-0.1104981885062774,-1.226220515037591,-0.348369102820301,0.2473009458399269,0.8084361535388619,0,1,-1.2566033362054627,0,-0.7200100474591208,0.4678300660611702,False,False,False,False,True,False,0
-0.1312536505940722,2.006242318501444,-0.0013447194854226,1.375946655352748,-0.9166876736979732,1,1,-0.2793963114306337,1,0.7043421730336995,-1.3860098657806292,False,False,False,False,False,True,0
0.8961417227517697,-0.9410032061959116,1.3867528138540912,1.00875718720609,-0.9166876736979732,1,0,0.7205168354294254,1,1.4165182832801098,0.0366011130907756,False,True,False,False,False,True,0
-0.9614721341058636,-1.0360756424764714,-0.6953934861551795,1.0406709318700802,-0.9166876736979732,1,1,-1.4748072656041291,0,-0.0078339372127105,-1.2393031085845156,True,False,False,False,True,False,0
-0.8576948236668898,0.2949384654513666,1.3867528138540912,1.1207470137583169,-0.9166876736979732,1,0,-1.1798121510680724,1,-0.7200100474591208,0.9123959969584844,False,True,False,False,True,False,0
-1.1171380997643243,-1.226220515037591,0.3456796638494558,-1.2184705569895626,-0.9166876736979732,1,0,-0.0040144041991941,1,0.7043421730336995,-0.4390844329693503,False,False,False,False,False,True,0
-1.4180923000373489,-0.1804237159514327,-1.736466636159815,1.9333506812267107,-0.9166876736979732,1,1,0.562264405510636,0,-0.0078339372127105,0.1655252330509967,False,False,False,False,True,False,0
0.0244123150643886,0.2949384654513666,0.6927040471843343,0.3708297323979191,-0.9166876736979732,1,1,-0.5706894561252827,0,-0.0078339372127105,1.352516268546825,True,False,False,False,False,True,0
-0.6708956648767367,0.1047935928902469,-0.0013447194854226,0.99491904911151,0.8084361535388619,1,0,1.0255842219400568,0,1.4165182832801098,-0.90587866041153,True,True,False,False,False,True,0
0.3149887842935157,-0.6557858973542321,-1.042417869490058,0.4653072189905164,0.8084361535388619,1,1,1.1082119384322393,0,-0.0078339372127105,0.8546024259418334,True,True,False,False,False,False,0
-1.7501796934420657,-0.9410032061959116,1.3867528138540912,-1.2184705569895626,-0.9166876736979732,1,1,-0.3268144557542194,0,1.4165182832801098,-1.634966787083125,True,False,False,True,False,False,0
0.7819866812688984,-0.2754961522319926,0.3456796638494558,1.0297735322126356,-0.9166876736979732,1,1,0.219114473430157,1,-0.0078339372127105,-1.1103789886242943,True,True,False,False,True,False,0
-1.5945137277836046,0.4850833380124864,-1.042417869490058,0.7140986221569028,0.8084361535388619,1,1,-0.0392165000995598,0,-0.0078339372127105,-0.2256927861386396,False,True,False,False,True,False,0
1.3423841576393576,0.2949384654513666,-0.6953934861551795,1.288138546426556,-0.9166876736979732,1,1,1.3082203696229846,0,-0.0078339372127105,1.6459297829390525,False,False,False,False,False,False,0
-1.158649023939914,-1.321292951318151,-0.0013447194854226,0.6413696631196083,-0.9166876736979732,1,0,-1.5129814389264864,0,1.4165182832801098,1.3302879720019594,True,False,False,False,False,True,0
-0.0378540711989956,1.0555179556958456,1.3867528138540912,0.4232253752397324,-0.9166876736979732,1,1,1.5493592296880996,0,1.4165182832801098,-1.221520471348623,False,False,False,False,False,False,0
0.1697005496789521,0.3900109017319265,-1.3894422528249364,1.1378227340349247,-0.9166876736979732,0,0,0.7171730309963069,0,-1.4321861577055308,-0.7814001997602822,True,False,True,False,False,False,0
0.0244123150643886,-0.9410032061959116,-0.348369102820301,0.3341946671571204,-0.9166876736979732,0,1,0.7123802214599428,0,-0.7200100474591208,-1.1770638782588916,False,False,False,False,False,False,0
-0.0897427264184826,1.1505903919764056,-1.042417869490058,0.4663583404496436,-0.9166876736979732,1,0,-1.1381929828914197,1,-0.7200100474591208,1.072439732081517,False,False,False,False,False,True,0
1.1452072678053071,-1.8917275690015103,0.3456796638494558,-1.2184705569895626,0.8084361535388619,1,0,-0.7812025657810948,0,-1.4321861577055308,1.4414294547262878,False,False,True,False,False,False,0
0.4706547499519766,0.2949384654513666,1.3867528138540912,0.906816337978952,0.8084361535388619,0,0,1.2907231200945242,0,-1.4321861577055308,-1.7105429953356683,True,False,False,False,True,False,0
-0.6605179338328393,-0.2754961522319926,-1.042417869490058,-1.2184705569895626,0.8084361535388619,1,0,-0.137272800087276,1,-0.0078339372127105,-1.1726182189499186,False,False,False,False,False,False,0
0.7819866812688984,1.2456628282569653,-1.3894422528249364,1.2589734083259836,-0.9166876736979732,1,0,-0.350717302356565,1,-0.0078339372127105,0.7968088549251826,False,False,True,False,False,False,0
-1.137893561852119,-0.0853512796708728,1.0397284305192127,-0.1626697260778454,-0.9166876736979732,1,1,-0.5622511834260024,1,0.7043421730336995,-1.5504992602126355,True,False,False,False,True,False,0
-0.3076750783403279,1.2456628282569653,1.3867528138540912,0.5743434983140272,-0.9166876736979732,1,1,1.0836242308865676,1,-0.7200100474591208,1.3836358837096372,False,True,False,True,False,False,0
-0.4218301198231992,1.3407352645375252,-0.6953934861551795,0.1195399744336312,-0.9166876736979732,0,0,-1.7246846661646975,0,0.7043421730336995,0.7034500094367466,True,False,False,True,False,False,0
-0.3180528093842253,0.009721156609687,0.3456796638494558,-1.2184705569895626,0.8084361535388619,1,1,-0.7223705940021767,0,-1.4321861577055308,-0.4657583888231892,True,False,False,False,False,True,0
-1.3246927206422725,-0.6557858973542321,-1.3894422528249364,1.1011329112101165,-0.9166876736979732,0,0,1.518008455127065,0,-1.4321861577055308,-0.0034098206899826,True,False,False,False,False,False,0
0.5017879430836688,-0.4656410247931123,-1.042417869490058,0.0035312294129266,-0.9166876736979732,1,0,0.4816977049164458,0,-1.4321861577055308,-0.5680085529295714,False,False,False,False,False,False,0
-0.5359851613060705,-1.1311480787570314,-0.6953934861551795,-1.2184705569895626,0.8084361535388619,0,1,0.4393208256478874,0,-0.0078339372127105,-1.190400856185811,False,False,False,False,True,False,0
0.5640543293470531,0.2949384654513666,1.3867528138540912,-1.2184705569895626,0.8084361535388619,1,1,-1.2469189608454003,0,0.7043421730336995,-1.092596351388402,True,False,True,False,True,False,0
0.8234976054444879,0.9604455194152858,-0.348369102820301,0.2037227150126764,-0.9166876736979732,1,1,-1.1592019920881478,1,-0.7200100474591208,-0.52355195983984,False,True,False,False,False,False,0
0.6263207156104375,3.812618607832082,-0.0013447194854226,0.5119741297976643,-0.9166876736979732,1,1,1.2811827063645898,0,-0.7200100474591208,-0.1056599847963648,False,False,True,True,False,False,0
-1.0444939824570427,0.2949384654513666,-1.042417869490058,1.016046510385022,-0.9166876736979732,1,0,-0.9909682224804812,1,1.4165182832801098,-0.3501712467898875,True,False,False,True,False,False,0
-0.836939361579095,-0.0853512796708728,0.3456796638494558,0.4978085669682917,0.8084361535388619,0,0,-1.0687299315543146,0,0.7043421730336995,0.2811123750842983,False,False,False,False,True,False,0
-1.013360789325351,0.009721156609687,1.7337771971889695,1.34541321809152,-0.9166876736979732,1,0,-1.1754630493578997,0,1.4165182832801098,1.663712420174945,False,False,False,True,False,False,0
0.5640543293470531,-0.9410032061959116,0.3456796638494558,1.7522782383805502,-0.9166876736979732,1,0,1.2276091591528129,0,-0.7200100474591208,-0.270149379228371,False,True,False,True,False,False,0
-1.2001599481155036,-1.606510260159831,-0.0013447194854226,0.2143948400481876,-0.9166876736979732,0,0,-0.9996789443034458,0,-0.7200100474591208,-1.6705320615549102,False,False,False,False,False,False,0
0.3149887842935157,0.1998660291708067,0.3456796638494558,-1.2184705569895626,0.8084361535388619,0,1,0.586396756161012,1,-1.4321861577055308,0.9746352272841082,True,False,False,False,False,False,0
0.5432988672592584,-0.5607134610736721,-0.6953934861551795,-1.2184705569895626,0.8084361535388619,1,0,-0.4766129649704537,0,0.7043421730336995,0.4011451764265731,True,False,True,True,False,False,0
0.8131198744005905,-0.4656410247931123,-0.0013447194854226,0.742129061433281,0.8084361535388619,1,0,0.6685468608199078,0,0.7043421730336995,0.9568525900482155,True,False,False,False,False,False,0
-0.5463628923499679,-0.5607134610736721,-0.348369102820301,-0.3908482611724921,-0.9166876736979732,1,0,0.194582403229462,1,0.7043421730336995,0.907950337649511,True,False,True,False,False,False,0
0.13856735654726,0.2949384654513666,-1.042417869490058,1.2851936451321568,0.8084361535388619,0,1,0.9796284704558514,1,-0.0078339372127105,-0.239029764065559,False,False,True,False,False,False,0
-0.5982515475694549,-0.1804237159514327,-1.042417869490058,-1.2184705569895626,0.8084361535388619,0,1,-0.0794012679760239,0,0.7043421730336995,-1.350444591308844,True,False,False,False,False,False,0
-1.5633805346519123,-0.9410032061959116,1.0397284305192127,-1.2184705569895626,0.8084361535388619,1,0,0.2126902726190451,0,1.4165182832801098,-1.7105429953356683,False,False,False,False,False,True,0
-0.6812733959206341,-0.0853512796708728,-1.042417869490058,0.972768165390665,-0.9166876736979732,0,1,1.5424176015687012,0,-0.7200100474591208,1.0368744576097322,True,True,False,False,False,False,0
0.0244123150643886,-0.3705685885125524,-1.042417869490058,0.2363808105774258,-0.9166876736979732,1,1,-0.237620663221233,0,1.4165182832801098,0.1788622109779161,False,False,False,True,False,False,0
-0.7124065890523262,0.770300646854166,-0.0013447194854226,0.4236522282191737,-0.9166876736979732,1,0,-0.1342805541277306,0,-0.0078339372127105,1.517005662978831,True,False,True,False,False,True,0
0.0140345840204912,-0.7508583336347919,1.3867528138540912,1.0762559964210152,-0.9166876736979732,1,0,-0.2912585411131402,0,-0.0078339372127105,-0.4968780039860012,True,True,False,False,False,False,0
-0.2765418852086357,-1.226220515037591,-0.6953934861551795,0.8707065933028745,-0.9166876736979732,1,0,0.3891004716711936,0,-0.0078339372127105,-1.1726182189499186,True,True,False,False,True,False,0
0.1489450875911573,3.3372564264292826,0.6927040471843343,0.4643244644564533,-0.9166876736979732,1,1,-0.9433802103880128,0,-0.7200100474591208,1.001309183137947,True,True,False,False,False,False,0
0.532921136215361,-0.0853512796708728,1.3867528138540912,0.3692998823534467,-0.9166876736979732,1,0,-0.6034977552580122,0,0.7043421730336995,0.7968088549251826,False,True,False,True,False,False,0
-0.7746729753157106,0.2949384654513666,1.3867528138540912,-1.2184705569895626,-0.9166876736979732,1,0,-0.4581975253831697,0,-0.0078339372127105,1.2902770382212012,True,False,False,False,False,True,0
-0.0793649953745852,-0.6557858973542321,-0.6953934861551795,0.9695871020014885,-0.9166876736979732,1,1,-1.4994874702358258,0,-0.0078339372127105,-0.2834863571552904,True,False,True,False,False,True,0
0.0555455081960808,-1.1311480787570314,1.0397284305192127,-1.2184705569895626,0.8084361535388619,0,0,-1.633704567124543,0,-0.7200100474591208,-1.123715966551214,False,False,True,True,False,False,0
-0.4010746577354044,-0.1804237159514327,-0.6953934861551795,1.5298665414755228,-0.9166876736979732,0,1,-1.6530927909154096,0,0.7043421730336995,-0.4213017957334578,True,False,True,False,False,False,0
-0.2038977679013539,0.2949384654513666,-0.348369102820301,0.8007649874235311,-0.9166876736979732,1,0,0.0098618973714804,0,-0.7200100474591208,-0.1545622371950694,True,False,False,True,False,False,0
0.3980106326446948,-1.226220515037591,-1.042417869490058,-1.2184705569895626,0.8084361535388619,1,1,-0.1247570054679925,0,-0.0078339372127105,-0.1723448744309619,False,False,True,True,False,False,0
-1.4077145689934516,-0.6557858973542321,-0.6953934861551795,1.105782182334281,0.8084361535388619,0,0,0.1910822926302984,0,-0.7200100474591208,-0.3501712467898875,True,True,False,False,False,False,0
-0.8161838994913002,0.1047935928902469,0.6927040471843343,1.1472280695830614,-0.9166876736979732,1,1,0.1742695563117587,0,0.7043421730336995,-1.2793140423652738,True,False,False,False,True,False,0
1.09331861258582,-0.8459307699153518,0.3456796638494558,0.4647463540291572,0.8084361535388619,1,1,-0.6512900607265683,0,-0.7200100474591208,1.1746898961878995,True,True,False,False,False,False,0
0.927274915883462,-0.2754961522319926,1.0397284305192127,0.654710019551366,0.8084361535388619,1,0,1.1889862358698753,0,-0.0078339372127105,0.0232641351638562,True,True,False,False,False,True,0
-0.7435397821840184,-0.1804237159514327,1.3867528138540912,-1.2184705569895626,0.8084361535388619,0,1,-0.4055028743553261,0,-1.4321861577055308,-0.3101603130091293,True,False,False,False,False,False,0
0.719720295005514,-0.2754961522319926,-1.3894422528249364,1.266064035125513,0.8084361535388619,1,1,-0.8828589497222301,0,1.4165182832801098,0.2677753971573789,True,False,False,False,False,True,0
-0.7746729753157106,-0.3705685885125524,-0.0013447194854226,0.5440239678722044,-0.9166876736979732,1,1,0.1627917459097027,0,0.7043421730336995,-0.8880960231756375,True,False,True,False,True,False,0
-1.0029830582814532,-0.1804237159514327,1.3867528138540912,0.7824088683184934,-0.9166876736979732,1,0,-0.699591621768367,0,-0.7200100474591208,1.3213966533840131,True,False,False,True,False,False,0
0.6263207156104375,-0.4656410247931123,1.0397284305192127,0.6081963339135076,-0.9166876736979732,1,0,-0.1327764332796177,0,0.7043421730336995,-1.2793140423652738,True,False,False,False,False,False,0
0.6989648329177193,-0.2754961522319926,-0.6953934861551795,1.2700081822731362,-0.9166876736979732,1,1,1.7284094207594078,0,-0.7200100474591208,-1.0348027803717512,True,False,False,False,False,True,0
1.2801177713759733,1.2456628282569653,1.0397284305192127,0.5414991949416669,-0.9166876736979732,1,1,-0.0627305807538784,1,0.7043421730336995,-1.154835581714026,True,False,False,False,False,True,0
-0.2972973472964305,-0.3705685885125524,-0.0013447194854226,-1.2184705569895626,0.8084361535388619,1,0,0.013227609009184,0,-0.7200100474591208,-1.314879316837059,False,False,False,False,False,False,0
-0.5359851613060705,-0.2754961522319926,-0.348369102820301,-1.2184705569895626,0.8084361535388619,1,0,0.7511749250454962,0,-1.4321861577055308,0.712341328054693,True,False,True,True,False,False,0
0.0036568529765938,-0.4656410247931123,0.3456796638494558,0.3415738119870155,0.8084361535388619,1,1,0.0678161900333858,0,1.4165182832801098,-0.0123011393079289,False,False,False,False,False,True,0
-0.2557864231208409,1.530880137098645,-1.042417869490058,1.3343419390883613,-0.9166876736979732,1,0,0.0044304754348021,1,-0.0078339372127105,-0.5413345970757326,False,False,False,False,False,False,0
2.0273144065365853,1.1505903919764056,-0.0013447194854226,0.3436534794101084,-0.9166876736979732,0,0,0.7607149910420246,1,-0.0078339372127105,-0.3412799281719413,True,False,False,False,True,False,0
0.3149887842935157,0.8653730831347259,0.6927040471843343,-1.2184705569895626,0.8084361535388619,1,0,-0.6148319517633462,0,1.4165182832801098,1.4636577512711535,False,False,False,True,False,False,0
-0.4840965060865836,0.1998660291708067,1.7337771971889695,-1.2184705569895626,0.8084361535388619,0,1,-0.0559537782689747,0,1.4165182832801098,-0.8703133859397449,True,False,False,False,False,False,0
-0.7746729753157106,0.009721156609687,-0.348369102820301,-1.2184705569895626,0.8084361535388619,1,0,-0.1576079019429703,0,1.4165182832801098,-0.6702587170359536,False,False,True,True,False,False,0
0.8234976054444879,-0.0853512796708728,1.7337771971889695,0.7622766501508358,0.8084361535388619,1,0,1.232878189588839,1,-1.4321861577055308,-1.092596351388402,False,False,False,False,False,False,0
0.0451677771521834,-0.2754961522319926,1.0397284305192127,0.3471813408313439,0.8084361535388619,0,1,-1.372728559441278,0,-0.0078339372127105,0.2455471006125132,True,False,False,False,True,False,0
-0.6501402027889419,-1.1311480787570314,-0.348369102820301,-1.2184705569895626,0.8084361535388619,1,0,0.7606701334326371,0,-0.7200100474591208,1.3391792906199056,False,False,True,True,False,False,0
1.6848492820879717,0.9604455194152858,1.0397284305192127,-1.2184705569895626,0.8084361535388619,0,0,0.9978427462677032,0,-0.0078339372127105,-0.301268994391183,True,False,False,True,False,False,0
1.4669169301661262,-0.5607134610736721,-1.736466636159815,-1.2184705569895626,-0.9166876736979732,0,0,1.3059602763499958,0,0.7043421730336995,1.6903863760287838,False,False,False,True,False,False,0
-0.0067208780673035,0.1998660291708067,-1.3894422528249364,0.2260106528034397,-0.9166876736979732,1,0,1.2849860404938782,0,1.4165182832801098,-1.1726182189499186,True,True,False,False,True,False,0
0.5848097914348479,-1.511437823879271,-0.348369102820301,-0.0747562648408984,-0.9166876736979732,1,0,0.0567897375924562,0,-0.7200100474591208,-0.6747043763449267,False,True,False,False,False,True,0
1.09331861258582,-0.0853512796708728,-1.736466636159815,-1.2184705569895626,-0.9166876736979732,1,0,-0.2984983506282749,0,-1.4321861577055308,-0.3101603130091293,True,False,False,False,True,False,0
0.8131198744005905,-0.5607134610736721,0.6927040471843343,0.868848037644451,-0.9166876736979732,1,0,-1.4828950230300542,1,-0.7200100474591208,1.348070609237852,False,True,False,True,False,False,0
2.058447599668278,-0.7508583336347919,0.3456796638494558,0.1042542827804877,0.8084361535388619,1,0,0.8474198817208047,0,-0.7200100474591208,0.8190371514700483,True,False,True,False,False,False,0
-0.1416313816379696,0.8653730831347259,-1.042417869490058,-1.2184705569895626,0.8084361535388619,1,1,-1.6084792903787748,0,-1.4321861577055308,0.2988950123201909,True,False,True,False,False,False,0
-0.494474237130481,3.052039117587603,-1.042417869490058,-1.2184705569895626,0.8084361535388619,1,1,-0.8854069662554745,0,-0.7200100474591208,0.3566885833368417,False,False,False,False,False,False,0
-2.3001994387686278,-0.0853512796708728,1.0397284305192127,1.2321497173264435,-0.9166876736979732,1,0,-0.0183258941276107,0,-0.7200100474591208,-0.9503352535012616,False,True,False,False,False,True,0
-0.8161838994913002,0.6752282105736062,-0.6953934861551795,-0.173445602325164,-0.9166876736979732,0,1,1.5571042958423067,1,0.7043421730336995,-0.3812908619526995,True,False,True,True,False,False,0
-1.023738520369248,0.009721156609687,-1.3894422528249364,1.0691312662139008,0.8084361535388619,1,0,-0.974833566303849,0,0.7043421730336995,0.1877535295958624,False,False,True,False,True,False,0
-1.7294242313542707,-1.7015826964403906,-0.0013447194854226,0.5932885016120077,-0.9166876736979732,1,1,-0.8048253131248216,0,0.7043421730336995,0.6990043501277735,False,False,True,True,False,False,0
-1.158649023939914,-0.7508583336347919,0.6927040471843343,-1.2184705569895626,-0.9166876736979732,0,1,1.4364920946007982,1,-1.4321861577055308,-0.6658130577269805,False,False,False,True,False,False,0
0.13856735654726,0.1998660291708067,1.0397284305192127,-1.2184705569895626,0.8084361535388619,1,0,0.5515230944627137,0,-0.7200100474591208,-1.5816188753754474,True,False,True,True,False,False,0
-0.2246532299891487,0.009721156609687,1.7337771971889695,0.4702683841896816,-0.9166876736979732,0,0,-0.7228753290411403,1,1.4165182832801098,0.8012545142341557,True,False,True,False,True,False,0
0.6263207156104375,0.9604455194152858,-0.0013447194854226,1.259653074829258,0.8084361535388619,0,0,1.6661018535864565,0,-0.0078339372127105,0.9568525900482155,False,True,False,False,True,False,0
-1.656780114046989,0.9604455194152858,1.0397284305192127,-1.2184705569895626,-0.9166876736979732,1,1,1.433249306722153,1,1.4165182832801098,-0.5413345970757326,False,False,False,False,True,False,0
1.902781634009817,-0.0853512796708728,0.6927040471843343,0.1716690343006618,-0.9166876736979732,0,0,1.312253381667006,0,-0.7200100474591208,-1.150389922405053,True,False,True,True,False,False,0
0.481032480995874,2.386532063623684,-1.3894422528249364,1.4931895274422955,-0.9166876736979732,1,0,-0.2724659846469338,1,-0.7200100474591208,1.0413201169187054,False,True,False,False,False,True,0
-0.2765418852086357,-0.1804237159514327,-1.3894422528249364,1.6165831812491065,0.8084361535388619,1,1,-0.0755059583608205,0,1.4165182832801098,-0.714715310125685,True,False,False,True,False,False,0
0.3980106326446948,0.770300646854166,-1.042417869490058,-1.2184705569895626,0.8084361535388619,1,0,0.8857541862766737,0,-0.7200100474591208,-1.4126838216344682,True,False,False,False,True,False,0
1.487672392253921,-0.6557858973542321,-1.042417869490058,0.6590614862712691,-0.9166876736979732,1,1,1.7019105704137754,0,-0.7200100474591208,-1.21707481203965,True,False,False,False,True,False,0
1.1140740746736149,0.6752282105736062,-1.042417869490058,-1.2184705569895626,-0.9166876736979732,1,1,0.659803625923472,0,-0.0078339372127105,-1.4037925030165217,False,False,False,False,True,False,0
1.3423841576393576,0.8653730831347259,1.3867528138540912,0.1071461876997196,-0.9166876736979732,1,0,0.4223116199548973,1,1.4165182832801098,1.0102005017558933,False,True,False,False,False,False,0
-0.5359851613060705,-0.1804237159514327,-1.3894422528249364,1.065712599740894,-0.9166876736979732,0,1,-0.2044915800213704,0,-0.0078339372127105,1.379190224400664,True,False,False,False,False,True,0
1.300873233463768,0.2949384654513666,-0.0013447194854226,1.1436598604683454,-0.9166876736979732,1,1,-1.0712247448764247,0,-0.0078339372127105,-0.4835410260590818,False,False,False,False,False,False,0
0.8442530675322827,-0.4656410247931123,-0.6953934861551795,0.3880394646564448,2.533559980775697,1,0,-0.9018830966369034,1,0.7043421730336995,0.6767760535829078,True,True,False,False,True,False,0
1.8924039029659196,0.1047935928902469,0.6927040471843343,-1.2184705569895626,0.8084361535388619,0,0,-0.9630920001132616,0,-1.4321861577055308,1.2413747858224966,True,False,True,False,False,False,0
0.1593228186350548,-0.1804237159514327,-0.0013447194854226,0.2572839578883732,2.533559980775697,1,0,1.3505104894067193,1,-0.7200100474591208,0.1521882551240772,False,True,False,False,False,False,0
0.771608950225001,-0.8459307699153518,0.6927040471843343,0.268111229411911,-0.9166876736979732,1,0,0.7949667315435017,0,1.4165182832801098,-1.092596351388402,True,True,False,False,False,False,0
-1.81244607970545,-0.8459307699153518,0.3456796638494558,0.8835555724676006,-0.9166876736979732,1,0,1.6293598202971489,0,-0.7200100474591208,-1.252640086511435,False,False,False,False,False,False,0
0.9480303779712568,0.1998660291708067,0.6927040471843343,-1.2184705569895626,-0.9166876736979732,1,0,1.1006596904517183,1,-0.7200100474591208,1.001309183137947,True,False,True,False,True,False,0
1.9754257513170983,0.4850833380124864,-1.042417869490058,0.5852007103878861,0.8084361535388619,1,0,0.4557687896234215,0,1.4165182832801098,1.476994729198073,False,False,True,False,False,False,0
-0.3180528093842253,-0.7508583336347919,1.0397284305192127,0.3886387559925474,-0.9166876736979732,1,1,-0.1746843940500418,0,1.4165182832801098,-0.6213564646372491,False,True,False,False,False,False,0
-1.2624263343788882,-0.1804237159514327,1.0397284305192127,-1.2184705569895626,0.8084361535388619,1,1,-1.7411585362789868,0,0.7043421730336995,-0.0078554799989557,True,False,False,False,False,False,0
0.0036568529765938,-0.7508583336347919,-1.3894422528249364,0.9087909733110792,-0.9166876736979732,0,0,1.0018755844450211,0,-1.4321861577055308,1.3969728616365564,True,False,True,True,False,False,0
-0.5567406233938653,-0.0853512796708728,-1.3894422528249364,0.4064396139825424,-0.9166876736979732,1,1,-0.4254898950715078,1,-1.4321861577055308,-0.616910805328276,True,True,False,False,False,True,0
0.8027421433566931,0.4850833380124864,-0.0013447194854226,-1.2184705569895626,0.8084361535388619,0,1,-1.5861989678493218,0,0.7043421730336995,0.3477972647188954,True,False,False,True,False,False,0
0.6055652535226427,-1.511437823879271,0.3456796638494558,-1.2184705569895626,0.8084361535388619,1,1,0.5869187040035774,0,0.7043421730336995,-0.8480850893948793,True,False,True,False,False,True,0
0.3046110532496183,-0.2754961522319926,-0.0013447194854226,1.05432254193726,-0.9166876736979732,1,1,1.4728733544812704,0,1.4165182832801098,-0.9859005279730466,True,False,False,False,False,True,0
0.2527223980301313,2.386532063623684,-0.348369102820301,0.6540838297529432,-0.9166876736979732,1,1,-0.1613797661990061,0,-0.7200100474591208,1.1035593472443292,False,False,True,True,False,False,0
1.1036963436297176,-0.6557858973542321,-0.348369102820301,1.3858392053106523,0.8084361535388619,1,1,0.2624316238288273,0,-0.7200100474591208,0.4500474288252776,True,True,False,True,False,False,0
-1.3350704516861698,-1.226220515037591,-0.348369102820301,-1.2184705569895626,0.8084361535388619,1,0,1.478867061335623,0,-0.0078339372127105,-0.0211924579258751,False,False,False,False,False,False,0
1.1140740746736149,-0.8459307699153518,-0.348369102820301,0.41149092105246,-0.9166876736979732,0,0,-1.5950094891598383,0,-0.0078339372127105,0.8145914921610752,True,True,False,True,False,False,0
-1.3350704516861698,-0.3705685885125524,1.0397284305192127,1.0035787528797298,-0.9166876736979732,1,1,1.48982275002841,0,0.7043421730336995,-1.5905101939933937,True,True,False,False,False,False,0
1.1036963436297176,-0.4656410247931123,-0.6953934861551795,-1.2184705569895626,0.8084361535388619,1,1,0.4137135637555115,0,-0.7200100474591208,-1.030357121062778,False,False,False,False,True,False,0
-1.604891458827502,-1.1311480787570314,0.6927040471843343,1.1735755937555723,-0.9166876736979732,0,0,1.166487362894684,0,0.7043421730336995,-0.8169654742320672,True,False,True,True,False,False,0
-0.7020288580084288,-0.3705685885125524,-0.6953934861551795,1.1241226106696316,-0.9166876736979732,1,1,0.0871451252785114,0,-1.4321861577055308,-1.3993468437075487,True,False,False,True,False,False,0
-2.3001994387686278,2.5766769361848034,0.3456796638494558,0.9492942936093826,0.8084361535388619,1,1,1.2591560553548913,1,-1.4321861577055308,1.2413747858224966,False,True,False,False,False,False,0
1.2904955024198703,0.009721156609687,-1.042417869490058,0.452267388831231,-0.9166876736979732,0,0,-0.3638724048429749,0,-0.7200100474591208,1.725951650500569,True,False,True,False,False,False,0
1.2282291161564862,0.6752282105736062,-0.0013447194854226,1.051705705817233,0.8084361535388619,0,0,1.1220647679980016,0,1.4165182832801098,0.8190371514700483,False,True,False,False,True,False,0
0.8961417227517697,0.4850833380124864,-1.042417869490058,-1.2184705569895626,0.8084361535388619,1,0,-0.99821168319638,1,1.4165182832801098,-0.270149379228371,True,False,True,False,True,False,0
0.3772551705569,-1.226220515037591,1.0397284305192127,1.1212696124548278,-0.9166876736979732,1,1,1.3016612482503032,0,0.7043421730336995,1.152461599643034,True,True,False,False,True,False,0
0.8131198744005905,-1.1311480787570314,0.6927040471843343,-1.2184705569895626,0.8084361535388619,1,0,0.759244426467601,0,-1.4321861577055308,1.0057548424469205,False,False,False,False,False,True,0
-0.1935200368574565,-0.9410032061959116,0.6927040471843343,1.50321112597538,-0.9166876736979732,1,0,-1.6718898679158951,0,-0.0078339372127105,0.0277097944728293,False,False,False,False,False,False,0
0.6366984466543348,0.770300646854166,-1.3894422528249364,-1.2184705569895626,-0.9166876736979732,1,0,0.1285533931443607,1,1.4165182832801098,-0.1590078965040425,False,False,True,False,False,False,0
1.902781634009817,-0.9410032061959116,1.7337771971889695,0.8696858927237523,0.8084361535388619,0,0,0.101629612576466,0,1.4165182832801098,-1.1459442630960797,False,True,False,False,False,False,0
-0.7435397821840184,1.7210250096597648,-1.736466636159815,0.972168874054562,-0.9166876736979732,0,1,0.140787697571401,0,1.4165182832801098,-0.8347481114679598,False,False,True,True,False,False,0
-1.0860049066326325,0.9604455194152858,1.0397284305192127,0.7274684388092973,0.8084361535388619,1,0,-0.9373126101848628,1,-0.7200100474591208,-1.6883146987908026,True,True,False,False,False,False,0
-1.283181796466683,0.009721156609687,-1.736466636159815,0.8250379676895816,-0.9166876736979732,0,1,-1.3602198933568197,1,0.7043421730336995,0.2099818261407281,True,True,False,False,True,False,0
0.6574539087421296,-0.0853512796708728,-1.042417869490058,0.3313738510311637,0.8084361535388619,1,1,-1.6669751778206912,0,-0.7200100474591208,-1.3904555250896025,True,False,True,False,False,True,0
-0.2246532299891487,1.0555179556958456,-1.3894422528249364,0.0935941659870836,-0.9166876736979732,0,1,-0.6402653469526689,1,-1.4321861577055308,1.3569619278557985,True,False,False,True,False,False,0
-1.5011141483885282,-0.9410032061959116,0.3456796638494558,-1.2184705569895626,0.8084361535388619,0,1,-0.098241463918867,0,-0.7200100474591208,-1.4349121181793338,False,False,True,False,False,False,0
0.532921136215361,-0.6557858973542321,0.3456796638494558,-1.2184705569895626,0.8084361535388619,0,0,-1.161860240111128,0,-0.0078339372127105,0.1432969365061309,False,False,False,False,True,False,0
0.9687858400590514,0.770300646854166,-0.0013447194854226,-1.2184705569895626,0.8084361535388619,0,0,0.7886318982177589,0,-1.4321861577055308,0.1344056178881847,True,False,False,False,True,False,0
0.6885871018738219,0.8653730831347259,1.3867528138540912,-1.2184705569895626,0.8084361535388619,1,1,-0.4924889074929429,0,-0.7200100474591208,-0.1501165778860962,True,False,False,False,False,False,0
-0.6605179338328393,1.9111698822208845,-0.348369102820301,-1.2184705569895626,0.8084361535388619,1,1,-1.269155295098981,0,-0.0078339372127105,-1.2304117899665694,True,False,True,False,False,True,0
0.6263207156104375,-0.9410032061959116,0.6927040471843343,1.1383322037200647,-0.9166876736979732,1,1,-0.2694740864207948,0,-0.0078339372127105,1.2413747858224966,False,True,False,False,False,True,0
-1.5011141483885282,0.1047935928902469,-0.6953934861551795,0.7045362188020023,-0.9166876736979732,1,0,-0.1452878812313248,1,1.4165182832801098,0.8012545142341557,True,True,False,False,True,False,0
-0.5774960854816601,-0.4656410247931123,-0.348369102820301,0.3736816098434602,0.8084361535388619,0,1,-1.6626702382530942,0,-1.4321861577055308,1.1835812148058458,True,True,False,True,False,False,0
0.2838555911618235,0.2949384654513666,-1.042417869490058,-1.2184705569895626,-0.9166876736979732,1,1,1.179911263304014,0,-0.7200100474591208,-0.4702040481321623,True,False,True,True,False,False,0
0.6989648329177193,0.1047935928902469,1.3867528138540912,-1.2184705569895626,0.8084361535388619,1,0,1.4221053203899596,0,-1.4321861577055308,-1.6394124463920985,False,False,True,True,False,False,0
0.4706547499519766,-0.5607134610736721,-1.3894422528249364,0.180052548500413,-0.9166876736979732,1,0,1.2534610514963844,0,1.4165182832801098,1.4903317071249924,False,False,False,False,True,False,0
0.1281896255033626,1.4358077008180852,1.0397284305192127,-1.2184705569895626,-0.9166876736979732,1,1,1.0829878787533926,1,1.4165182832801098,0.6011998453303644,True,False,False,False,False,True,0
0.2838555911618235,0.1047935928902469,0.6927040471843343,-1.2184705569895626,0.8084361535388619,1,1,1.101028287862191,0,-0.7200100474591208,0.0143728165459099,False,False,True,True,False,False,0
1.902781634009817,-1.511437823879271,1.3867528138540912,-1.2184705569895626,-0.9166876736979732,1,0,-1.4020186658377265,1,0.7043421730336995,1.5481252781416432,True,False,False,False,False,True,0
-1.4803586863007334,-1.9868000052820705,0.6927040471843343,0.430403742261593,-0.9166876736979732,1,0,1.2403527191530954,0,1.4165182832801098,-0.7680632218333627,True,False,False,False,False,False,0
0.4602770189080792,0.1047935928902469,-0.6953934861551795,1.241443616387824,-0.9166876736979732,1,1,0.6593093228866919,0,-1.4321861577055308,1.3391792906199056,True,False,True,False,False,False,0
0.4395215568202844,-0.7508583336347919,-0.348369102820301,1.0549181507457828,0.8084361535388619,1,0,-1.292081184696871,0,0.7043421730336995,0.650102097729069,True,True,False,False,True,False,0
0.9999190331907436,0.1998660291708067,-1.042417869490058,0.2484833574127611,-0.9166876736979732,1,1,-0.5092899947423783,0,1.4165182832801098,1.285831378912228,False,False,False,False,False,True,0
-0.0689872643306878,-1.321292951318151,-1.3894422528249364,1.3017235507775131,0.8084361535388619,1,0,-0.127935462666508,0,0.7043421730336995,1.1035593472443292,True,True,False,False,False,False,0
-0.3180528093842253,-0.7508583336347919,0.6927040471843343,0.96956900958338,-0.9166876736979732,1,1,0.8390431578344053,0,0.7043421730336995,-0.1901275116668545,True,False,False,True,False,False,0
0.0140345840204912,-1.321292951318151,-1.042417869490058,1.3155314281019832,2.533559980775697,1,1,1.719992881398009,0,0.7043421730336995,0.1032860027253727,False,True,False,True,False,False,0
-0.5152296992182758,0.9604455194152858,-1.736466636159815,1.8525770005269864,-0.9166876736979732,0,0,-0.0485277575148701,0,-0.7200100474591208,-0.3057146537001561,True,False,False,False,False,False,0
-0.5256074302621732,-0.5607134610736721,0.6927040471843343,0.6136698507759183,0.8084361535388619,1,1,0.9142057335642966,0,-0.7200100474591208,1.6414841236300792,False,True,False,False,False,True,0
-0.8161838994913002,0.1998660291708067,-0.0013447194854226,-1.2184705569895626,0.8084361535388619,0,1,-1.4944190819751224,0,-0.0078339372127105,-0.4390844329693503,True,False,True,True,False,False,0
0.6055652535226427,2.196387191062564,-0.6953934861551795,0.8802246462169254,0.8084361535388619,1,0,0.3289118180083516,1,-0.7200100474591208,-0.3990734991885921,True,False,True,False,True,False,0
1.591449702692895,0.009721156609687,-0.0013447194854226,1.4276997771868722,-0.9166876736979732,1,0,-1.5008424134527192,1,-0.0078339372127105,-1.28820536098322,False,False,True,False,False,True,0
0.771608950225001,-1.0360756424764714,-1.042417869490058,-1.2184705569895626,-0.9166876736979732,0,0,-0.0412199661188418,0,-1.4321861577055308,1.6726037387928911,True,False,False,False,False,True,0
1.4772946612100235,0.1998660291708067,0.6927040471843343,1.6129994414745985,2.533559980775697,1,0,1.1491714563375086,1,1.4165182832801098,-1.692760358099776,False,False,False,True,False,False,0
-0.0378540711989956,-0.1804237159514327,0.6927040471843343,0.999107684068438,0.8084361535388619,1,0,-0.7513726032716662,0,0.7043421730336995,-0.6080194867103297,False,True,False,False,True,False,0
-1.1067603687204273,-0.5607134610736721,-1.3894422528249364,0.9034322552432144,0.8084361535388619,0,1,0.121679225305747,0,1.4165182832801098,1.2947226975301742,True,True,False,False,False,True,0
-0.1416313816379696,0.009721156609687,-1.736466636159815,0.7428961479390965,0.8084361535388619,1,1,-0.0942964284265901,0,-1.4321861577055308,-0.5102149819129206,False,True,False,True,False,False,0
0.1281896255033626,-1.226220515037591,0.6927040471843343,0.6427131452465752,0.8084361535388619,1,1,-0.0919085431268577,0,-0.7200100474591208,1.0235374796828127,True,True,False,True,False,False,0
1.7886265925269456,-0.0853512796708728,-0.6953934861551795,-1.2184705569895626,0.8084361535388619,1,0,1.6059886580727398,0,1.4165182832801098,-1.1859551968768378,False,False,True,False,True,False,0
-0.5774960854816601,0.770300646854166,-0.0013447194854226,1.0260636258410532,0.8084361535388619,1,1,1.2845273801312238,0,-1.4321861577055308,-1.448249096106253,True,True,False,False,True,False,0
0.2215892048984391,0.009721156609687,0.6927040471843343,0.0985215479984535,0.8084361535388619,1,0,0.1584668116712547,0,0.7043421730336995,1.6770493981018644,True,False,False,False,True,False,0
-1.5426250725641175,-0.1804237159514327,1.0397284305192127,-1.2184705569895626,0.8084361535388619,1,1,-0.0441268435271878,0,-1.4321861577055308,-0.1901275116668545,False,False,False,False,False,False,0
-0.8784502857546845,0.1998660291708067,-1.3894422528249364,-1.2184705569895626,0.8084361535388619,1,0,-1.6867951126352387,0,1.4165182832801098,0.3433516054099223,False,False,True,False,False,True,0
-0.3076750783403279,-1.226220515037591,1.0397284305192127,-1.2184705569895626,0.8084361535388619,1,1,0.426556401643238,0,-1.4321861577055308,-0.6035738274013566,False,False,True,False,False,True,0
0.2112114738545417,-1.0360756424764714,0.3456796638494558,-1.2184705569895626,-0.9166876736979732,0,1,-1.5929076145866288,0,-0.0078339372127105,0.0988403434163995,False,False,False,False,True,False,0
-1.4180923000373489,1.8160974459403243,-1.042417869490058,0.8926233963575744,-0.9166876736979732,1,0,-0.3302530175405023,1,-1.4321861577055308,1.4325381361083416,False,False,False,False,False,True,0
0.2423446669862339,2.1013147547820044,-0.0013447194854226,-0.2249058831617643,2.533559980775697,1,0,1.1453272635330023,1,0.7043421730336995,0.4856127032970628,False,False,False,False,True,False,0
-0.9822275961936584,1.7210250096597648,-1.3894422528249364,0.7035387341576212,-0.9166876736979732,1,0,0.5553208648575043,1,-1.4321861577055308,1.5436796188326702,True,True,False,True,False,False,0
1.4461614680783317,1.2456628282569653,0.6927040471843343,-1.2184705569895626,-0.9166876736979732,1,1,0.3886131233025355,0,-0.7200100474591208,-0.6969326728897925,False,False,False,False,False,False,0
-0.0067208780673035,0.770300646854166,-1.042417869490058,-1.2184705569895626,0.8084361535388619,1,1,0.3369075999483615,0,1.4165182832801098,0.6723303942739347,True,False,True,False,True,False,0
-0.8784502857546845,1.4358077008180852,1.3867528138540912,0.3250362210667103,-0.9166876736979732,0,0,-0.8414452919885862,1,-1.4321861577055308,-1.0259114617538048,True,False,False,False,True,False,0
0.4914102120397713,-0.2754961522319926,0.3456796638494558,1.1373502497354753,-0.9166876736979732,1,1,-1.160445312881681,0,1.4165182832801098,-0.4568670702052429,True,True,False,False,True,False,0
-1.5322473415202202,-0.6557858973542321,1.0397284305192127,1.508060374358105,0.8084361535388619,0,1,-1.473908027015938,0,-0.7200100474591208,-0.9592265721192078,True,True,False,True,False,False,0
0.9376526469273592,-0.3705685885125524,-0.0013447194854226,0.9727454297856084,-0.9166876736979732,0,0,-0.2768256922259923,0,0.7043421730336995,0.9612982493571888,True,True,False,True,False,False,0
-0.7539175132279158,-0.2754961522319926,1.3867528138540912,0.8602296422290806,-0.9166876736979732,1,1,-0.687211095444059,0,1.4165182832801098,0.525623637077821,True,False,False,True,False,False,0
-1.283181796466683,-1.511437823879271,0.6927040471843343,0.4585987745097887,-0.9166876736979732,1,0,1.2141404011340946,0,1.4165182832801098,-0.3990734991885921,True,False,True,True,False,False,0
0.6782093708299244,2.386532063623684,1.7337771971889695,0.3564079937369238,0.8084361535388619,1,1,-1.3700883935554151,0,-1.4321861577055308,0.334460286791976,False,True,False,False,False,True,0
0.5640543293470531,-0.0853512796708728,-0.0013447194854226,1.3918782303213706,0.8084361535388619,1,1,0.6125476992338355,0,-0.0078339372127105,0.9746352272841082,True,True,False,False,False,False,0
-0.3491860025159174,1.4358077008180852,-0.348369102820301,0.678018497811357,-0.9166876736979732,1,1,0.576229031366462,1,-1.4321861577055308,-0.3234972909360487,False,True,False,False,False,True,0
1.4980501232978185,1.1505903919764056,0.3456796638494558,-1.2184705569895626,0.8084361535388619,0,1,1.6395976133730292,0,-1.4321861577055308,0.8768307224866991,True,False,False,False,True,False,0
-1.553002803608015,-0.5607134610736721,0.6927040471843343,-1.2184705569895626,0.8084361535388619,0,1,-1.675184294205347,0,-0.7200100474591208,1.565907915377536,True,False,False,False,False,True,0
-1.1690267549838116,-0.1804237159514327,-1.042417869490058,0.8246852455914159,-0.9166876736979732,1,0,-0.0310364194543137,0,-1.4321861577055308,0.0588294096356413,True,False,False,False,False,False,0
-1.314314989598375,-1.511437823879271,-0.0013447194854226,-1.2184705569895626,0.8084361535388619,1,0,1.0400325449637764,0,-1.4321861577055308,-1.697206017408749,False,False,False,False,True,False,0
-0.3388082714720201,0.4850833380124864,-0.6953934861551795,0.654297736572348,-0.9166876736979732,1,0,-1.657925415926773,1,1.4165182832801098,0.4856127032970628,True,False,False,False,False,False,0
0.13856735654726,-1.0360756424764714,1.0397284305192127,0.9798419806512446,-0.9166876736979732,1,0,-0.1783256844120846,0,0.7043421730336995,0.1388512771971578,True,False,False,True,False,False,0
1.8612707098342272,0.4850833380124864,1.7337771971889695,-1.2184705569895626,-0.9166876736979732,0,1,-0.9163115988564748,0,-0.7200100474591208,1.410309839563476,False,False,True,True,False,False,0
1.1036963436297176,-0.4656410247931123,-1.3894422528249364,1.2494545548624592,-0.9166876736979732,1,1,-0.6902925350222706,0,-1.4321861577055308,-0.3279429502450218,False,False,False,False,True,False,0
-1.397336837949554,2.196387191062564,-1.3894422528249364,-0.5176269583744091,2.533559980775697,1,0,1.5182901191860108,1,-1.4321861577055308,-0.0745403696335528,True,False,False,False,False,True,0
0.875386260663975,1.4358077008180852,0.6927040471843343,0.5704288113870412,0.8084361535388619,0,1,-0.269681161664131,0,-0.0078339372127105,-0.8258567928500136,True,False,False,False,True,False,0
-0.8784502857546845,-0.3705685885125524,1.0397284305192127,1.2334161865940283,-0.9166876736979732,1,0,-0.2046797037940738,0,-0.7200100474591208,-0.2568124013014516,True,False,True,False,True,False,0
0.8131198744005905,2.196387191062564,-1.042417869490058,-1.2184705569895626,0.8084361535388619,1,1,1.0859333545698169,0,-0.0078339372127105,-0.2968233350822098,False,False,True,True,False,False,0
0.3357442463813104,0.1998660291708067,0.3456796638494558,0.9462762220930764,0.8084361535388619,1,1,0.3744495939384172,0,-0.0078339372127105,0.334460286791976,False,False,False,False,False,False,0
-0.4529633129548914,-1.0360756424764714,1.3867528138540912,-1.2184705569895626,0.8084361535388619,1,1,0.4282463859969149,0,0.7043421730336995,-0.9325526162653688,False,False,False,True,False,False,0
-0.1416313816379696,-0.5607134610736721,-0.0013447194854226,0.852321174087095,-0.9166876736979732,1,1,-0.7623375068997152,1,0.7043421730336995,1.2991683568391474,False,True,False,False,False,False,0
1.1348295367614096,-0.5607134610736721,0.3456796638494558,0.9919072218810998,0.8084361535388619,1,0,0.8406128264295694,0,-1.4321861577055308,1.6814950574108374,False,False,False,False,True,False,0
-1.1690267549838116,-0.0853512796708728,1.0397284305192127,0.1009552183988702,-0.9166876736979732,1,0,-1.5179933205086973,0,-0.7200100474591208,-1.2437487678934886,False,True,False,False,False,True,0
-0.3906969266915071,-0.1804237159514327,0.3456796638494558,0.3240411380707503,0.8084361535388619,1,1,0.6771403964850141,1,-0.7200100474591208,0.2455471006125132,False,True,False,False,False,False,0
-1.1794044860277089,-0.6557858973542321,-1.042417869490058,-1.2184705569895626,-0.9166876736979732,1,1,-0.3529624430930908,0,-0.0078339372127105,-0.2123558082117202,False,False,False,False,True,False,0
-0.10012045746238,0.1998660291708067,0.6927040471843343,0.6255424798023723,-0.9166876736979732,1,1,-1.0911321346426082,0,-0.7200100474591208,1.3702989057827175,False,False,False,True,False,False,0
-0.3491860025159174,0.1047935928902469,-1.736466636159815,-1.2184705569895626,-0.9166876736979732,1,0,0.3238761166878224,0,1.4165182832801098,1.0235374796828127,False,False,False,True,False,False,0
0.2942333222057209,-0.4656410247931123,-0.6953934861551795,1.0757913575064095,-0.9166876736979732,1,0,-0.5894999208619035,0,-1.4321861577055308,0.3878081984996537,True,False,False,False,False,True,0
-1.023738520369248,-1.321292951318151,0.6927040471843343,0.8393288965665548,0.8084361535388619,1,0,-1.386566610337281,0,1.4165182832801098,1.4858860478160194,False,True,False,False,True,False,0
0.2734778601179261,-1.226220515037591,-0.0013447194854226,0.5607993219862344,-0.9166876736979732,1,0,-0.6865999539828271,1,1.4165182832801098,-1.3993468437075487,True,False,False,False,False,True,0
0.927274915883462,1.2456628282569653,-1.3894422528249364,1.523192040292485,0.8084361535388619,0,0,-1.366538209345772,1,1.4165182832801098,-1.221520471348623,True,False,False,False,True,False,0
1.09331861258582,0.4850833380124864,1.3867528138540912,-1.2184705569895626,0.8084361535388619,1,0,1.3404710782390228,0,-0.0078339372127105,-0.1234426220322574,False,False,True,True,False,False,0
0.7819866812688984,-1.226220515037591,1.3867528138540912,0.726997235389006,-0.9166876736979732,1,1,0.8059443274408737,0,-1.4321861577055308,-1.5727275567575012,False,False,False,False,True,False,0
1.1036963436297176,0.2949384654513666,0.6927040471843343,-1.2184705569895626,0.8084361535388619,0,1,-0.4211352296268379,0,-0.7200100474591208,-0.7858458590692553,False,False,False,False,False,True,0
-0.4114523887793018,-0.5607134610736721,-1.736466636159815,-0.1793522164529122,0.8084361535388619,1,0,0.034683455632759,0,-0.0078339372127105,1.5481252781416432,False,False,False,False,True,False,0
1.6018274337367924,-0.7508583336347919,1.7337771971889695,1.0015093324899018,-0.9166876736979732,1,0,1.5712695638734555,0,-0.0078339372127105,0.2455471006125132,True,True,False,True,False,False,0
-1.885090197012732,0.8653730831347259,0.3456796638494558,1.0322920608572772,-0.9166876736979732,1,1,0.2875713581566932,0,-0.7200100474591208,-1.381564206471656,False,False,True,False,False,False,0
0.2008337428106443,0.8653730831347259,1.0397284305192127,0.6342225175272267,0.8084361535388619,0,0,-0.2994062825516186,0,-0.7200100474591208,0.6767760535829078,False,False,False,False,True,False,0
0.3876329016007974,1.530880137098645,-0.348369102820301,-1.2184705569895626,0.8084361535388619,1,1,-0.7300495908092237,0,-0.7200100474591208,1.6459297829390525,False,False,True,False,True,False,0
0.8234976054444879,0.6752282105736062,1.7337771971889695,-1.2184705569895626,0.8084361535388619,1,0,0.9142629357096012,0,-0.7200100474591208,-0.8480850893948793,True,False,True,True,False,False,0
0.4706547499519766,0.8653730831347259,-1.042417869490058,0.5127810836672763,0.8084361535388619,1,1,0.0610807678238086,0,-0.0078339372127105,1.6592667608659717,False,True,False,False,False,True,0
0.3046110532496183,-0.4656410247931123,0.6927040471843343,-1.2184705569895626,0.8084361535388619,0,0,0.5260389301960993,0,0.7043421730336995,0.6011998453303644,True,False,False,False,False,False,0
-1.885090197012732,-1.321292951318151,1.0397284305192127,0.8305207709258887,0.8084361535388619,1,1,1.440104175356728,0,-0.0078339372127105,-1.097042010697375,False,False,False,False,False,False,0
1.3320064265954603,-0.5607134610736721,0.3456796638494558,1.1124190576920487,-0.9166876736979732,1,1,0.9417884689367626,0,0.7043421730336995,0.0143728165459099,False,False,True,True,False,False,0
-1.469980955256836,1.2456628282569653,0.3456796638494558,1.8502791033173296,-0.9166876736979732,1,1,0.5369224642071194,1,0.7043421730336995,-1.377118547162683,False,False,False,False,False,True,0
0.9791635711029488,-1.416365387598711,1.7337771971889695,-0.1172055608001663,-0.9166876736979732,0,1,-0.9116509280144312,0,-1.4321861577055308,-1.44380343679728,True,False,True,False,False,True,0
0.2215892048984391,-0.4656410247931123,1.0397284305192127,-0.5434939927527327,-0.9166876736979732,1,0,-1.3880248303757878,1,-0.7200100474591208,0.018818475854883,False,False,False,False,False,True,0
-1.2935595275105802,1.8160974459403243,-0.6953934861551795,0.9801332205498208,-0.9166876736979732,1,1,0.4470751067373564,0,0.7043421730336995,-1.0125744838268855,True,True,False,False,True,False,0
0.0970564323716704,0.4850833380124864,-1.3894422528249364,1.0412663805687086,-0.9166876736979732,1,0,1.552829435214338,1,-0.7200100474591208,-1.0881506920794288,True,True,False,False,False,False,0
0.0763009702838756,-0.7508583336347919,-0.348369102820301,0.6763061224868532,-0.9166876736979732,0,0,1.0630714479186505,0,-0.0078339372127105,-0.9592265721192078,True,False,False,False,False,True,0
0.481032480995874,1.0555179556958456,-1.3894422528249364,-1.2184705569895626,4.258683808012532,1,0,-0.2062822331961152,1,-0.0078339372127105,-1.1815095375678648,False,False,True,False,True,False,0
0.4706547499519766,-1.321292951318151,-0.348369102820301,1.4343280066103226,0.8084361535388619,1,0,-1.4772290549109572,0,1.4165182832801098,0.3878081984996537,False,False,False,False,False,False,0
1.0725631504980253,-0.0853512796708728,-1.3894422528249364,0.0957678179184032,-0.9166876736979732,0,1,-1.5664956975925226,0,0.7043421730336995,-0.7102696508167119,False,True,False,False,False,False,0
-1.013360789325351,0.5801557742930463,-0.348369102820301,-1.2184705569895626,0.8084361535388619,1,1,1.6166258229655337,0,-0.7200100474591208,1.5570165967595897,False,False,True,False,True,False,0
0.7093425639616167,-1.511437823879271,-1.736466636159815,1.7893728190193223,0.8084361535388619,1,1,0.0641373444634836,0,0.7043421730336995,0.2544384192304595,True,True,False,True,False,False,0
-0.7227843200962236,-1.321292951318151,1.3867528138540912,1.15184387773922,0.8084361535388619,1,0,-0.8361274050090015,0,1.4165182832801098,-1.3193249761460322,True,False,True,False,False,False,0
-0.4114523887793018,0.2949384654513666,-0.0013447194854226,1.0539227475300337,-0.9166876736979732,1,1,-0.9982089013291312,0,1.4165182832801098,-1.3682272285447366,True,True,False,True,False,False,0
-2.082267086846782,-0.7508583336347919,0.6927040471843343,1.0379873299239368,-0.9166876736979732,0,1,-1.3916729015392495,0,1.4165182832801098,-0.6613673984180074,False,False,False,False,True,False,0
-1.376581375861759,-0.2754961522319926,1.3867528138540912,-1.2184705569895626,0.8084361535388619,0,1,0.7846797341906571,0,-0.7200100474591208,1.0057548424469205,True,False,False,False,True,False,0
1.1970959230247942,-0.3705685885125524,-1.042417869490058,-1.2184705569895626,0.8084361535388619,0,0,0.7618854616869788,0,0.7043421730336995,-1.150389922405053,False,False,False,False,True,False,0
2.0273144065365853,-0.3705685885125524,-0.0013447194854226,0.570652324800132,-0.9166876736979732,1,1,1.4457511920051924,0,1.4165182832801098,-0.2657037199193979,False,True,False,True,False,False,0
0.6263207156104375,-0.1804237159514327,-1.3894422528249364,0.4928080147350143,0.8084361535388619,0,0,1.1989068960793867,0,-0.7200100474591208,-1.474923051960092,False,False,False,False,True,False,0
-0.4218301198231992,2.1013147547820044,-0.6953934861551795,0.8883129177707311,4.258683808012532,0,1,-0.594503456842368,1,-0.0078339372127105,0.6589934163470152,False,False,False,False,True,False,0
-0.0897427264184826,-0.4656410247931123,-0.6953934861551795,0.1125564611536986,-0.9166876736979732,1,1,-1.3747711454687466,0,-0.7200100474591208,1.2724944009853083,True,False,True,False,False,False,0
-1.843579272837142,-1.226220515037591,0.3456796638494558,-1.2184705569895626,0.8084361535388619,0,0,0.9051488431355532,0,-0.0078339372127105,-1.2926510202921933,True,False,False,False,True,False,0
2.058447599668278,-0.2754961522319926,-0.6953934861551795,1.4878002283845304,-0.9166876736979732,1,0,1.2832018203871465,0,0.7043421730336995,-0.5102149819129206,False,True,False,True,False,False,0
0.6885871018738219,-0.7508583336347919,-1.736466636159815,0.6724367466600853,0.8084361535388619,1,0,0.0475327265884984,0,0.7043421730336995,1.1702442368789263,False,False,False,True,False,False,0
-1.075627175588735,-0.2754961522319926,-1.042417869490058,0.525347789087533,0.8084361535388619,1,1,0.695966161491504,0,0.7043421730336995,0.8590480852508066,False,True,False,False,False,True,0
-0.5878738165255575,-0.6557858973542321,-1.736466636159815,0.262004958245392,-0.9166876736979732,1,0,-1.6640780369477155,0,-0.7200100474591208,-1.6394124463920985,False,True,False,False,True,False,0
-1.0548717135009402,2.196387191062564,0.6927040471843343,0.0772597545232343,-0.9166876736979732,0,1,-0.6248877064011301,0,1.4165182832801098,0.3211233088650566,True,False,True,True,False,False,0
0.3876329016007974,0.1047935928902469,-1.042417869490058,-1.2184705569895626,0.8084361535388619,1,1,1.11861542647613,0,0.7043421730336995,-0.5191063005308669,True,False,True,True,False,False,0
-0.152009112681867,-0.2754961522319926,1.7337771971889695,1.1151383641447252,0.8084361535388619,1,1,-0.0655569578787112,0,-1.4321861577055308,-0.8880960231756375,False,True,False,False,False,False,0
0.1800782807228495,-1.226220515037591,-0.348369102820301,-1.2184705569895626,0.8084361535388619,1,1,1.6893419203167634,0,-0.7200100474591208,0.9879722052110276,True,False,False,True,False,False,0
0.086678701327773,-0.3705685885125524,0.6927040471843343,-1.2184705569895626,0.8084361535388619,1,0,-1.516338283362334,0,1.4165182832801098,0.6767760535829078,True,False,False,True,False,False,0
0.771608950225001,1.1505903919764056,1.0397284305192127,0.5026285152402747,0.8084361535388619,1,0,0.7042752512304156,1,-0.7200100474591208,0.8323741293969678,False,True,False,False,True,False,0
0.6574539087421296,-0.0853512796708728,-1.736466636159815,-1.2184705569895626,0.8084361535388619,1,1,-1.7403792657159023,0,-0.7200100474591208,-0.5057693226039475,False,False,False,False,False,False,0
-0.152009112681867,1.530880137098645,-1.3894422528249364,0.7569365048307636,-0.9166876736979732,1,0,-0.3303345610242341,1,-0.0078339372127105,-0.363508224716807,False,True,False,False,False,False,0
-1.366203644817862,-0.3705685885125524,-0.348369102820301,0.6336936745448204,-0.9166876736979732,1,1,-0.1764849576268606,0,1.4165182832801098,-1.474923051960092,False,False,True,False,True,False,0
0.7612312191811036,2.5766769361848034,-0.348369102820301,0.1658363909442948,-0.9166876736979732,1,1,0.7136405811903752,0,1.4165182832801098,-1.4571404147241995,True,False,False,False,False,False,0
0.2734778601179261,1.530880137098645,-0.0013447194854226,-1.2184705569895626,-0.9166876736979732,0,1,1.6754285851383384,1,1.4165182832801098,-1.7105429953356683,False,False,False,True,False,False,0
1.7574933993952533,0.2949384654513666,-0.6953934861551795,0.1874110391538833,0.8084361535388619,1,1,-0.6227467118197333,0,-0.7200100474591208,0.4856127032970628,True,True,False,False,False,True,0
0.13856735654726,-0.6557858973542321,1.7337771971889695,-1.2184705569895626,-0.9166876736979732,1,1,-1.3551838443028843,0,0.7043421730336995,0.4544930881342508,False,False,True,False,True,False,0
-1.3558259137739646,0.009721156609687,0.3456796638494558,-1.2184705569895626,0.8084361535388619,0,1,-1.2702030158515796,0,1.4165182832801098,1.0502114355366516,False,False,False,True,False,False,0
2.058447599668278,0.009721156609687,-0.348369102820301,0.8272751832491226,0.8084361535388619,0,1,0.8920622441301462,0,0.7043421730336995,-0.901433001102557,True,False,False,False,True,False,0
0.0659232392399782,0.1047935928902469,0.6927040471843343,1.0326257298779662,-0.9166876736979732,0,1,0.6090155971613096,1,-0.7200100474591208,-0.8703133859397449,False,False,False,False,False,False,0
1.0518076884102303,-0.6557858973542321,0.3456796638494558,1.6271486730947051,-0.9166876736979732,1,1,1.0642518289656784,0,-0.0078339372127105,1.6903863760287838,True,False,False,False,False,True,0
0.0036568529765938,0.1047935928902469,-0.348369102820301,0.0612455628489135,0.8084361535388619,1,1,-1.1632845561425398,0,1.4165182832801098,0.1477425958151041,False,False,False,False,False,True,0
0.2319669359423365,-0.1804237159514327,-0.6953934861551795,-1.2184705569895626,-0.9166876736979732,1,0,1.00179577962832,0,-1.4321861577055308,0.4856127032970628,True,False,False,True,False,False,0
-0.6708956648767367,0.4850833380124864,-0.0013447194854226,0.7922562672860741,0.8084361535388619,1,1,-1.0184946250411584,1,1.4165182832801098,-1.6838690394818296,False,True,False,False,False,True,0
0.0036568529765938,-0.1804237159514327,1.3867528138540912,1.1066341270843214,-0.9166876736979732,1,0,1.0206243265020585,0,0.7043421730336995,1.348070609237852,False,True,False,False,True,False,0
-0.3595637335598148,-0.4656410247931123,-1.3894422528249364,-0.2307953655307727,0.8084361535388619,1,0,0.0962171421104204,0,0.7043421730336995,-0.8347481114679598,True,False,False,False,False,False,0
-0.5359851613060705,-0.1804237159514327,-0.348369102820301,-1.2184705569895626,2.533559980775697,1,0,-1.6190300435201512,1,-0.0078339372127105,-1.5238253043587966,False,False,False,False,True,False,0
0.9376526469273592,-0.3705685885125524,-1.042417869490058,0.0484177181902961,-0.9166876736979732,1,1,0.4618984602395615,0,-0.0078339372127105,1.632592805012133,False,False,False,False,False,False,0
0.5951875224787453,-0.6557858973542321,0.6927040471843343,-1.2184705569895626,0.8084361535388619,1,1,1.7210496432191662,0,1.4165182832801098,-0.3457255874809144,False,False,False,True,False,False,0
0.6055652535226427,-0.5607134610736721,1.7337771971889695,0.6760645166556539,0.8084361535388619,1,1,1.6082240622738948,0,-1.4321861577055308,0.8990590190315648,True,False,False,True,False,False,0
1.09331861258582,1.7210250096597648,-0.6953934861551795,0.2077789390866339,-0.9166876736979732,1,1,-0.8215563320929264,1,0.7043421730336995,0.8101458328521021,True,False,False,False,False,False,0
-0.836939361579095,0.1047935928902469,1.7337771971889695,0.5891198803919255,-0.9166876736979732,1,1,0.3646200398813053,0,-0.7200100474591208,-1.341553272690898,True,False,False,True,False,False,0
-1.3039372585544775,1.0555179556958456,-0.0013447194854226,0.7706265412726867,-0.9166876736979732,0,1,1.026258303147794,1,1.4165182832801098,-0.1323339406502037,True,True,False,False,False,True,0
-1.85395700388104,0.8653730831347259,1.0397284305192127,-1.2184705569895626,0.8084361535388619,1,0,-0.5092814752739286,0,0.7043421730336995,-1.3459989319998709,True,False,True,False,False,True,0
0.6782093708299244,-1.0360756424764714,-1.3894422528249364,0.2311189589958933,-0.9166876736979732,0,1,-0.4456255718188001,0,-0.0078339372127105,-0.7058239915077388,False,False,False,True,False,False,0
-0.2038977679013539,0.1998660291708067,1.0397284305192127,0.8182124828757815,4.258683808012532,1,0,-0.1139943088155945,1,-1.4321861577055308,0.2277644633766206,True,True,False,False,False,True,0
0.2423446669862339,-0.9410032061959116,1.0397284305192127,0.7240854768428232,-0.9166876736979732,1,0,0.574216176545215,0,-0.7200100474591208,-1.2348574492755424,False,True,False,False,False,True,0
-0.10012045746238,-0.4656410247931123,1.0397284305192127,-1.2184705569895626,-0.9166876736979732,1,0,-0.4928458558343111,0,-0.0078339372127105,-1.2615314051293811,True,False,True,True,False,False,0
0.8442530675322827,0.8653730831347259,-0.0013447194854226,-1.2184705569895626,-0.9166876736979732,0,1,0.3025155490175205,0,-1.4321861577055308,0.2988950123201909,True,False,False,False,False,False,0
-1.553002803608015,2.386532063623684,-0.6953934861551795,1.017678190322565,-0.9166876736979732,0,1,0.0098029565591454,0,0.7043421730336995,0.3744712205727343,False,False,False,True,False,False,0
0.8234976054444879,-1.226220515037591,-0.6953934861551795,-1.2184705569895626,0.8084361535388619,1,0,-1.0907353708262408,0,1.4165182832801098,-1.492705689195985,False,False,True,False,False,False,0
1.3838950818149471,0.1998660291708067,0.6927040471843343,-1.2184705569895626,0.8084361535388619,1,1,1.7156747279609803,0,1.4165182832801098,0.3300146274830028,True,False,True,False,False,True,0
2.058447599668278,-0.1804237159514327,1.3867528138540912,0.7429778039854265,-0.9166876736979732,0,1,1.7258452346227793,1,-0.7200100474591208,-1.6794233801728564,True,True,False,False,True,False,0
0.7404757570933088,-0.0853512796708728,0.3456796638494558,-1.2184705569895626,0.8084361535388619,1,1,-0.1045928145813996,0,-0.7200100474591208,-0.4746497074411355,True,False,True,False,True,False,0
1.300873233463768,-0.1804237159514327,1.7337771971889695,0.7273797379275978,0.8084361535388619,1,1,-0.468856075880439,0,0.7043421730336995,-0.7413892659795239,False,True,False,False,False,True,0
2.006558944448791,-1.0360756424764714,1.3867528138540912,-1.2184705569895626,0.8084361535388619,1,1,-0.7692786134190044,0,1.4165182832801098,-1.6171841498472326,False,False,False,False,False,True,0
1.0310522263224358,1.4358077008180852,1.3867528138540912,1.2851294410643566,0.8084361535388619,0,1,0.2738162416780466,0,-1.4321861577055308,0.3077863309381372,True,True,False,False,False,True,0
-1.158649023939914,2.671749372465364,-1.3894422528249364,0.1966128750257746,-0.9166876736979732,0,1,-0.7124064671169019,0,0.7043421730336995,-0.8792047045576913,True,False,True,True,False,False,0
0.7819866812688984,-0.6557858973542321,-1.3894422528249364,-0.2694700707209734,-0.9166876736979732,1,1,-0.9460410664115388,0,-0.7200100474591208,1.6281471457031598,True,False,False,False,False,False,0
0.875386260663975,2.291459627343124,1.7337771971889695,-1.2184705569895626,0.8084361535388619,0,1,-1.737425444297732,0,0.7043421730336995,0.2499927599214863,False,False,False,False,False,True,0
1.09331861258582,-0.2754961522319926,0.6927040471843343,1.1007542513089992,-0.9166876736979732,0,0,0.5290878567008399,0,-0.7200100474591208,-0.1412252592681499,True,False,False,False,False,True,0
0.1074341634155678,-0.9410032061959116,-0.0013447194854226,1.1366283142199831,-0.9166876736979732,1,0,-1.5561589743626048,0,-1.4321861577055308,-0.4968780039860012,True,False,False,True,False,False,0
0.2631001290740287,-1.0360756424764714,-1.736466636159815,1.086919795741999,0.8084361535388619,1,0,-1.5939334281346424,1,0.7043421730336995,0.2277644633766206,True,True,False,False,True,False,0
-1.5114918794324257,1.0555179556958456,-0.6953934861551795,-1.2184705569895626,0.8084361535388619,1,0,-1.537233757601969,0,-0.0078339372127105,-1.3860098657806292,True,False,True,False,False,False,0
-0.2765418852086357,0.1998660291708067,0.3456796638494558,0.3452132700049017,0.8084361535388619,1,0,-0.7528864606551503,0,0.7043421730336995,0.3611342426458148,True,False,False,False,False,False,0
-0.2142754989452513,-0.9410032061959116,0.6927040471843343,-1.2184705569895626,0.8084361535388619,0,1,0.4424199996298104,0,-0.0078339372127105,0.0454924317087219,True,False,False,False,False,False,0
2.058447599668278,-0.5607134610736721,-1.736466636159815,0.7794074482312426,-0.9166876736979732,0,1,-1.160225893102428,0,-0.0078339372127105,-1.1103789886242943,True,False,False,False,False,False,0
0.8338753364883853,-0.9410032061959116,-1.3894422528249364,1.252566610886992,-0.9166876736979732,1,1,0.6623672904599913,0,0.7043421730336995,-0.0345294358527946,False,True,False,True,False,False,0
-2.3209549008564223,2.196387191062564,-1.3894422528249364,0.5064882844733566,-0.9166876736979732,0,1,-0.7311011366292894,0,0.7043421730336995,-0.9281069569563958,False,False,False,False,False,False,0
0.7300980260494114,-0.6557858973542321,-0.348369102820301,-1.2184705569895626,0.8084361535388619,1,1,0.2301158890658472,0,0.7043421730336995,0.1032860027253727,False,False,True,False,False,True,0
-0.5256074302621732,0.2949384654513666,-1.3894422528249364,0.3585433794033946,-0.9166876736979732,1,0,-1.0504422839937746,1,-0.7200100474591208,-1.697206017408749,True,True,False,False,False,False,0
-0.4633410439987888,-1.7015826964403906,-1.736466636159815,-1.2184705569895626,0.8084361535388619,1,0,0.2725400600776363,0,-1.4321861577055308,-1.257085745820408,False,False,False,False,False,False,0
0.771608950225001,-0.5607134610736721,0.6927040471843343,0.3673588700992196,0.8084361535388619,1,1,-0.7715896496359873,0,-0.0078339372127105,-0.7191609694346582,False,True,False,False,True,False,0
-0.6190070096572498,-0.0853512796708728,1.0397284305192127,-1.2184705569895626,0.8084361535388619,1,0,1.3908451303812157,0,-0.7200100474591208,-0.0834316882514991,True,False,True,True,False,False,0
-0.733162051140121,-0.1804237159514327,0.6927040471843343,-1.2184705569895626,0.8084361535388619,1,1,-0.4539753463662263,0,-1.4321861577055308,0.6545477570380421,True,False,False,False,False,True,0
-0.4010746577354044,1.0555179556958456,-0.0013447194854226,0.4025297303523993,0.8084361535388619,1,0,-1.528943445466987,0,0.7043421730336995,-0.1456709185771231,False,True,False,False,True,False,0
-0.733162051140121,-0.7508583336347919,0.3456796638494558,-1.2184705569895626,0.8084361535388619,1,0,1.5290867198455045,0,-1.4321861577055308,0.1655252330509967,False,False,True,False,False,True,0
2.058447599668278,-0.0853512796708728,0.6927040471843343,0.4144231736651725,0.8084361535388619,0,0,-0.9846074830159838,0,-1.4321861577055308,-0.5057693226039475,True,True,False,False,False,True,0
0.2319669359423365,-0.2754961522319926,0.3456796638494558,0.3948390116672931,-0.9166876736979732,1,0,1.4209355452118173,0,-0.0078339372127105,-0.9325526162653688,False,True,False,False,True,False,0
0.4914102120397713,-0.1804237159514327,1.7337771971889695,-1.2184705569895626,0.8084361535388619,0,0,-0.2984986983616811,0,-1.4321861577055308,-0.9725635500461272,True,False,False,False,False,False,0
0.5536765983031557,0.8653730831347259,-1.3894422528249364,1.2928232018374637,0.8084361535388619,1,1,-0.016610177501882,1,0.7043421730336995,-1.6305211277741518,False,True,False,False,False,True,0
0.0140345840204912,-0.0853512796708728,1.3867528138540912,1.1763242003189909,-0.9166876736979732,1,0,0.3121235968949423,0,-1.4321861577055308,1.285831378912228,False,False,True,False,False,True,0
2.058447599668278,-0.1804237159514327,-0.348369102820301,0.8128853064571852,-0.9166876736979732,1,0,1.6836432652574922,0,-1.4321861577055308,1.5303426409057508,True,False,False,False,False,False,0
0.034790046108286,3.717546171551522,-1.042417869490058,-1.2184705569895626,0.8084361535388619,0,1,1.530098102457165,0,1.4165182832801098,1.637038464321106,False,False,True,False,False,True,0
0.3357442463813104,0.1998660291708067,-1.042417869490058,0.6993693123880652,0.8084361535388619,0,0,0.3451841766138022,0,-0.7200100474591208,1.4592120919621805,True,False,True,True,False,False,0
-0.2661641541647383,-0.5607134610736721,1.0397284305192127,-1.2184705569895626,0.8084361535388619,1,0,0.6619625287752835,0,0.7043421730336995,-1.2259661306575962,True,False,False,False,True,False,0
0.9065194537956672,-1.1311480787570314,1.0397284305192127,0.3654389923511014,-0.9166876736979732,1,1,0.1136860513662828,0,-0.7200100474591208,-0.5902368494744371,False,False,True,True,False,False,0
0.5744320603909505,-0.1804237159514327,-1.3894422528249364,-1.2184705569895626,0.8084361535388619,0,1,-1.6412283009657636,0,-0.7200100474591208,0.8057001735431288,True,False,False,True,False,False,0
-0.992605327237556,0.2949384654513666,-1.736466636159815,0.6374517739947271,0.8084361535388619,0,1,0.434739438022436,1,1.4165182832801098,-0.1678992151219888,True,True,False,False,False,False,0
0.2527223980301313,-0.0853512796708728,1.0397284305192127,-1.2184705569895626,0.8084361535388619,1,1,0.5783083032682749,0,-0.7200100474591208,1.1435702810250876,True,False,False,False,False,False,0
1.2801177713759733,2.956966681307043,0.3456796638494558,0.6978027971776918,0.8084361535388619,1,1,-0.4503020645308215,0,-1.4321861577055308,-1.6438581057010713,True,True,False,True,False,False,0
-0.9303389409741716,0.5801557742930463,0.3456796638494558,0.9727172504441296,-0.9166876736979732,1,0,-0.931356806271776,0,0.7043421730336995,1.4903317071249924,True,False,False,False,False,True,0
-2.310577169812525,0.009721156609687,0.3456796638494558,-0.4495615202419131,-0.9166876736979732,1,0,-0.4444085048974278,0,-0.0078339372127105,0.2322101226855938,False,False,False,True,False,False,0
1.425406005990537,-0.5607134610736721,1.0397284305192127,1.2089164907169918,-0.9166876736979732,1,0,-1.6698486728220512,0,0.7043421730336995,-0.4168561364244846,True,True,False,False,False,True,0
-1.7398019623981682,1.0555179556958456,-1.042417869490058,0.2290535413534344,0.8084361535388619,0,0,-0.9086399044509562,0,1.4165182832801098,1.565907915377536,False,False,False,True,False,False,0
-0.8784502857546845,0.1047935928902469,-0.348369102820301,0.6808939114114282,-0.9166876736979732,0,0,-0.1470505418668778,0,-1.4321861577055308,1.2680487416763355,True,False,True,False,True,False,0
-0.7020288580084288,-0.3705685885125524,1.3867528138540912,-1.2184705569895626,0.8084361535388619,1,0,1.598702947747999,0,-0.0078339372127105,-0.5191063005308669,True,False,False,True,False,False,0
-0.0378540711989956,-1.0360756424764714,1.0397284305192127,0.2284600139735432,-0.9166876736979732,1,1,0.8070968898154134,0,0.7043421730336995,1.0457657762276784,False,True,False,False,True,False,0
-2.237933052505243,0.5801557742930463,-0.6953934861551795,0.4521018352000448,0.8084361535388619,1,1,1.4449875694453826,1,-0.0078339372127105,-1.3459989319998709,True,True,False,False,False,False,0
0.1904560117667469,-0.7508583336347919,-1.042417869490058,-0.2973573717514324,-0.9166876736979732,1,1,1.416353288252851,1,-1.4321861577055308,1.032428798300759,False,False,False,False,True,False,0
0.5640543293470531,-0.4656410247931123,1.0397284305192127,-1.2184705569895626,0.8084361535388619,1,1,-1.0945138420169926,0,-1.4321861577055308,0.8501567666328603,True,False,False,False,False,False,0
-0.5048519681743784,0.6752282105736062,-1.042417869490058,-1.2184705569895626,0.8084361535388619,1,1,-0.7105549605960886,0,1.4165182832801098,-0.2923776757732367,True,False,False,False,False,True,0
1.2074736540686914,-1.226220515037591,-0.0013447194854226,-0.4000486560553305,-0.9166876736979732,1,1,-0.521191518299775,1,0.7043421730336995,1.7126146725736495,False,False,False,False,True,False,0
-0.2765418852086357,1.1505903919764056,0.6927040471843343,0.9637467733701728,-0.9166876736979732,1,0,-1.0703900108350664,1,-1.4321861577055308,1.0057548424469205,False,False,False,False,True,False,0
1.4357837370344342,-1.226220515037591,-0.0013447194854226,-1.2184705569895626,-0.9166876736979732,1,0,-1.3895513800285948,0,-0.7200100474591208,-0.8036284963051479,True,False,False,False,False,True,0
-0.2246532299891487,1.3407352645375252,-0.0013447194854226,0.9919053005623628,-0.9166876736979732,0,1,0.2378440901498583,0,-1.4321861577055308,-0.3146059723181024,True,False,False,True,False,False,0
-0.919961209930274,-0.4656410247931123,0.3456796638494558,1.0200313254459148,-0.9166876736979732,1,1,0.9038721399350336,0,1.4165182832801098,-1.568281897448528,False,False,False,False,False,False,0
1.6744715510440742,-0.8459307699153518,-1.3894422528249364,0.6454798442281016,-0.9166876736979732,0,1,-0.2542464928339908,0,-1.4321861577055308,1.2680487416763355,True,True,False,False,False,False,0
1.1555849988492046,2.671749372465364,1.3867528138540912,1.1601966508391768,-0.9166876736979732,0,1,-0.2294151980373413,0,-1.4321861577055308,-0.0523120730886871,True,False,True,False,True,False,0
0.9480303779712568,-0.2754961522319926,1.0397284305192127,0.2660197138566058,-0.9166876736979732,1,1,-1.160343079260286,0,1.4165182832801098,-1.1948465154947845,False,False,True,False,False,True,0
0.719720295005514,1.7210250096597648,-1.3894422528249364,-1.2184705569895626,-0.9166876736979732,1,1,1.660595147367356,0,0.7043421730336995,-1.692760358099776,True,False,True,False,True,False,0
-0.3491860025159174,-0.6557858973542321,-0.0013447194854226,0.9186137153548664,-0.9166876736979732,0,1,0.9460454212943168,0,-0.7200100474591208,0.5656345708585793,True,False,True,False,False,True,0
-0.3906969266915071,0.4850833380124864,0.3456796638494558,-1.2184705569895626,0.8084361535388619,0,1,0.0782255895451801,0,-0.0078339372127105,-1.0481397582986705,True,False,False,True,False,False,0
0.4706547499519766,-0.7508583336347919,-0.6953934861551795,0.523611877608499,0.8084361535388619,0,1,0.4067531580321833,0,-1.4321861577055308,-1.1770638782588916,True,True,False,False,False,False,0
-1.127515830808222,3.052039117587603,-1.3894422528249364,0.4516160617793301,-0.9166876736979732,1,1,-1.3001969346619875,0,1.4165182832801098,0.4589387474432239,False,False,False,False,False,False,0
1.9650480202732008,0.1998660291708067,-1.3894422528249364,-1.2184705569895626,0.8084361535388619,0,1,1.6110919935407566,0,1.4165182832801098,1.0457657762276784,True,False,True,False,False,True,0
1.3320064265954603,3.5274012989904024,1.7337771971889695,0.7238846990347889,-0.9166876736979732,0,1,-0.6182519098124023,0,-0.0078339372127105,1.3391792906199056,True,False,False,False,False,False,0
0.3046110532496183,-0.8459307699153518,-1.042417869490058,0.8372330580440905,-0.9166876736979732,1,1,1.39375305098978,0,-1.4321861577055308,1.3302879720019594,True,False,True,False,False,True,0
-0.5048519681743784,-0.7508583336347919,-0.348369102820301,-1.2184705569895626,0.8084361535388619,0,1,-1.5791302431699914,0,0.7043421730336995,-1.381564206471656,True,False,False,True,False,False,0
-1.5114918794324257,1.7210250096597648,0.3456796638494558,-1.2184705569895626,0.8084361535388619,0,1,1.634170190370521,1,-0.7200100474591208,1.0546570948456246,False,False,False,False,False,False,0
1.1244518057175124,-0.4656410247931123,-1.042417869490058,-1.2184705569895626,0.8084361535388619,1,0,1.108072497336391,0,0.7043421730336995,0.9212873155764304,True,False,False,False,False,True,0
0.2734778601179261,0.1047935928902469,-1.3894422528249364,-1.2184705569895626,0.8084361535388619,1,1,1.5111122062171631,0,-0.0078339372127105,-0.4524214108962698,True,False,False,False,True,False,0
1.2697400403320758,0.1047935928902469,1.3867528138540912,0.2708311763041663,0.8084361535388619,1,0,1.58527626547142,0,-1.4321861577055308,-1.123715966551214,True,False,False,True,False,False,0
1.4461614680783317,-0.7508583336347919,-1.3894422528249364,0.8668059960466278,-0.9166876736979732,0,0,-0.0675426894942815,0,-1.4321861577055308,0.0054814979279636,True,True,False,True,False,False,0
1.062185419454128,2.481604499904244,-1.3894422528249364,0.9620091006822964,-0.9166876736979732,1,1,0.3668291902102991,1,0.7043421730336995,-0.8614220673217987,True,True,False,False,False,True,0
-0.6190070096572498,-0.7508583336347919,0.6927040471843343,0.776390337374305,-0.9166876736979732,1,0,-0.2495268811796121,0,-0.7200100474591208,-1.248194427202462,True,True,False,False,False,False,0
0.2942333222057209,0.4850833380124864,-0.6953934861551795,-1.2184705569895626,0.8084361535388619,1,0,-0.2346541495337397,0,1.4165182832801098,-1.568281897448528,True,False,False,False,False,True,0
-0.1312536505940722,-0.3705685885125524,1.7337771971889695,0.8337204070628575,0.8084361535388619,1,0,-0.7187284343066188,0,-0.0078339372127105,-0.6880413542718462,True,True,False,False,True,False,0
-0.0274763401550982,-0.2754961522319926,0.3456796638494558,0.1681994528811204,-0.9166876736979732,0,0,-1.4014734198569516,0,-0.0078339372127105,1.7392886284274882,False,False,True,False,True,False,0
2.058447599668278,-0.8459307699153518,0.3456796638494558,0.1656697165438452,-0.9166876736979732,1,1,1.5365981091508083,0,-0.7200100474591208,0.6589934163470152,True,False,False,True,False,False,0
-0.2557864231208409,-1.321292951318151,-0.348369102820301,-1.2184705569895626,-0.9166876736979732,1,1,1.632306513180494,0,1.4165182832801098,1.7126146725736495,False,False,True,False,False,True,0
-0.4737187750426862,-0.7508583336347919,1.7337771971889695,-1.2184705569895626,0.8084361535388619,1,0,1.6478757548387974,0,-0.0078339372127105,1.7126146725736495,True,False,False,False,False,False,0
1.1348295367614096,-0.2754961522319926,1.3867528138540912,0.825138836923283,-0.9166876736979732,1,1,-0.3367512855671151,0,-0.7200100474591208,1.125787643789195,True,False,False,True,False,False,0
1.217851385112589,2.006242318501444,1.3867528138540912,1.1647074269043702,-0.9166876736979732,1,0,1.6065349472537331,1,1.4165182832801098,-1.3193249761460322,True,True,False,True,False,False,0
0.1904560117667469,-0.3705685885125524,-1.042417869490058,0.0557794110416619,-0.9166876736979732,0,1,1.710354754580959,0,-1.4321861577055308,0.93462429350335,False,True,False,False,True,False,0
-0.2246532299891487,-1.7015826964403906,-1.3894422528249364,0.1555634198764305,-0.9166876736979732,1,1,0.5680400835193598,0,-0.7200100474591208,-1.0348027803717512,False,False,True,False,False,False,0
1.217851385112589,-0.4656410247931123,0.6927040471843343,0.978864349633814,-0.9166876736979732,1,1,-0.5051065880002157,1,-0.7200100474591208,-0.5413345970757326,False,True,False,False,False,True,0
-0.919961209930274,-1.226220515037591,0.6927040471843343,-1.2184705569895626,0.8084361535388619,0,0,-1.63941608831984,0,0.7043421730336995,0.6056455046393375,True,False,True,False,False,False,0
0.0036568529765938,1.8160974459403243,0.3456796638494558,-1.2184705569895626,0.8084361535388619,0,1,1.2100103714697692,0,-0.7200100474591208,-0.047866413779714,True,False,True,False,False,False,0
1.248984578244281,0.8653730831347259,0.3456796638494558,0.5225087204335733,-0.9166876736979732,1,0,1.4627993438396665,1,0.7043421730336995,0.907950337649511,False,True,False,True,False,False,0
0.9168971848395644,-0.2754961522319926,-0.348369102820301,0.5274413860714705,-0.9166876736979732,0,0,-0.1021736332751176,1,-0.7200100474591208,1.2458204451314698,False,True,False,False,False,False,0
0.3668774395130026,3.1471115538681627,-0.348369102820301,-1.2184705569895626,0.8084361535388619,1,1,-0.8721779704202669,0,-0.0078339372127105,-0.0523120730886871,False,False,True,True,False,False,0
-2.2067998593735507,1.2456628282569653,-0.6953934861551795,0.3217264293221436,4.258683808012532,1,0,1.7115999879082258,1,-1.4321861577055308,-0.9325526162653688,True,False,True,True,False,False,0
0.2527223980301313,-1.7966551327209506,-1.3894422528249364,0.0715305421588849,-0.9166876736979732,0,0,-0.5530579815020654,0,-0.0078339372127105,-1.003683165208939,True,False,False,False,False,False,0
-1.5114918794324257,0.1998660291708067,-0.6953934861551795,-0.2939038013213673,-0.9166876736979732,1,0,-1.6760025109099153,0,-1.4321861577055308,1.3391792906199056,False,True,False,False,False,True,0
-0.4114523887793018,0.2949384654513666,1.7337771971889695,-0.0096807188832302,-0.9166876736979732,0,0,0.8563194227832848,0,-0.7200100474591208,-1.6305211277741518,False,False,False,False,False,False,0
0.9791635711029488,-0.8459307699153518,-1.3894422528249364,0.5854343107243472,-0.9166876736979732,0,0,-1.5425608595168154,1,-1.4321861577055308,-0.0967686661784185,True,False,True,False,False,False,0
0.1281896255033626,0.1998660291708067,-0.0013447194854226,-1.2184705569895626,-0.9166876736979732,1,1,0.8975527807458623,0,1.4165182832801098,-0.2523667419924785,False,False,False,False,True,False,0
0.3564997084691052,0.1998660291708067,0.6927040471843343,0.4266541286361088,-0.9166876736979732,0,1,1.6427372982967634,0,-0.7200100474591208,-0.2034644895937739,True,False,True,False,False,False,0
1.9442925581854065,1.1505903919764056,-0.6953934861551795,-1.2184705569895626,-0.9166876736979732,1,1,-0.5447254197582416,1,1.4165182832801098,0.4322647915893851,False,False,False,False,True,False,0
-0.2246532299891487,2.671749372465364,-0.0013447194854226,-1.2184705569895626,0.8084361535388619,1,1,-1.2709833296148825,0,-0.0078339372127105,-0.2256927861386396,True,False,False,False,False,True,0
-0.9407166720180687,-0.3705685885125524,-0.0013447194854226,-1.2184705569895626,0.8084361535388619,1,0,-0.7032850721413257,0,-0.7200100474591208,-0.0389750951617677,False,False,False,False,True,False,0
0.2942333222057209,-0.4656410247931123,1.3867528138540912,-1.2184705569895626,0.8084361535388619,1,1,-0.0824943566233399,0,0.7043421730336995,-1.7149886546446416,True,False,False,False,True,False,0
0.6055652535226427,-1.0360756424764714,0.3456796638494558,-1.2184705569895626,-0.9166876736979732,1,0,-0.9041817883179696,0,-0.0078339372127105,-0.8925416824846106,False,False,True,True,False,False,0
0.481032480995874,-1.1311480787570314,0.3456796638494558,0.7897457441361705,0.8084361535388619,0,0,-1.2653470927020072,0,1.4165182832801098,0.4900583626060359,True,False,True,True,False,False,0
-0.0067208780673035,-0.0853512796708728,-1.042417869490058,-1.2184705569895626,2.533559980775697,1,0,-0.5807403424953809,1,-0.7200100474591208,-0.7814001997602822,True,False,True,False,True,False,0
0.6366984466543348,-0.2754961522319926,1.0397284305192127,0.925230416865894,-0.9166876736979732,1,1,0.7447468991669172,0,-1.4321861577055308,-1.1103789886242943,True,False,False,False,False,True,0
-1.0652494445448375,1.2456628282569653,-1.3894422528249364,-1.2184705569895626,-0.9166876736979732,0,1,-1.5960135693699709,1,0.7043421730336995,-0.5413345970757326,False,False,False,False,False,False,0
0.6989648329177193,-0.5607134610736721,0.6927040471843343,-1.2184705569895626,0.8084361535388619,1,0,-1.3981438724934832,0,1.4165182832801098,-1.44380343679728,False,False,True,True,False,False,0
-0.8992057478424793,-0.7508583336347919,-1.042417869490058,0.2154478828260522,0.8084361535388619,1,1,-1.668942131832332,0,-0.0078339372127105,0.7345696245995587,True,True,False,False,False,True,0
-0.7642952442718132,-0.4656410247931123,-0.348369102820301,1.5852315824256331,-0.9166876736979732,1,1,-0.4446291417436023,0,-0.7200100474591208,-1.314879316837059,True,False,False,False,False,True,0
0.7508534881372062,-0.2754961522319926,-1.3894422528249364,-1.2184705569895626,0.8084361535388619,1,0,-0.8340218792350275,0,-0.0078339372127105,0.2366557819945669,True,False,True,True,False,False,0
-2.52850952173437,4.287980789234881,1.0397284305192127,0.1884693655582751,-0.9166876736979732,0,0,1.530952483435968,1,-0.7200100474591208,0.0054814979279636,False,False,False,False,False,False,0
1.1036963436297176,1.6259525733792048,-1.3894422528249364,-1.2184705569895626,0.8084361535388619,1,1,-1.561112784465996,0,0.7043421730336995,-0.8836503638666644,True,False,True,False,True,False,0
0.2319669359423365,-1.606510260159831,-0.6953934861551795,-1.2184705569895626,-0.9166876736979732,1,1,1.2780819675823394,0,0.7043421730336995,-1.501597007813931,True,False,False,False,True,False,0
1.2593623092881785,-1.321292951318151,-1.3894422528249364,0.7754224730604551,0.8084361535388619,0,1,-1.5423318770688943,0,0.7043421730336995,0.3789168798817074,True,False,False,True,False,False,0
-2.2275553214613457,0.3900109017319265,0.3456796638494558,-1.2184705569895626,-0.9166876736979732,1,0,0.8328159479978524,1,-1.4321861577055308,0.3789168798817074,False,False,False,False,False,False,0
-0.9510944030619662,1.7210250096597648,-1.736466636159815,-1.2184705569895626,0.8084361535388619,0,1,0.2842793660010843,0,-1.4321861577055308,0.0366011130907756,True,False,False,False,False,False,0
-0.5048519681743784,-1.416365387598711,-0.6953934861551795,-1.2184705569895626,-0.9166876736979732,1,1,1.710756908265121,1,1.4165182832801098,0.2010905075227818,False,False,False,False,False,True,0
1.954670289229304,0.3900109017319265,0.6927040471843343,-1.2184705569895626,0.8084361535388619,1,0,-0.1655617820075443,0,-0.7200100474591208,0.1699708923599698,False,False,False,False,False,True,0
0.5017879430836688,-1.226220515037591,-1.042417869490058,-1.2184705569895626,0.8084361535388619,0,0,-0.8759381856071982,0,1.4165182832801098,-0.8436394300859061,False,False,False,False,False,False,0
1.2593623092881785,2.386532063623684,-1.042417869490058,1.1123817520865689,-0.9166876736979732,0,1,1.490760239291273,0,-1.4321861577055308,0.1032860027253727,True,False,False,False,False,True,0
0.3357442463813104,0.1047935928902469,-1.042417869490058,-0.0930417754823449,-0.9166876736979732,1,1,0.2614529281573408,1,1.4165182832801098,-0.6747043763449267,True,False,True,False,False,False,0
0.5121656741275662,0.4850833380124864,0.6927040471843343,-1.2184705569895626,0.8084361535388619,1,0,-1.338869409955295,0,-0.0078339372127105,-0.554671575002652,True,False,False,False,False,True,0
0.9480303779712568,-0.4656410247931123,-1.3894422528249364,0.8907672423475724,-0.9166876736979732,1,1,0.141039282690719,0,1.4165182832801098,-0.4124104771155115,False,True,False,True,False,False,0
-0.7954284374035054,0.1998660291708067,-1.042417869490058,0.3836273162864261,-0.9166876736979732,0,0,0.4498967894612064,0,-1.4321861577055308,-0.0345294358527946,True,False,True,True,False,False,0
1.5810719716489976,-1.321292951318151,0.6927040471843343,0.51706738566001,-0.9166876736979732,1,0,0.4841433139615919,0,-1.4321861577055308,-0.9236612976474228,True,False,False,False,False,False,0
0.8131198744005905,0.2949384654513666,-0.348369102820301,-1.2184705569895626,0.8084361535388619,0,1,-0.251216865533289,0,0.7043421730336995,0.5122866591509017,True,False,True,False,False,False,0
-0.0378540711989956,-0.2754961522319926,1.0397284305192127,1.1342383538208376,0.8084361535388619,1,1,0.5148220937153262,0,-0.0078339372127105,0.7701348990713438,True,False,True,True,False,False,0
1.0725631504980253,-0.7508583336347919,-0.0013447194854226,-1.2184705569895626,0.8084361535388619,0,1,1.6383370797758938,0,0.7043421730336995,-0.3190516316270755,True,False,False,False,False,False,0
-0.4010746577354044,-0.8459307699153518,-0.0013447194854226,0.8879973411681508,0.8084361535388619,1,0,1.2206779630355975,0,-0.7200100474591208,-0.1056599847963648,False,True,False,True,False,False,0
0.8131198744005905,-1.606510260159831,1.3867528138540912,-0.1655307297873877,-0.9166876736979732,1,1,0.7886718875594615,0,1.4165182832801098,-0.7102696508167119,False,False,False,False,False,True,0
0.2838555911618235,0.009721156609687,-0.0013447194854226,-1.2184705569895626,0.8084361535388619,1,1,-0.006446103908096,0,-1.4321861577055308,-1.1948465154947845,True,False,True,False,True,False,0
-0.7124065890523262,-0.9410032061959116,1.7337771971889695,-1.2184705569895626,0.8084361535388619,1,1,0.1887246601368973,0,0.7043421730336995,-0.1456709185771231,False,False,False,False,False,True,0
0.9791635711029488,0.770300646854166,1.0397284305192127,1.0612066269725438,-0.9166876736979732,1,1,-0.6666861311486306,0,-0.0078339372127105,0.3300146274830028,True,False,False,False,True,False,0
-0.0170986091112009,0.5801557742930463,1.3867528138540912,1.2210792388727585,2.533559980775697,1,0,0.8763563432432426,1,-0.0078339372127105,0.6812217128918809,False,True,False,False,True,False,0
1.4772946612100235,-0.1804237159514327,1.3867528138540912,-1.2184705569895626,0.8084361535388619,1,0,-0.563718270666365,0,-0.0078339372127105,-0.1323339406502037,False,False,True,False,False,False,0
-0.5359851613060705,0.9604455194152858,0.6927040471843343,0.2260233014851259,-0.9166876736979732,1,0,-0.1579323372108676,0,0.7043421730336995,-1.0659223955345631,True,False,False,False,False,False,0
-0.0586095332867904,1.0555179556958456,-0.0013447194854226,1.065411272918948,0.8084361535388619,1,1,0.7263665806536499,1,0.7043421730336995,1.5303426409057508,False,False,True,True,False,False,0
1.1244518057175124,-0.6557858973542321,0.6927040471843343,-1.2184705569895626,0.8084361535388619,1,1,0.0962832114575807,0,0.7043421730336995,1.0502114355366516,False,False,False,False,False,True,0
0.9999190331907436,0.9604455194152858,0.6927040471843343,-0.7445119656292555,-0.9166876736979732,0,0,1.0974342892433784,1,0.7043421730336995,0.4100364950445194,False,False,False,False,False,True,0
1.0725631504980253,-1.511437823879271,-0.0013447194854226,0.1310073653164367,0.8084361535388619,1,1,-0.6533856760984683,0,1.4165182832801098,-0.6835956949628731,True,False,False,False,False,False,0
1.0829408815419228,-0.0853512796708728,0.3456796638494558,0.6901810858572289,-0.9166876736979732,1,0,1.2054630617181166,1,-1.4321861577055308,-1.5549449195216083,True,False,True,False,False,False,0
1.2904955024198703,-0.8459307699153518,0.3456796638494558,-1.2184705569895626,0.8084361535388619,0,1,-0.6350034450514673,0,-0.7200100474591208,1.4280924767993686,True,False,True,True,False,False,0
-0.1208759195501748,-0.5607134610736721,0.6927040471843343,1.2564403096809185,-0.9166876736979732,1,0,-1.2989409215991312,1,1.4165182832801098,0.6901130315098273,True,False,False,True,False,False,0
-0.1727645747696618,0.8653730831347259,1.0397284305192127,0.8757081061955203,0.8084361535388619,1,1,-0.9941870167541048,0,0.7043421730336995,1.2369291265135234,False,False,False,False,False,True,0
2.037692137580483,-0.7508583336347919,-0.348369102820301,0.2228138986445765,0.8084361535388619,1,0,1.6117737248834283,0,-0.7200100474591208,0.8368197887059409,True,True,False,False,True,False,0
-1.4803586863007334,-0.7508583336347919,-0.6953934861551795,-1.2184705569895626,0.8084361535388619,1,0,-1.4790906457005475,0,1.4165182832801098,-1.3682272285447366,True,False,False,False,True,False,0
-0.4840965060865836,-1.0360756424764714,0.3456796638494558,-1.2184705569895626,0.8084361535388619,0,0,1.0271563246690634,0,-1.4321861577055308,-0.616910805328276,False,False,False,False,False,False,0
-1.0029830582814532,1.1505903919764056,-0.0013447194854226,-1.2184705569895626,2.533559980775697,1,0,1.5420516121587746,1,-1.4321861577055308,-0.8925416824846106,True,False,False,False,True,False,0
-1.158649023939914,0.009721156609687,-1.042417869490058,-1.2184705569895626,0.8084361535388619,1,0,-0.320529696038956,0,0.7043421730336995,1.16135291826098,True,False,True,False,False,False,0
0.3149887842935157,1.4358077008180852,-1.736466636159815,0.1120862183927761,0.8084361535388619,1,1,-0.8049743168893383,0,-0.7200100474591208,-0.5724542122385445,False,False,True,False,False,False,0
-0.5152296992182758,0.2949384654513666,1.7337771971889695,-1.2184705569895626,0.8084361535388619,0,0,1.2081965940235182,1,-0.7200100474591208,-0.0300837765438214,False,False,False,False,False,False,0
1.8716484408781249,2.1013147547820044,-1.042417869490058,-1.2184705569895626,-0.9166876736979732,0,1,0.4759317634430932,1,-0.7200100474591208,0.6278738011842032,True,False,False,False,False,False,0
1.5084278543417158,-0.9410032061959116,-1.3894422528249364,-1.2184705569895626,-0.9166876736979732,0,1,0.8616839060392878,0,1.4165182832801098,0.6456564384200958,True,False,False,True,False,False,0
0.2527223980301313,-1.0360756424764714,-1.3894422528249364,-0.1063624383970467,0.8084361535388619,1,1,0.4873483727656743,0,0.7043421730336995,1.379190224400664,True,True,False,False,False,False,0
0.6055652535226427,-1.416365387598711,0.6927040471843343,0.4322491689086457,0.8084361535388619,1,0,1.266537740099717,0,-1.4321861577055308,0.0632750689446144,False,True,False,False,False,False,0
-1.2728040654227857,-1.606510260159831,-0.0013447194854226,-1.2184705569895626,-0.9166876736979732,1,0,0.8821742708608082,0,1.4165182832801098,-0.0834316882514991,True,False,False,False,True,False,0
-1.366203644817862,-0.8459307699153518,-0.6953934861551795,1.0774499359062724,0.8084361535388619,1,1,-1.7305436263241838,0,-1.4321861577055308,-0.0078554799989557,True,False,False,False,False,False,0
0.9480303779712568,-1.321292951318151,0.3456796638494558,-1.2184705569895626,0.8084361535388619,1,0,0.5095827944855216,0,-0.7200100474591208,0.6278738011842032,True,False,True,True,False,False,0
0.1489450875911573,0.1998660291708067,1.7337771971889695,1.0416740203607782,-0.9166876736979732,1,0,-0.861036765955322,0,-0.7200100474591208,-0.430193114351404,False,False,False,False,False,True,0
0.6574539087421296,-0.6557858973542321,-0.6953934861551795,0.4603968086279914,0.8084361535388619,1,0,0.2385192145578138,0,-0.7200100474591208,-0.1501165778860962,False,True,False,False,True,False,0
0.1697005496789521,-0.6557858973542321,-1.042417869490058,-1.2184705569895626,0.8084361535388619,1,1,-1.0393570646072128,0,-0.0078339372127105,-1.6438581057010713,False,False,False,False,False,False,0
0.2112114738545417,-0.4656410247931123,-1.3894422528249364,1.0575196163159124,0.8084361535388619,1,1,1.1878929620410767,0,-0.7200100474591208,1.0857767100084368,False,False,False,False,False,False,0
-0.2038977679013539,0.8653730831347259,0.3456796638494558,0.799975005202764,-0.9166876736979732,1,0,-0.6274098167956196,1,-0.0078339372127105,-0.3990734991885921,True,True,False,False,True,False,0
0.3876329016007974,-1.0360756424764714,-0.6953934861551795,-1.2184705569895626,0.8084361535388619,1,1,1.5998819378614026,0,0.7043421730336995,0.5522975929316599,False,False,True,False,False,True,0
2.006558944448791,-0.5607134610736721,1.0397284305192127,1.4135044339170733,-0.9166876736979732,1,0,0.8733964364904655,0,1.4165182832801098,-0.0834316882514991,True,False,False,True,False,False,0
-0.8992057478424793,-0.6557858973542321,1.3867528138540912,-0.1286466936602305,-0.9166876736979732,1,0,0.7451281888467126,0,-0.0078339372127105,-0.4568670702052429,False,True,False,False,False,True,0
0.5017879430836688,1.9111698822208845,-0.0013447194854226,0.9854166869671463,-0.9166876736979732,1,0,0.7397291061168021,1,-0.7200100474591208,1.032428798300759,False,True,False,False,True,False,0
-0.152009112681867,0.1998660291708067,-1.042417869490058,0.9912765490056232,0.8084361535388619,1,0,0.6931535198362123,0,-1.4321861577055308,0.9612982493571888,True,True,False,True,False,False,0
0.6989648329177193,0.8653730831347259,-0.0013447194854226,-1.2184705569895626,0.8084361535388619,0,0,-0.3802052690610878,0,0.7043421730336995,1.4014185209455297,False,False,True,True,False,False,0
0.1074341634155678,0.1998660291708067,-0.348369102820301,-1.2184705569895626,0.8084361535388619,1,0,0.4541431359498742,0,0.7043421730336995,-0.3546169060988607,False,False,False,False,False,True,0
0.1178118944594652,-0.5607134610736721,-1.042417869490058,-1.2184705569895626,0.8084361535388619,1,0,0.919123900993562,0,0.7043421730336995,-1.221520471348623,False,False,False,True,False,False,0
0.3357442463813104,1.9111698822208845,1.3867528138540912,0.7424127761668032,-0.9166876736979732,0,1,-1.4713334088771268,0,-0.0078339372127105,-0.0078554799989557,True,True,False,False,True,False,0
0.6989648329177193,0.1047935928902469,-0.348369102820301,0.8371662922179739,-0.9166876736979732,1,1,1.3154758271413938,0,-1.4321861577055308,1.654821101556999,True,False,True,False,False,False,0
0.7819866812688984,-1.9868000052820705,-0.348369102820301,0.9198078149500184,-0.9166876736979732,1,1,-0.9300109041234412,0,0.7043421730336995,1.1435702810250876,True,False,False,False,True,False,0
-1.4492254931690411,-0.2754961522319926,-0.348369102820301,1.2179076219673737,0.8084361535388619,0,0,-1.074530820234981,1,1.4165182832801098,-0.2301384454476127,True,False,False,False,False,False,0
-0.5256074302621732,0.3900109017319265,1.0397284305192127,-1.2184705569895626,2.533559980775697,0,1,0.1822968081250209,1,0.7043421730336995,-1.1726182189499186,False,False,False,False,False,True,0
-0.1935200368574565,-0.2754961522319926,0.3456796638494558,0.7849890392726193,-0.9166876736979732,0,0,0.4438850004697364,0,1.4165182832801098,-0.6302477832551954,False,False,False,True,False,False,0
-0.3803191956476097,0.3900109017319265,-0.6953934861551795,0.1732184177522955,-0.9166876736979732,1,1,0.862675815580206,0,-1.4321861577055308,-0.1234426220322574,True,True,False,False,False,False,0
0.2734778601179261,-0.6557858973542321,1.3867528138540912,-1.2184705569895626,-0.9166876736979732,1,1,0.8307238099600137,0,0.7043421730336995,1.6726037387928911,False,False,False,True,False,False,0
0.4706547499519766,0.2949384654513666,1.7337771971889695,-1.2184705569895626,0.8084361535388619,1,0,-0.6801515856999906,0,1.4165182832801098,1.1569072589520069,False,False,False,True,False,False,0
0.4602770189080792,1.2456628282569653,0.3456796638494558,1.019562523674045,-0.9166876736979732,1,0,-1.2689816022626308,1,-0.0078339372127105,-0.6658130577269805,True,False,False,False,False,False,0
-1.7398019623981682,-0.6557858973542321,-0.6953934861551795,-1.2184705569895626,0.8084361535388619,1,1,0.6773794632017123,0,0.7043421730336995,0.1655252330509967,False,False,False,False,False,False,0
0.958408109015154,-0.2754961522319926,1.7337771971889695,-1.2184705569895626,0.8084361535388619,1,1,1.4332971200654927,0,1.4165182832801098,0.112177321343319,True,False,False,False,False,True,0
0.9065194537956672,-1.7966551327209506,-0.348369102820301,0.9238155257258625,-0.9166876736979732,0,1,0.8661086397652882,0,-0.0078339372127105,-1.2748683830563008,False,False,False,False,True,False,0
-1.3558259137739646,0.9604455194152858,-1.042417869490058,0.8301126508041348,-0.9166876736979732,1,1,1.431511509025137,0,-0.7200100474591208,-0.047866413779714,False,True,False,True,False,False,0
-0.048231802242893,0.1998660291708067,-0.348369102820301,1.0060538917428905,-0.9166876736979732,1,1,0.0206266804243152,1,1.4165182832801098,1.3836358837096372,True,False,False,False,False,False,0
-0.6293847407011471,0.5801557742930463,-0.0013447194854226,-1.2184705569895626,0.8084361535388619,1,1,0.957337542057512,0,-0.7200100474591208,-1.6527494243190175,True,False,False,True,False,False,0
0.719720295005514,0.1998660291708067,0.6927040471843343,-1.2184705569895626,0.8084361535388619,0,1,-0.6852510961005405,0,-1.4321861577055308,-0.6835956949628731,True,False,False,False,False,True,0
-0.8473170926229924,0.6752282105736062,-0.6953934861551795,-1.2184705569895626,0.8084361535388619,0,0,-1.7319006559415138,0,-0.0078339372127105,1.3436249499288788,False,False,False,False,False,True,0
2.058447599668278,-1.0360756424764714,-1.3894422528249364,0.4666114741932659,-0.9166876736979732,0,1,-0.445988257761369,0,-1.4321861577055308,-0.4968780039860012,False,False,False,False,True,False,0
-0.0170986091112009,-0.8459307699153518,0.3456796638494558,-1.2184705569895626,-0.9166876736979732,0,0,-0.5639220424423435,1,0.7043421730336995,1.5836905526134284,False,False,True,True,False,False,0
-0.3180528093842253,-1.1311480787570314,-0.348369102820301,0.9750939217220104,-0.9166876736979732,1,0,-1.3766283895907607,0,0.7043421730336995,0.0099271572369367,True,False,False,False,False,True,0
-0.6190070096572498,-1.1311480787570314,-0.348369102820301,-1.2184705569895626,0.8084361535388619,1,1,1.4454923044843462,0,1.4165182832801098,1.303614016148121,False,False,False,False,True,False,0
0.6366984466543348,0.8653730831347259,-1.3894422528249364,1.4035022086812556,-0.9166876736979732,0,0,0.9901682699949356,1,-0.7200100474591208,-1.634966787083125,False,False,True,False,False,False,0
-2.0615116247589875,0.2949384654513666,-0.0013447194854226,-1.2184705569895626,2.533559980775697,1,0,-0.3029244752878997,1,-1.4321861577055308,0.8190371514700483,False,False,True,True,False,False,0
0.4914102120397713,-0.8459307699153518,1.3867528138540912,-1.2184705569895626,-0.9166876736979732,1,1,0.1344135703707683,0,0.7043421730336995,-1.634966787083125,True,False,False,False,False,False,0
-0.4840965060865836,0.8653730831347259,0.3456796638494558,-1.2184705569895626,0.8084361535388619,1,1,-1.0496037248849492,0,-0.7200100474591208,-0.6658130577269805,False,False,True,False,False,False,0
1.1555849988492046,0.2949384654513666,0.3456796638494558,0.3852021572113274,-0.9166876736979732,1,0,-1.1643566182335656,1,-0.0078339372127105,0.4544930881342508,True,True,False,True,False,False,0
0.6885871018738219,-0.7508583336347919,-1.3894422528249364,1.225827457911887,-0.9166876736979732,0,1,-1.4483557070017272,0,0.7043421730336995,0.9390699528123232,False,False,False,True,False,False,0
-1.947356583276116,0.6752282105736062,0.3456796638494558,1.3720840041415605,-0.9166876736979732,1,0,1.4346294606109893,0,1.4165182832801098,-1.1726182189499186,True,False,False,False,False,True,0
-2.0615116247589875,-0.9410032061959116,0.3456796638494558,-1.2184705569895626,-0.9166876736979732,0,0,1.7029327327610246,1,-0.0078339372127105,0.8190371514700483,True,False,False,False,False,False,0
0.5536765983031557,0.9604455194152858,0.6927040471843343,-1.2184705569895626,-0.9166876736979732,1,0,-0.6437604154174441,1,-1.4321861577055308,-1.5949558533023669,False,False,False,True,False,False,0
-0.2454086920769435,-0.6557858973542321,1.3867528138540912,1.1693493329733753,0.8084361535388619,1,1,-1.46098764457865,0,-0.0078339372127105,1.121341984480222,True,False,False,True,False,False,0
-1.0444939824570427,0.8653730831347259,-0.0013447194854226,0.3134495483123052,-0.9166876736979732,0,0,-0.094812812534658,0,-1.4321861577055308,0.9257329748854036,False,False,True,False,False,False,0
0.0036568529765938,3.052039117587603,-0.348369102820301,-1.2184705569895626,-0.9166876736979732,1,1,0.3420968255676869,0,-0.0078339372127105,-1.341553272690898,True,False,True,False,False,False,0
-0.4114523887793018,0.009721156609687,-0.0013447194854226,1.508014903147992,-0.9166876736979732,1,1,-0.7099001785923903,0,0.7043421730336995,-1.3860098657806292,True,False,True,True,False,False,0
0.0451677771521834,-1.9868000052820705,1.7337771971889695,1.2114010760639435,-0.9166876736979732,0,1,0.4621903824339879,0,-0.7200100474591208,0.7612435804533975,True,False,False,True,False,False,0
-0.1727645747696618,-0.0853512796708728,-1.3894422528249364,-1.2184705569895626,0.8084361535388619,1,0,-0.1708455911133305,0,0.7043421730336995,-0.9236612976474228,False,False,True,True,False,False,0
0.8857639917078723,-0.0853512796708728,0.3456796638494558,1.1236616542826057,0.8084361535388619,1,0,1.7053699962044244,0,1.4165182832801098,0.4278191322804119,True,False,True,False,True,False,0
0.6470761776982322,-0.9410032061959116,-0.348369102820301,-1.2184705569895626,0.8084361535388619,1,1,-1.0923243386254438,0,0.7043421730336995,-1.123715966551214,True,False,True,False,False,False,0
-0.2142754989452513,-0.4656410247931123,0.3456796638494558,0.78655075118615,0.8084361535388619,0,1,0.4836231047860568,0,-0.7200100474591208,-1.341553272690898,False,True,False,False,True,False,0
-0.2869196162525331,-1.1311480787570314,0.6927040471843343,0.4602605551075469,-0.9166876736979732,1,1,1.1641431181374178,0,1.4165182832801098,0.5656345708585793,False,True,False,False,False,True,0
0.8338753364883853,0.2949384654513666,1.3867528138540912,0.5226938074719208,0.8084361535388619,1,1,-0.6104143465721709,0,-1.4321861577055308,1.445875114035261,True,True,False,False,False,False,0
1.5603165095612028,-0.9410032061959116,1.3867528138540912,0.8215624622039339,-0.9166876736979732,1,1,0.5916306655230219,0,-0.7200100474591208,1.4992230257429386,True,False,False,True,False,False,0
-1.2935595275105802,-0.7508583336347919,-0.348369102820301,-1.2184705569895626,-0.9166876736979732,1,0,1.1984736202553783,0,0.7043421730336995,-1.0481397582986705,True,False,False,True,False,False,0
-0.048231802242893,-0.1804237159514327,-0.6953934861551795,0.646969666798883,-0.9166876736979732,1,1,0.8534494051159858,1,-1.4321861577055308,-0.3457255874809144,True,True,False,True,False,False,0
-2.082267086846782,-1.511437823879271,1.3867528138540912,-1.2184705569895626,0.8084361535388619,0,1,-0.911228084192606,0,-1.4321861577055308,-0.1367795999591768,False,False,True,False,False,False,0
1.165962729893102,0.4850833380124864,-1.3894422528249364,-1.2184705569895626,0.8084361535388619,1,1,-1.5467861681344135,0,-1.4321861577055308,0.9790808865930812,False,False,False,False,True,False,0
-0.9614721341058636,0.2949384654513666,0.6927040471843343,-1.2184705569895626,0.8084361535388619,1,1,1.5580021434968736,0,-0.0078339372127105,0.9568525900482155,False,False,False,False,False,False,0
-2.3209549008564223,0.1047935928902469,-0.6953934861551795,0.8509195720683288,0.8084361535388619,1,0,-0.4790872620216038,1,-0.7200100474591208,0.6723303942739347,False,True,False,False,False,True,0
-1.0860049066326325,-0.7508583336347919,1.3867528138540912,-1.2184705569895626,0.8084361535388619,0,0,-0.0197698570964674,0,-0.7200100474591208,-0.6080194867103297,False,False,True,True,False,False,0
2.058447599668278,-0.4656410247931123,-1.042417869490058,-0.0644030787157573,-0.9166876736979732,1,1,0.2666531073789585,0,-0.7200100474591208,-0.2301384454476127,True,False,False,True,False,False,0
0.6055652535226427,2.196387191062564,1.3867528138540912,1.1545880012255845,-0.9166876736979732,1,0,-0.9016753259267548,1,0.7043421730336995,-0.5413345970757326,False,True,False,False,False,False,0
0.771608950225001,-0.1804237159514327,-1.042417869490058,0.8959074104090842,0.8084361535388619,1,0,-1.1420835981056403,0,-1.4321861577055308,1.539233959523697,True,False,False,False,False,False,0
-2.123778011022372,0.4850833380124864,-0.0013447194854226,0.2095308615551444,-0.9166876736979732,1,1,-0.4350675162758955,0,-1.4321861577055308,1.3436249499288788,False,False,False,False,True,False,0
0.2008337428106443,0.5801557742930463,0.3456796638494558,0.3756511216589552,-0.9166876736979732,1,1,0.1467636700220419,1,-0.0078339372127105,1.3080596754570937,True,True,False,False,True,False,0
-0.4737187750426862,-0.2754961522319926,-1.3894422528249364,1.2737273750186149,-0.9166876736979732,1,1,1.5988124837709228,1,0.7043421730336995,1.748179947045435,True,False,False,False,False,False,0
-0.3803191956476097,-1.511437823879271,-0.348369102820301,-1.2184705569895626,0.8084361535388619,1,0,1.669901014914872,0,1.4165182832801098,0.7390152839085318,False,False,False,False,False,True,0
1.0310522263224358,0.4850833380124864,1.7337771971889695,-1.2184705569895626,0.8084361535388619,1,0,1.2205998968859262,0,-1.4321861577055308,-1.4393577774883068,False,False,False,False,False,True,0
0.6470761776982322,-1.7015826964403906,0.3456796638494558,0.1649192814670852,0.8084361535388619,0,0,-1.2709777658803847,0,0.7043421730336995,1.348070609237852,True,True,False,True,False,False,0
0.8234976054444879,-0.1804237159514327,-1.3894422528249364,0.8458647425807263,-0.9166876736979732,1,1,1.3958232818230338,0,0.7043421730336995,1.16135291826098,False,False,True,False,False,True,0
-0.9095834788863768,-0.3705685885125524,-0.348369102820301,-1.2184705569895626,-0.9166876736979732,1,0,1.0172290575248355,0,-1.4321861577055308,-1.5504992602126355,True,False,False,False,False,True,0
-1.1897822170716064,1.3407352645375252,-0.6953934861551795,-1.2184705569895626,-0.9166876736979732,1,1,-0.1569089577966966,0,0.7043421730336995,-1.6394124463920985,False,False,False,False,True,False,0
-1.5114918794324257,0.1998660291708067,-1.3894422528249364,-1.2184705569895626,0.8084361535388619,1,0,-1.1938555385403808,0,0.7043421730336995,-0.0567577323976603,False,False,False,True,False,False,0
0.1281896255033626,0.6752282105736062,-1.042417869490058,-1.2184705569895626,-0.9166876736979732,1,1,1.338629829853689,1,1.4165182832801098,0.9301786341943769,True,False,False,False,True,False,0
-1.4907364173446307,0.3900109017319265,1.3867528138540912,-1.2184705569895626,-0.9166876736979732,1,0,0.0572963851651532,0,-0.0078339372127105,1.663712420174945,False,False,False,False,False,False,0
-0.7746729753157106,1.9111698822208845,0.6927040471843343,0.5651051573861297,-0.9166876736979732,0,1,1.575905545643666,0,1.4165182832801098,-0.1056599847963648,False,True,False,False,False,True,0
0.8131198744005905,-1.321292951318151,-0.0013447194854226,1.4615418854234032,-0.9166876736979732,1,1,-0.7671656113767991,0,1.4165182832801098,-0.6880413542718462,True,False,True,False,True,False,0
-0.5359851613060705,-1.226220515037591,0.3456796638494558,0.5252722172172043,-0.9166876736979732,1,0,-0.3109480759003982,0,0.7043421730336995,0.8768307224866991,False,False,False,False,False,True,0
-0.0689872643306878,0.4850833380124864,1.0397284305192127,0.6028720394730169,0.8084361535388619,1,0,0.8576048193189568,1,1.4165182832801098,-0.5457802563847057,True,False,True,False,False,False,0
1.61220516478069,0.770300646854166,-1.3894422528249364,1.5344152635857748,-0.9166876736979732,1,1,-0.604958235563659,0,0.7043421730336995,0.8990590190315648,True,True,False,False,False,True,0
-0.1935200368574565,0.1047935928902469,-0.0013447194854226,0.1612413970744554,0.8084361535388619,1,1,0.2929341027456656,0,-0.0078339372127105,-0.3368342688629681,True,True,False,False,False,False,0
-1.6879133071786812,-0.4656410247931123,-0.0013447194854226,-1.2184705569895626,-0.9166876736979732,0,0,-0.9891398402311742,0,1.4165182832801098,-0.1056599847963648,True,False,False,False,True,False,0
1.6640938200001767,-0.4656410247931123,-0.0013447194854226,0.4437652331994595,-0.9166876736979732,1,1,1.140686935095216,0,0.7043421730336995,-1.6749777208638834,True,False,False,True,False,False,0
2.037692137580483,-1.606510260159831,0.6927040471843343,0.715847342427518,-0.9166876736979732,1,1,1.4792413963472963,0,1.4165182832801098,-1.3860098657806292,True,False,True,True,False,False,0
-1.4492254931690411,0.1998660291708067,0.6927040471843343,0.7413264305308279,-0.9166876736979732,0,1,-1.0952105258961269,1,-0.7200100474591208,0.3300146274830028,True,True,False,False,False,False,0
-2.123778011022372,-0.6557858973542321,1.7337771971889695,-1.2184705569895626,-0.9166876736979732,1,1,0.8934048428111229,0,0.7043421730336995,-0.0300837765438214,False,False,False,True,False,False,0
1.2386068472003835,-1.9868000052820705,-1.3894422528249364,-1.2184705569895626,0.8084361535388619,0,0,-1.0238721482998905,0,-1.4321861577055308,-1.0481397582986705,True,False,True,True,False,False,0
-0.2557864231208409,0.8653730831347259,-1.3894422528249364,0.9071452037027974,-0.9166876736979732,1,0,-0.3743709979734353,0,1.4165182832801098,-0.8347481114679598,True,False,True,True,False,False,0
-0.4529633129548914,0.8653730831347259,0.6927040471843343,-0.0048096955548171,-0.9166876736979732,1,0,0.4404332248140216,0,0.7043421730336995,1.5881362119224016,True,False,True,False,True,False,0
0.1904560117667469,-0.0853512796708728,1.7337771971889695,0.2131839289140857,-0.9166876736979732,0,0,0.7623029156410096,0,-0.0078339372127105,0.6678847349649615,True,False,False,False,False,True,0
-0.1623868437257644,-0.7508583336347919,1.3867528138540912,0.0759329238253229,0.8084361535388619,1,1,-0.4483916171976733,0,0.7043421730336995,-1.0125744838268855,False,True,False,False,False,True,0
-0.3906969266915071,-0.6557858973542321,0.6927040471843343,0.3740272871062562,0.8084361535388619,1,1,-0.8574102542630387,0,1.4165182832801098,-1.6394124463920985,True,True,False,False,True,False,0
0.0244123150643886,-0.9410032061959116,0.6927040471843343,-1.2184705569895626,0.8084361535388619,1,1,0.8476499073689437,0,-0.0078339372127105,0.8368197887059409,True,False,False,True,False,False,0
-0.2765418852086357,0.1047935928902469,0.6927040471843343,1.0433646207395944,-0.9166876736979732,0,1,1.3381859481607945,0,-0.7200100474591208,-1.1059333293153213,False,False,False,False,False,False,0
-3.1304179222804187,0.1047935928902469,-1.736466636159815,0.5603319612034178,-0.9166876736979732,1,1,1.2499263414233128,1,-0.7200100474591208,0.2811123750842983,False,False,False,False,False,False,0
0.1074341634155678,-0.2754961522319926,-0.348369102820301,1.4539108877290443,0.8084361535388619,1,0,0.6683406549100864,1,1.4165182832801098,1.6148101677762403,False,False,False,True,False,False,0
0.0244123150643886,0.770300646854166,1.7337771971889695,-1.2184705569895626,0.8084361535388619,1,0,1.2179482557976624,0,-1.4321861577055308,-0.1012143254873917,True,False,False,False,True,False,0
-0.2765418852086357,0.5801557742930463,0.6927040471843343,0.983928145275523,-0.9166876736979732,0,0,0.4203472739438025,0,-0.0078339372127105,0.0677207282535876,True,False,False,False,False,True,0
0.3564997084691052,-0.0853512796708728,0.3456796638494558,1.170993021153025,-0.9166876736979732,1,1,-0.0453107019082771,0,-1.4321861577055308,0.9301786341943769,True,False,False,False,False,True,0
-0.8161838994913002,-0.3705685885125524,1.3867528138540912,0.934984151545038,0.8084361535388619,1,1,0.3389272355710273,0,-0.0078339372127105,-0.5680085529295714,True,True,False,True,False,False,0
1.062185419454128,0.8653730831347259,0.6927040471843343,1.0521922797874212,-0.9166876736979732,1,0,-0.1196335014624214,1,1.4165182832801098,0.2855580343932715,False,True,False,False,False,False,0
-1.2416708722910934,0.2949384654513666,-1.3894422528249364,1.3276724013120615,-0.9166876736979732,1,0,0.0095911869148265,1,1.4165182832801098,-0.1901275116668545,True,False,False,True,False,False,0
-0.494474237130481,0.770300646854166,1.0397284305192127,-0.2242728086378665,2.533559980775697,0,0,-1.5843288575912815,1,1.4165182832801098,-0.7858458590692553,False,False,False,False,True,False,0
-0.5152296992182758,-0.4656410247931123,-0.0013447194854226,-1.2184705569895626,0.8084361535388619,1,1,-0.4001862044426629,0,-0.7200100474591208,0.6056455046393375,True,False,False,False,False,False,0
-1.4492254931690411,-0.1804237159514327,-1.3894422528249364,-1.2184705569895626,0.8084361535388619,0,1,0.9679809661516156,0,0.7043421730336995,0.5122866591509017,False,False,False,False,True,False,0
-0.6397624717450445,0.1998660291708067,-1.3894422528249364,0.2078894149140212,-0.9166876736979732,1,0,-1.3201928225800248,0,-0.0078339372127105,-0.4168561364244846,True,False,False,True,False,False,0
-0.1727645747696618,0.1998660291708067,-0.348369102820301,0.4393854270281834,0.8084361535388619,1,0,1.6224416641826624,0,-0.7200100474591208,-0.745834925288497,True,False,False,True,False,False,0
-0.7539175132279158,-1.226220515037591,1.7337771971889695,1.383039203471015,-0.9166876736979732,1,1,-1.425239085630588,0,-0.0078339372127105,1.2813857196032548,False,False,False,False,False,False,0
-0.0897427264184826,-0.2754961522319926,-1.736466636159815,1.153713000650698,-0.9166876736979732,0,0,-0.7753695117603635,0,-1.4321861577055308,-1.3237706354550052,True,False,False,False,False,True,0
0.3876329016007974,0.1047935928902469,1.0397284305192127,1.3476470713432709,-0.9166876736979732,1,0,-0.8828090499784539,0,-0.7200100474591208,0.5434062743137136,True,False,False,False,False,True,0
1.0518076884102303,0.3900109017319265,-0.0013447194854226,-1.2184705569895626,0.8084361535388619,1,0,0.1643113408943876,0,1.4165182832801098,1.0102005017558933,False,False,False,False,False,True,0
-2.2794439766808328,0.2949384654513666,1.3867528138540912,1.2248616750266696,-0.9166876736979732,1,0,0.1709796505565864,1,-0.0078339372127105,-0.7547262439064433,True,False,False,False,False,False,0
1.5084278543417158,-0.7508583336347919,1.3867528138540912,-1.2184705569895626,0.8084361535388619,1,1,-1.315864932607625,0,-1.4321861577055308,1.188026874114819,True,False,False,False,True,False,0
1.300873233463768,-0.2754961522319926,0.6927040471843343,-1.2184705569895626,-0.9166876736979732,1,0,0.1050337487555442,0,-0.7200100474591208,-0.3101603130091293,True,False,False,False,False,True,0
0.0140345840204912,1.530880137098645,-1.042417869490058,-0.093477114286209,-0.9166876736979732,0,1,-0.6621466453986151,0,-1.4321861577055308,0.1655252330509967,True,False,True,True,False,False,0
-0.5567406233938653,-0.0853512796708728,0.3456796638494558,-1.2184705569895626,0.8084361535388619,0,0,1.2753486091436403,0,0.7043421730336995,1.2902770382212012,False,False,True,False,True,False,0
-0.6086292786133524,-0.5607134610736721,-1.736466636159815,0.3174162709550897,-0.9166876736979732,1,0,1.7220933650375945,0,-0.7200100474591208,-1.4971513485049577,False,False,False,False,False,False,0
2.058447599668278,-1.0360756424764714,1.3867528138540912,-1.2184705569895626,0.8084361535388619,1,1,1.1202819388248948,0,0.7043421730336995,1.2636030823673623,False,False,False,True,False,False,0
0.9895413021468462,-0.1804237159514327,1.3867528138540912,0.9554433141178036,2.533559980775697,1,0,-0.2601191884630182,1,0.7043421730336995,1.5925818712313746,True,True,False,False,True,False,0
0.0244123150643886,-0.2754961522319926,-1.042417869490058,-1.2184705569895626,0.8084361535388619,1,1,0.8036261626890654,0,-1.4321861577055308,-0.1367795999591768,False,False,True,False,True,False,0
0.667831639786027,-1.606510260159831,1.0397284305192127,-1.2184705569895626,0.8084361535388619,1,1,-0.1360386942290046,0,-0.7200100474591208,0.2144274854497012,False,False,False,False,False,True,0
-2.2483107835491403,1.4358077008180852,-0.6953934861551795,-1.2184705569895626,-0.9166876736979732,1,0,0.981984712015628,1,0.7043421730336995,1.001309183137947,True,False,False,False,False,True,0
-0.6812733959206341,-0.6557858973542321,-1.3894422528249364,-1.2184705569895626,0.8084361535388619,0,0,-1.1961211955478668,0,1.4165182832801098,1.4547664326532073,True,False,False,True,False,False,0
0.1074341634155678,0.009721156609687,-0.0013447194854226,1.016055956868813,0.8084361535388619,1,0,-0.6745170874541461,0,0.7043421730336995,1.1746898961878995,False,False,False,False,True,False,0
1.0206744952785385,-0.1804237159514327,-1.042417869490058,0.6038531929081323,-0.9166876736979732,0,0,-0.2103361092445031,0,1.4165182832801098,1.7392886284274882,False,False,True,False,False,False,0
0.0659232392399782,-0.7508583336347919,0.6927040471843343,0.7664912229107155,-0.9166876736979732,1,0,0.0299478482416995,0,-0.0078339372127105,-1.692760358099776,False,False,False,False,False,False,0
1.1140740746736149,-0.7508583336347919,1.0397284305192127,-1.2184705569895626,0.8084361535388619,1,1,-0.0233772434514148,0,-0.0078339372127105,-0.6924870135808193,True,False,True,False,True,False,0
-0.4010746577354044,-0.4656410247931123,-0.0013447194854226,1.0886201628243954,-0.9166876736979732,1,0,-0.972280507636216,0,0.7043421730336995,1.312505334766067,True,False,False,False,False,False,0
-0.2038977679013539,0.3900109017319265,-1.042417869490058,0.3828446991208184,-0.9166876736979732,1,0,-1.3240987380641147,0,1.4165182832801098,1.032428798300759,True,False,False,False,False,True,0
-0.6916511269645315,1.6259525733792048,-1.3894422528249364,0.8385060918173614,-0.9166876736979732,1,0,1.4960468302643082,1,-0.7200100474591208,0.9257329748854036,False,False,True,True,False,False,0
0.0036568529765938,-1.1311480787570314,-1.042417869490058,1.4478055772218936,0.8084361535388619,0,1,0.7924220184776156,0,-1.4321861577055308,1.379190224400664,True,True,False,False,False,True,0
1.37351735077105,-0.3705685885125524,-0.6953934861551795,-1.2184705569895626,0.8084361535388619,0,0,-0.3294365395029645,0,-0.7200100474591208,-0.6124651460193028,True,False,True,False,True,False,0
-0.8473170926229924,1.0555179556958456,-0.0013447194854226,0.8516501535181381,-0.9166876736979732,1,0,1.3452788403118492,1,0.7043421730336995,1.6948320353377568,False,True,False,False,False,False,0
0.034790046108286,-1.1311480787570314,-1.042417869490058,0.890037941776921,-0.9166876736979732,1,0,-0.8858618015506616,0,-1.4321861577055308,-0.8703133859397449,True,False,False,False,False,False,0
0.0244123150643886,1.4358077008180852,-0.0013447194854226,-1.2184705569895626,0.8084361535388619,0,1,-0.9265744287375952,0,-0.0078339372127105,0.0277097944728293,False,False,True,False,False,True,0
-0.8784502857546845,0.3900109017319265,-1.042417869490058,0.6330975854066131,0.8084361535388619,0,0,1.2896573172048085,0,-0.7200100474591208,0.6545477570380421,True,False,True,False,False,False,0
0.3357442463813104,-1.226220515037591,-0.0013447194854226,0.1760691744285732,-0.9166876736979732,0,0,0.0984873196521859,0,1.4165182832801098,1.2769400602942818,False,False,False,False,True,False,0
-0.1208759195501748,2.7668218087459238,1.3867528138540912,-1.2184705569895626,0.8084361535388619,1,1,1.7223599026933754,0,0.7043421730336995,0.6945586908188004,True,False,False,False,True,False,0
-1.1171380997643243,0.5801557742930463,0.3456796638494558,-1.2184705569895626,0.8084361535388619,0,1,0.8861992850364895,0,-0.7200100474591208,0.3522429240278685,False,False,False,False,False,False,0
1.1244518057175124,-0.9410032061959116,-0.0013447194854226,0.4403838723319333,0.8084361535388619,0,1,-0.2450938018518651,0,-0.7200100474591208,-0.0834316882514991,True,True,False,True,False,False,0
-2.165288935197961,0.4850833380124864,-1.042417869490058,-1.2184705569895626,-0.9166876736979732,1,0,1.0211958263549945,0,-0.0078339372127105,-1.1370529444781334,True,False,False,False,True,False,0
-0.3388082714720201,0.3900109017319265,-1.3894422528249364,0.7862961764534747,-0.9166876736979732,1,1,0.2256650753343889,0,1.4165182832801098,0.2233188040676475,True,False,False,False,False,True,0
0.958408109015154,0.3900109017319265,1.7337771971889695,1.1484684409378,-0.9166876736979732,0,1,-1.3248152427473967,0,-0.0078339372127105,1.668158079483918,False,False,False,False,False,True,0
0.3668774395130026,-0.3705685885125524,1.0397284305192127,-1.2184705569895626,0.8084361535388619,1,0,-1.5664910031915402,0,1.4165182832801098,0.8990590190315648,True,False,False,False,True,False,0
-1.1897822170716064,-0.0853512796708728,0.3456796638494558,1.051676085486701,-0.9166876736979732,0,1,0.8235413764568865,0,-0.7200100474591208,-0.3679538840257801,False,False,True,True,False,False,0
-0.1727645747696618,-0.1804237159514327,-0.0013447194854226,0.5985955041838636,-0.9166876736979732,1,0,-0.0837959227623961,1,-1.4321861577055308,1.6103645084672673,True,True,False,False,True,False,0
-0.3180528093842253,-0.5607134610736721,-0.348369102820301,-1.2184705569895626,0.8084361535388619,1,1,-1.0454962978920208,0,0.7043421730336995,1.3658532464737445,True,False,True,False,False,True,0
-0.6086292786133524,-0.6557858973542321,-0.6953934861551795,-1.2184705569895626,0.8084361535388619,1,1,0.8962319154027673,0,-0.0078339372127105,-0.1590078965040425,False,False,False,True,False,False,0
-1.5737582656958098,0.5801557742930463,-1.042417869490058,0.5293342052473736,-0.9166876736979732,1,1,0.447077193137793,0,1.4165182832801098,-1.4660317333421458,True,False,False,False,True,False,0
-1.708668769266476,-0.2754961522319926,-1.3894422528249364,1.0252638769167055,-0.9166876736979732,1,0,1.6281232803050345,0,-0.7200100474591208,0.3122319902471103,False,False,True,False,False,False,0
0.0970564323716704,-0.3705685885125524,1.3867528138540912,0.3843574174065512,-0.9166876736979732,1,0,-0.2865603150632373,0,-0.0078339372127105,0.24110144130354,True,False,False,True,False,False,0
-0.5671183544377627,-1.416365387598711,-1.3894422528249364,0.4341752909426598,-0.9166876736979732,1,0,-0.695661886545959,0,-0.0078339372127105,0.9790808865930812,False,False,False,True,False,False,0
-0.1208759195501748,1.530880137098645,1.7337771971889695,0.9019662890467528,-0.9166876736979732,1,0,-1.7291500846992125,0,-0.0078339372127105,1.259157423058389,True,False,False,False,True,False,0
-0.6501402027889419,1.0555179556958456,-0.348369102820301,-1.2184705569895626,0.8084361535388619,0,1,1.4195465241211256,0,0.7043421730336995,-0.7369436066705508,False,False,False,False,True,False,0
-0.5359851613060705,-0.6557858973542321,0.6927040471843343,0.3646632599109686,-0.9166876736979732,1,0,0.5657956382496462,0,0.7043421730336995,0.272221056466352,False,False,False,False,False,False,0
0.4187660947324896,1.3407352645375252,0.6927040471843343,1.1980198916090208,0.8084361535388619,0,0,0.337056255979472,0,-0.7200100474591208,-1.1103789886242943,True,True,False,False,False,True,0
2.058447599668278,-1.0360756424764714,-0.348369102820301,1.1507106199040789,-0.9166876736979732,1,0,-0.6906432241623288,1,-0.7200100474591208,0.9612982493571888,True,True,False,False,False,True,0
0.4602770189080792,-0.6557858973542321,1.0397284305192127,0.4012169893252273,-0.9166876736979732,1,1,0.269237114319735,0,0.7043421730336995,0.3878081984996537,True,True,False,False,False,False,0
0.5017879430836688,0.6752282105736062,-0.0013447194854226,0.316548795545257,-0.9166876736979732,1,0,-0.0375252986789617,1,1.4165182832801098,-0.4346387736603772,True,False,False,False,False,False,0
-0.8265616305351976,0.009721156609687,-0.348369102820301,0.5794069737359467,-0.9166876736979732,1,0,-0.8877167854055361,1,1.4165182832801098,-1.06147673622559,True,True,False,True,False,False,0
-0.10012045746238,-1.226220515037591,1.0397284305192127,1.0909337508037389,-0.9166876736979732,1,1,1.459932108039616,0,-0.0078339372127105,0.1877535295958624,True,False,True,False,True,False,0
1.6329606268684846,-0.2754961522319926,1.3867528138540912,-0.1156081443801035,0.8084361535388619,0,1,0.1513304528444368,0,1.4165182832801098,0.8368197887059409,True,False,False,False,False,False,0
0.034790046108286,-1.1311480787570314,1.7337771971889695,-1.2184705569895626,0.8084361535388619,1,0,-0.8486494588295949,0,0.7043421730336995,1.4147554988724491,True,False,False,False,False,True,0
-2.2794439766808328,-0.0853512796708728,-1.042417869490058,0.9519759742367888,0.8084361535388619,1,1,-0.496823926000168,0,-0.0078339372127105,0.0677207282535876,True,True,False,False,True,False,0
-1.0341162514131454,0.009721156609687,-1.042417869490058,0.9095001000349904,-0.9166876736979732,0,1,0.8511321096976929,0,-0.7200100474591208,0.4945040219150091,True,True,False,False,False,True,0
2.058447599668278,4.0027634803932015,-0.0013447194854226,-1.2184705569895626,0.8084361535388619,1,1,-0.966765281948666,0,-0.7200100474591208,-1.6438581057010713,True,False,False,False,False,True,0
0.4706547499519766,-0.6557858973542321,0.6927040471843343,1.5908953098430243,2.533559980775697,1,0,0.2783802426331927,1,-1.4321861577055308,-0.0567577323976603,True,False,False,False,True,False,0
1.062185419454128,-1.1311480787570314,0.6927040471843343,-1.2184705569895626,0.8084361535388619,1,0,0.759855741795536,0,-1.4321861577055308,-0.999237505899966,False,False,False,True,False,False,0
0.1593228186350548,0.2949384654513666,1.3867528138540912,-1.2184705569895626,0.8084361535388619,0,1,-0.735349569518394,0,-0.0078339372127105,-1.3637815692357635,True,False,False,True,False,False,0
-0.0793649953745852,0.770300646854166,1.3867528138540912,0.9874292683443328,0.8084361535388619,1,0,0.8949178308610916,0,1.4165182832801098,-0.4790953667501086,True,True,False,False,False,True,0
-0.9614721341058636,-0.7508583336347919,-0.6953934861551795,0.8160575638021492,-0.9166876736979732,0,1,1.0520759437508642,0,-0.7200100474591208,0.2588840785394326,False,False,False,False,True,False,0
-1.1897822170716064,-0.8459307699153518,-1.3894422528249364,0.4328735974982263,-0.9166876736979732,1,1,-0.0673884697286734,0,0.7043421730336995,-0.4835410260590818,True,False,True,False,False,True,0
-0.4010746577354044,-0.4656410247931123,1.0397284305192127,0.6596188288149435,-0.9166876736979732,1,0,0.6777113747378407,0,1.4165182832801098,-0.1545622371950694,True,False,True,False,False,True,0
0.1074341634155678,-0.7508583336347919,-0.6953934861551795,-1.2184705569895626,0.8084361535388619,0,1,-1.264015099889917,0,-0.7200100474591208,-1.6260754684651788,True,False,False,False,False,True,0
0.9687858400590514,0.1047935928902469,0.3456796638494558,0.8819258138487956,-0.9166876736979732,1,1,-0.8800379624651922,0,-1.4321861577055308,1.597027530540348,False,False,False,False,False,False,0
1.062185419454128,2.1013147547820044,-0.0013447194854226,1.1290983458692203,-0.9166876736979732,1,1,-1.0191382795758612,1,0.7043421730336995,0.3566885833368417,True,False,False,False,False,False,0
0.9168971848395644,0.1047935928902469,-1.042417869490058,0.7395961228981105,0.8084361535388619,1,1,-1.2104330332096898,0,-0.7200100474591208,-1.283759701674247,False,True,False,True,False,False,0
-1.1067603687204273,-1.226220515037591,0.6927040471843343,-1.2184705569895626,0.8084361535388619,0,1,0.9765560719461988,0,-0.7200100474591208,0.7745805583803169,True,False,False,True,False,False,0
-1.9266011211883207,-1.226220515037591,-0.6953934861551795,1.2923041255586374,-0.9166876736979732,1,1,0.6440857282340582,0,-0.7200100474591208,-1.1459442630960797,True,False,False,True,False,False,0
0.1800782807228495,-1.321292951318151,0.6927040471843343,1.2989150631134536,0.8084361535388619,1,0,0.4164387504591669,0,-1.4321861577055308,0.112177321343319,True,False,True,True,False,False,0
-0.5878738165255575,-0.5607134610736721,1.3867528138540912,-1.2184705569895626,0.8084361535388619,1,1,-1.025525446779223,0,1.4165182832801098,0.4411561102073313,False,False,False,False,True,False,0
-0.5359851613060705,0.3900109017319265,-0.0013447194854226,0.9273552352793104,-0.9166876736979732,1,0,1.640146162821162,0,-0.0078339372127105,-0.1723448744309619,False,False,False,True,False,False,0
-0.7642952442718132,-0.1804237159514327,-1.3894422528249364,0.953434255158302,-0.9166876736979732,1,0,1.7212264656561715,0,-1.4321861577055308,1.725951650500569,True,True,False,False,True,False,0
1.3942728128588446,-0.9410032061959116,-0.348369102820301,-1.2184705569895626,0.8084361535388619,1,0,0.0511428948106947,0,0.7043421730336995,-1.608292831229286,False,False,False,False,False,True,0
0.7612312191811036,0.4850833380124864,1.7337771971889695,-1.2184705569895626,-0.9166876736979732,0,1,-0.1156853363694897,0,1.4165182832801098,0.3966995171176,False,False,False,False,False,True,0
0.0036568529765938,-0.2754961522319926,-1.3894422528249364,-1.2184705569895626,0.8084361535388619,1,1,-1.4105546516241223,0,-0.0078339372127105,-1.7238799732625878,False,False,True,True,False,False,0
0.5017879430836688,-1.0360756424764714,-0.6953934861551795,0.3779161963401852,0.8084361535388619,0,0,0.8048712221496295,0,1.4165182832801098,-0.7636175625243896,False,True,False,False,False,True,0
0.5951875224787453,-0.2754961522319926,-1.736466636159815,-1.2184705569895626,0.8084361535388619,1,0,-0.9322649120618228,0,-0.0078339372127105,0.4856127032970628,True,False,False,True,False,False,0
-0.6190070096572498,-0.5607134610736721,-1.042417869490058,1.2883838347853347,-0.9166876736979732,1,1,-1.1004213109866308,0,-1.4321861577055308,-1.0259114617538048,True,True,False,False,True,False,0
-0.1623868437257644,-0.4656410247931123,-1.3894422528249364,0.1273400481768614,-0.9166876736979732,0,0,-1.0943248489107738,0,-0.7200100474591208,1.4547664326532073,True,False,False,False,False,False,0
1.591449702692895,-0.1804237159514327,-0.0013447194854226,-1.2184705569895626,0.8084361535388619,1,0,-1.3648967338022473,0,1.4165182832801098,-1.314879316837059,True,False,True,False,True,False,0
1.311250964507665,-0.7508583336347919,1.3867528138540912,1.6999362323534837,0.8084361535388619,1,0,1.5682766224470983,0,0.7043421730336995,0.4900583626060359,True,True,False,True,False,False,0
-0.7227843200962236,-1.7966551327209506,-0.348369102820301,-1.2184705569895626,-0.9166876736979732,1,1,-0.7766213520223464,0,1.4165182832801098,-1.5905101939933937,True,False,False,False,False,True,0
-1.0652494445448375,0.6752282105736062,0.6927040471843343,-1.2184705569895626,-0.9166876736979732,1,1,0.1499821165622594,0,-0.7200100474591208,1.4814403885070462,False,False,False,False,False,False,0
-0.5982515475694549,0.1047935928902469,1.3867528138540912,0.7415494636142343,0.8084361535388619,0,1,1.5726486745620736,0,1.4165182832801098,-0.9458895941922884,True,False,False,False,False,True,0
0.1593228186350548,-0.2754961522319926,-0.6953934861551795,0.7275462522181527,0.8084361535388619,1,1,1.502389487591688,0,1.4165182832801098,-1.5771732160664742,False,False,True,False,True,False,0
-0.152009112681867,0.1047935928902469,-1.042417869490058,0.9184057326015678,-0.9166876736979732,0,1,-0.1263306729973271,0,-1.4321861577055308,-1.0348027803717512,True,False,False,False,True,False,0
-0.5878738165255575,-0.4656410247931123,-1.042417869490058,0.1899748788987434,0.8084361535388619,0,1,0.97153636636235,0,1.4165182832801098,-1.1103789886242943,True,True,False,False,False,True,0
0.5744320603909505,1.1505903919764056,1.7337771971889695,0.3576229076183947,-0.9166876736979732,0,0,-0.5155610189881005,1,1.4165182832801098,-1.350444591308844,False,True,False,True,False,False,0
-0.0274763401550982,0.2949384654513666,0.6927040471843343,-1.2184705569895626,0.8084361535388619,0,1,-1.3467241859991286,0,1.4165182832801098,-1.3860098657806292,False,False,False,True,False,False,0
-0.1727645747696618,0.3900109017319265,1.7337771971889695,0.7380436973584764,0.8084361535388619,0,1,1.3685613305177011,0,0.7043421730336995,0.4322647915893851,True,False,False,False,False,False,0
-1.283181796466683,-1.1311480787570314,0.6927040471843343,1.6030992062417455,0.8084361535388619,0,1,0.6789536523311559,0,-1.4321861577055308,1.192472533423792,False,False,False,True,False,False,0
0.5640543293470531,-1.511437823879271,-1.042417869490058,0.2753863028102093,0.8084361535388619,0,1,0.4651934081291223,0,1.4165182832801098,1.5836905526134284,True,True,False,False,True,False,0
1.1036963436297176,-0.8459307699153518,-0.6953934861551795,1.0483826249514006,-0.9166876736979732,1,0,0.9704851682756904,0,-0.7200100474591208,0.8457111073238871,False,False,False,False,False,True,0
-1.231293141247196,0.9604455194152858,-1.3894422528249364,0.4192391191897867,2.533559980775697,1,0,-0.5393678911703608,1,-1.4321861577055308,1.4369837954173148,False,True,False,False,False,True,0
-0.4322078508670966,-0.7508583336347919,-0.0013447194854226,-1.2184705569895626,0.8084361535388619,0,0,-0.6380026456791348,0,-0.7200100474591208,-0.8480850893948793,False,False,True,False,True,False,0
1.4772946612100235,0.6752282105736062,1.0397284305192127,0.9365091982926674,-0.9166876736979732,1,1,-0.9396612016097052,0,0.7043421730336995,-1.1370529444781334,False,False,True,False,False,False,0
2.0480698686243803,-0.1804237159514327,0.6927040471843343,1.0783497535148472,0.8084361535388619,1,1,-1.4454785607996032,0,-1.4321861577055308,1.4058641802545029,True,True,False,False,True,False,0
-0.9095834788863768,-0.6557858973542321,1.7337771971889695,1.021069798223356,0.8084361535388619,1,0,-1.4787895085708596,0,-1.4321861577055308,0.5789715487854987,False,True,False,False,False,True,0
-1.5633805346519123,-1.321292951318151,0.3456796638494558,0.4468931401035739,-0.9166876736979732,1,0,0.2493780594970004,0,1.4165182832801098,0.0988403434163995,True,True,False,False,True,False,0
-1.999245238495603,1.0555179556958456,-0.0013447194854226,0.5329379587587273,-0.9166876736979732,1,0,0.96130657115481,0,-0.0078339372127105,1.2769400602942818,True,True,False,False,True,False,0
1.2801177713759733,-0.5607134610736721,-1.3894422528249364,0.6851896598879532,0.8084361535388619,1,1,-1.2878113662032906,0,-0.7200100474591208,-1.5727275567575012,False,True,False,False,False,True,0
-0.4737187750426862,-0.8459307699153518,1.0397284305192127,1.6684346105586163,0.8084361535388619,1,1,-1.7128805079610108,0,-0.0078339372127105,-0.176790533739935,True,False,True,False,False,True,0
-0.2142754989452513,-0.9410032061959116,-0.6953934861551795,-1.2184705569895626,0.8084361535388619,1,1,1.6957596880598624,0,-0.0078339372127105,-0.6391391018731417,True,False,True,False,False,False,0
0.4706547499519766,0.3900109017319265,0.6927040471843343,0.628748360225237,0.8084361535388619,1,0,-0.6310003380803709,0,-1.4321861577055308,-0.3057146537001561,True,True,False,True,False,False,0
-0.0793649953745852,-0.5607134610736721,-1.042417869490058,-1.2184705569895626,-0.9166876736979732,1,0,-0.0697328883526424,0,-1.4321861577055308,-0.554671575002652,True,False,False,False,False,False,0
-0.2972973472964305,1.0555179556958456,-1.042417869490058,0.1763541700412536,-0.9166876736979732,1,1,0.0686916088832587,0,1.4165182832801098,1.6148101677762403,False,False,True,False,False,True,0
0.429143825776387,2.7668218087459238,-0.348369102820301,0.3458990206841771,-0.9166876736979732,1,1,-0.6756846023651483,0,-1.4321861577055308,1.5214513222878043,True,False,False,True,False,False,0
0.8650085296200775,1.530880137098645,-1.042417869490058,0.4334892200435948,-0.9166876736979732,0,1,1.0968358400514695,0,-0.7200100474591208,0.4500474288252776,True,False,True,False,True,False,0
0.8857639917078723,0.1047935928902469,-1.042417869490058,1.3830878768790231,0.8084361535388619,1,0,0.8510780371530436,0,-0.7200100474591208,-0.7013783321987657,False,True,False,False,False,True,0
-0.8888280167985819,-0.3705685885125524,-1.3894422528249364,0.7515536101687894,-0.9166876736979732,1,0,-0.5943780989494666,1,-1.4321861577055308,0.4322647915893851,False,True,False,False,False,False,0
0.5951875224787453,0.5801557742930463,-0.6953934861551795,0.4485696508116505,-0.9166876736979732,0,1,1.2796712831149486,0,-0.7200100474591208,-0.1678992151219888,False,False,False,False,False,True,0
1.3216286955515628,0.1998660291708067,1.7337771971889695,0.3792052411029321,-0.9166876736979732,1,0,-0.2347854188945449,0,0.7043421730336995,-1.1815095375678648,False,False,False,False,False,False,0
-0.2454086920769435,-1.0360756424764714,-0.6953934861551795,1.2398268266704948,0.8084361535388619,1,0,0.1798602401484337,0,0.7043421730336995,-0.1234426220322574,False,True,False,True,False,False,0
-1.2728040654227857,-0.7508583336347919,0.3456796638494558,1.220172056209024,-0.9166876736979732,1,0,-1.5191957826270133,0,-1.4321861577055308,0.3744712205727343,False,False,False,False,True,False,0
1.0518076884102303,0.1047935928902469,-1.736466636159815,-1.1581301010596523,0.8084361535388619,1,0,1.3324092269518524,1,-0.0078339372127105,0.0588294096356413,False,False,False,False,True,False,0
0.0659232392399782,-0.9410032061959116,-0.6953934861551795,1.1113339929352315,-0.9166876736979732,1,0,-1.3948329288672412,0,1.4165182832801098,0.7834718769982632,True,False,False,False,False,False,0
-0.1831423058135592,-0.3705685885125524,1.7337771971889695,-1.2184705569895626,-0.9166876736979732,1,0,-0.3094284809157132,0,-0.0078339372127105,-0.2212471268296665,False,False,True,True,False,False,0
0.9376526469273592,-0.2754961522319926,-1.042417869490058,0.8589319515320163,0.8084361535388619,0,0,-0.9242698255886252,1,-0.0078339372127105,1.3658532464737445,False,True,False,True,False,False,0
0.1697005496789521,3.1471115538681627,-1.042417869490058,-1.2184705569895626,0.8084361535388619,1,1,-0.51547443336998,0,1.4165182832801098,0.2277644633766206,True,False,False,False,False,False,0
0.9065194537956672,1.4358077008180852,1.0397284305192127,0.8056089521797287,-0.9166876736979732,1,0,0.5909635389834069,1,-0.7200100474591208,0.4945040219150091,True,True,False,False,False,False,0
-0.7435397821840184,0.5801557742930463,1.0397284305192127,0.4425277438228266,-0.9166876736979732,1,0,-0.9215380319502536,1,0.7043421730336995,0.8546024259418334,True,True,False,True,False,False,0
0.2319669359423365,-1.226220515037591,1.7337771971889695,-1.2184705569895626,0.8084361535388619,1,1,0.660551078879898,0,-1.4321861577055308,0.2544384192304595,False,False,False,False,True,False,0
1.830137516702535,-1.321292951318151,0.6927040471843343,1.0927455543728908,-0.9166876736979732,1,0,0.2813505813881532,0,-1.4321861577055308,-0.016746798616902,False,True,False,False,True,False,0
0.2215892048984391,0.009721156609687,1.0397284305192127,0.9936077490733908,-0.9166876736979732,1,1,0.1745138390295482,0,-0.0078339372127105,0.7612435804533975,True,False,True,False,False,True,0
0.325366515337413,-0.3705685885125524,-0.0013447194854226,1.102514019162353,-0.9166876736979732,0,1,-1.280259813689582,0,-0.7200100474591208,-0.1456709185771231,True,True,False,False,False,True,0
0.7093425639616167,-1.226220515037591,1.7337771971889695,-0.3864929518151148,0.8084361535388619,1,0,-0.9549463450752198,0,-1.4321861577055308,-0.5813455308564909,True,False,False,False,True,False,0
-1.013360789325351,-0.1804237159514327,-0.348369102820301,-0.2797467243164171,-0.9166876736979732,0,0,1.4188793975815106,0,-0.7200100474591208,-0.0034098206899826,False,True,False,False,False,False,0
-1.7813128865737575,0.1047935928902469,0.6927040471843343,-1.2184705569895626,-0.9166876736979732,1,0,1.2153522520543754,1,-1.4321861577055308,0.6412107791111227,False,False,False,True,False,False,0
-0.8784502857546845,-0.3705685885125524,-0.0013447194854226,1.4412501978005607,0.8084361535388619,1,0,0.4763233112583688,0,0.7043421730336995,-1.634966787083125,False,False,False,True,False,False,0
-0.1208759195501748,-1.7966551327209506,-0.348369102820301,-1.2184705569895626,0.8084361535388619,0,1,-0.3846013147810845,0,1.4165182832801098,0.2811123750842983,False,False,False,False,False,True,0
-1.521869610476323,-0.2754961522319926,-1.042417869490058,0.0616384725306649,-0.9166876736979732,0,1,1.2812562519799815,1,0.7043421730336995,-1.5727275567575012,False,False,False,False,True,False,0
0.5225434051714636,-0.2754961522319926,-1.042417869490058,0.4669243289276353,0.8084361535388619,1,1,-0.8262392578729608,0,-0.0078339372127105,1.2947226975301742,False,True,False,True,False,False,0
-1.469980955256836,-0.6557858973542321,-1.3894422528249364,-1.2184705569895626,0.8084361535388619,0,1,-1.2503818639701103,0,0.7043421730336995,-0.3723995433347533,False,False,False,False,False,True,0
1.7678711304391508,-0.1804237159514327,-0.6953934861551795,0.4716975251103473,-0.9166876736979732,1,0,1.4290737239816278,0,1.4165182832801098,-0.6391391018731417,True,False,False,False,False,False,0
0.5744320603909505,0.1047935928902469,-1.3894422528249364,-1.2184705569895626,0.8084361535388619,1,0,-1.5011805841901578,1,-0.0078339372127105,-1.7105429953356683,True,False,False,False,True,False,0
0.532921136215361,0.009721156609687,0.3456796638494558,1.2261737756142623,-0.9166876736979732,0,0,1.447002684533769,0,-0.7200100474591208,1.7215059911915958,True,False,True,False,False,False,0
-0.5671183544377627,1.2456628282569653,1.0397284305192127,0.1215426289973425,0.8084361535388619,1,1,1.054540504266643,0,-0.0078339372127105,-0.016746798616902,True,True,False,True,False,False,0
-0.7642952442718132,-1.511437823879271,1.7337771971889695,0.206192410139415,-0.9166876736979732,1,1,0.4310341647136696,0,1.4165182832801098,0.9168416562674574,True,False,False,False,True,False,0
0.1697005496789521,1.3407352645375252,1.7337771971889695,0.5465815633311685,-0.9166876736979732,0,0,1.4526436158476266,1,0.7043421730336995,0.334460286791976,False,False,False,False,False,True,0
1.9754257513170983,1.8160974459403243,-1.3894422528249364,-0.2018857628222439,-0.9166876736979732,1,1,-0.3000782773589191,0,0.7043421730336995,-1.123715966551214,True,False,False,False,False,False,0
-0.9407166720180687,-1.606510260159831,0.3456796638494558,1.7722055158829095,0.8084361535388619,1,0,-0.4719522941284101,0,1.4165182832801098,1.5881362119224016,False,False,False,False,False,True,0
0.3461219774252078,-1.511437823879271,1.0397284305192127,-1.2184705569895626,0.8084361535388619,1,1,0.2052972865385206,0,-0.7200100474591208,-0.2834863571552904,True,False,False,False,False,True,0
0.5536765983031557,0.4850833380124864,-0.6953934861551795,0.4776529727559986,-0.9166876736979732,1,0,-0.3123967332702371,0,-0.0078339372127105,-1.1370529444781334,True,True,False,False,True,False,0
-0.7124065890523262,-0.3705685885125524,1.0397284305192127,1.1831093374393102,0.8084361535388619,1,0,-1.013429714114516,0,-1.4321861577055308,-0.2968233350822098,True,True,False,False,True,False,0
2.058447599668278,-0.6557858973542321,-0.0013447194854226,-1.2184705569895626,-0.9166876736979732,1,1,-1.679564518055366,0,-0.7200100474591208,1.654821101556999,False,False,True,False,False,True,0
-0.9303389409741716,-0.3705685885125524,0.6927040471843343,-1.2184705569895626,-0.9166876736979732,0,0,-0.8964848832405081,0,-0.0078339372127105,1.1391246217161144,True,False,False,True,False,False,0
0.6989648329177193,-0.1804237159514327,1.7337771971889695,1.1092488817757165,-0.9166876736979732,1,0,-0.348128079414697,0,1.4165182832801098,-1.3371076133819246,True,False,True,False,True,False,0
0.1281896255033626,1.3407352645375252,0.6927040471843343,1.7852259727449282,-0.9166876736979732,1,0,1.4945877408922856,1,-0.7200100474591208,0.4678300660611702,False,False,True,False,False,True,0
-0.1312536505940722,0.009721156609687,0.3456796638494558,1.1920772527549506,-0.9166876736979732,1,0,-1.217364577060311,0,1.4165182832801098,-0.9236612976474228,True,False,False,False,False,True,0
0.4602770189080792,2.5766769361848034,0.6927040471843343,0.6948333990693938,0.8084361535388619,1,1,1.279589565764513,0,-0.0078339372127105,-0.0256381172348483,False,True,False,False,True,False,0
-0.8888280167985819,0.4850833380124864,-0.0013447194854226,-1.2184705569895626,0.8084361535388619,1,0,-0.5905991061586058,0,1.4165182832801098,-1.3904555250896025,True,False,True,False,True,False,0
2.058447599668278,-0.0853512796708728,-1.736466636159815,0.4920105073491936,-0.9166876736979732,0,1,0.844060777017817,0,-1.4321861577055308,0.2277644633766206,False,False,False,False,False,True,0
0.481032480995874,-0.1804237159514327,-1.042417869490058,1.442203972443671,0.8084361535388619,1,1,-0.4947957709090527,0,1.4165182832801098,-1.474923051960092,False,False,False,False,True,False,0
1.1244518057175124,-0.0853512796708728,-0.6953934861551795,0.2424017431700356,-0.9166876736979732,0,1,-0.3433683045519129,0,1.4165182832801098,1.0368744576097322,True,False,True,True,False,False,0
-0.4010746577354044,-0.1804237159514327,1.3867528138540912,0.5153034549493922,-0.9166876736979732,1,1,0.2385825020377251,0,1.4165182832801098,0.2188731447586743,True,False,False,True,False,False,0
0.2527223980301313,-0.1804237159514327,-0.0013447194854226,0.2166695213231035,-0.9166876736979732,1,1,1.202321116527242,1,0.7043421730336995,1.668158079483918,False,False,False,False,False,False,0
0.719720295005514,0.6752282105736062,0.6927040471843343,0.9899794987481384,-0.9166876736979732,1,1,-0.5642795123838207,0,0.7043421730336995,-1.5905101939933937,False,False,True,True,False,False,0
0.2631001290740287,-0.2754961522319926,-0.348369102820301,-1.2184705569895626,0.8084361535388619,1,0,-1.61012702512361,0,-0.0078339372127105,0.6812217128918809,True,False,False,False,True,False,0
1.61220516478069,0.2949384654513666,1.3867528138540912,0.46838469127778,0.8084361535388619,1,1,0.5226099310784843,0,1.4165182832801098,0.4278191322804119,False,True,False,False,False,True,0
-0.1208759195501748,-0.7508583336347919,1.7337771971889695,0.6806463815141226,-0.9166876736979732,1,0,1.182960537542161,0,-0.0078339372127105,-0.1501165778860962,False,True,False,False,False,False,0
0.2008337428106443,-0.0853512796708728,-1.736466636159815,0.2653469320788063,0.8084361535388619,1,0,-1.6827466264546451,0,0.7043421730336995,0.6767760535829078,True,False,True,False,False,True,0
0.3357442463813104,-1.1311480787570314,-1.042417869490058,0.9366707491764844,-0.9166876736979732,1,1,-0.4990941035419335,0,-0.0078339372127105,-1.1770638782588916,True,False,False,True,False,False,0
-3.1304179222804187,0.009721156609687,-1.736466636159815,0.5384665534249371,0.8084361535388619,0,0,0.4028634121514775,1,-0.7200100474591208,-1.537162282285716,True,True,False,True,False,False,0
-2.09264481789068,-0.4656410247931123,-1.042417869490058,-1.2184705569895626,0.8084361535388619,1,0,1.3048633513204333,0,-1.4321861577055308,1.3925272023275834,False,False,True,False,False,True,0
1.186718191980897,0.1998660291708067,-1.736466636159815,-1.2184705569895626,0.8084361535388619,0,1,-1.1500945064488162,0,0.7043421730336995,0.2811123750842983,True,False,True,True,False,False,0
0.2631001290740287,-1.1311480787570314,-1.042417869490058,-1.2184705569895626,0.8084361535388619,0,1,0.247840556241901,0,-0.7200100474591208,-1.4838143705780382,False,False,False,False,True,False,0
-1.1897822170716064,0.770300646854166,1.7337771971889695,-1.2184705569895626,0.8084361535388619,0,1,-1.3031078110045038,0,-1.4321861577055308,0.3122319902471103,True,False,False,False,True,False,0
1.6225828958245871,0.770300646854166,1.0397284305192127,1.0101951341709676,-0.9166876736979732,0,1,-0.4590590348967983,0,-0.7200100474591208,0.8634937445597797,True,False,True,False,False,True,0
0.3149887842935157,-0.8459307699153518,1.3867528138540912,-1.2184705569895626,0.8084361535388619,1,1,1.6460590216585949,0,-0.7200100474591208,1.188026874114819,False,False,False,False,True,False,0
-2.1445334731101666,-0.4656410247931123,0.6927040471843343,0.880284687427462,0.8084361535388619,1,1,-0.5183538398392438,0,0.7043421730336995,0.8679394038687528,False,True,False,False,True,False,0
1.3838950818149471,-0.4656410247931123,1.3867528138540912,-0.0928582895429452,-0.9166876736979732,1,1,-0.5534338813140663,0,0.7043421730336995,0.2677753971573789,False,False,False,False,False,True,0
0.8442530675322827,-0.0853512796708728,1.3867528138540912,0.5643110123080989,0.8084361535388619,0,1,1.6420263573479792,0,-0.7200100474591208,-1.541607941594689,True,True,False,True,False,False,0
0.2734778601179261,0.8653730831347259,-1.042417869490058,0.4002388779781123,0.8084361535388619,0,1,1.617738395998371,0,-1.4321861577055308,0.8057001735431288,True,True,False,False,True,False,0
0.3668774395130026,-0.4656410247931123,1.3867528138540912,0.790499381410826,-0.9166876736979732,1,0,1.7125618185095162,0,-1.4321861577055308,-0.1856818523578813,False,False,False,True,False,False,0
-1.314314989598375,-0.2754961522319926,-0.6953934861551795,0.0289493156463311,-0.9166876736979732,1,0,-0.5771206116045169,0,-0.0078339372127105,1.6414841236300792,True,False,True,False,False,True,0
-0.2350309610330461,0.3900109017319265,-1.736466636159815,-1.2184705569895626,0.8084361535388619,1,1,-1.028727549849353,0,-0.7200100474591208,1.3391792906199056,False,False,False,False,False,True,0
-1.376581375861759,0.009721156609687,-1.042417869490058,0.5900869441563016,0.8084361535388619,1,0,-0.0493456264860322,0,-0.0078339372127105,-1.706097336026695,True,False,False,False,False,True,0
0.7819866812688984,-0.9410032061959116,-1.3894422528249364,1.1295732318170917,-0.9166876736979732,1,1,1.270184941929664,0,-1.4321861577055308,-0.3946278398796189,False,False,False,False,False,False,0
-1.283181796466683,-1.606510260159831,-0.0013447194854226,0.2793131580891974,0.8084361535388619,0,1,-1.7294472228947304,0,0.7043421730336995,-0.363508224716807,True,True,False,False,False,False,0
-0.9407166720180687,-0.4656410247931123,-0.348369102820301,0.144733746704471,0.8084361535388619,1,1,-1.2381729440817162,0,-1.4321861577055308,1.152461599643034,True,False,True,False,False,True,0
-1.9266011211883207,0.1998660291708067,-0.6953934861551795,-0.6810785067522894,0.8084361535388619,1,0,1.365946201437078,1,-1.4321861577055308,0.0988403434163995,False,False,False,False,False,False,0
0.9687858400590514,-1.0360756424764714,-1.3894422528249364,0.5598918191027107,-0.9166876736979732,1,0,-0.4721407656345197,1,-1.4321861577055308,-1.6394124463920985,False,True,False,False,True,False,0
-0.3699414646037122,0.4850833380124864,-0.0013447194854226,0.414912629613467,-0.9166876736979732,0,1,1.3527538914762145,1,0.7043421730336995,0.9924178645200008,True,False,False,True,False,False,0
0.034790046108286,1.2456628282569653,1.3867528138540912,1.0982675845334156,-0.9166876736979732,1,1,-0.8937704762724418,0,-0.7200100474591208,0.3744712205727343,True,True,False,False,False,False,0
2.058447599668278,2.196387191062564,-1.3894422528249364,0.7777531927985384,-0.9166876736979732,1,0,-0.5131726120882589,1,0.7043421730336995,0.0410467723997487,False,False,False,True,False,False,0
-0.8680725547107871,0.009721156609687,-0.0013447194854226,-1.2184705569895626,0.8084361535388619,1,1,0.5066237570662594,0,0.7043421730336995,-0.0567577323976603,True,False,True,False,False,True,0
-1.9266011211883207,0.770300646854166,-0.0013447194854226,0.4160228316237623,-0.9166876736979732,1,1,1.4449183704975674,1,-0.7200100474591208,0.3789168798817074,False,True,False,True,False,False,0
-2.2275553214613457,0.009721156609687,-1.736466636159815,0.4262021384031894,-0.9166876736979732,0,0,-1.3603238656452454,0,-1.4321861577055308,0.3966995171176,False,False,False,True,False,False,0
-1.5426250725641175,-0.9410032061959116,-0.6953934861551795,-1.2184705569895626,0.8084361535388619,1,1,0.7567322264751852,0,-1.4321861577055308,1.4236468174903951,True,False,False,False,False,False,0
-0.9407166720180687,0.9604455194152858,-0.0013447194854226,0.2986347398596635,-0.9166876736979732,1,1,-1.2820927164731686,0,1.4165182832801098,0.6812217128918809,True,True,False,False,False,False,0
0.8234976054444879,-0.1804237159514327,1.0397284305192127,-1.2184705569895626,0.8084361535388619,1,1,1.2154510083417096,0,-1.4321861577055308,1.1080050065533025,True,False,False,False,False,False,0
-0.3906969266915071,0.1998660291708067,0.6927040471843343,1.1351071101098285,0.8084361535388619,0,0,0.6495640941805609,0,1.4165182832801098,-0.3679538840257801,False,False,True,False,True,False,0
-0.2661641541647383,-0.9410032061959116,0.6927040471843343,-1.2184705569895626,0.8084361535388619,1,0,-0.8879276857163396,0,1.4165182832801098,-0.7902915183782284,True,False,True,False,True,False,0
1.165962729893102,0.009721156609687,-1.3894422528249364,0.8480444786880469,0.8084361535388619,1,1,1.5208786466610666,0,-1.4321861577055308,1.6726037387928911,False,False,False,False,False,False,0
-1.2416708722910934,-0.2754961522319926,-0.348369102820301,-1.2184705569895626,0.8084361535388619,1,1,0.5627628813482897,0,-0.7200100474591208,0.5300692963867942,True,False,False,True,False,False,0
-1.469980955256836,0.4850833380124864,-0.348369102820301,0.7520161676547633,-0.9166876736979732,1,0,-1.2513186577661612,1,-0.0078339372127105,1.192472533423792,False,True,False,False,False,False,0
-1.999245238495603,0.6752282105736062,0.6927040471843343,0.548444922286435,-0.9166876736979732,1,0,-1.6597690984459488,1,-1.4321861577055308,1.7348429691185152,True,True,False,False,True,False,0
0.8961417227517697,-1.9868000052820705,-0.348369102820301,-1.2184705569895626,0.8084361535388619,1,1,-0.9150976615357576,0,1.4165182832801098,0.587862867403445,True,False,False,False,True,False,0
0.3564997084691052,-0.9410032061959116,-0.6953934861551795,1.749630981380518,-0.9166876736979732,1,0,-0.6216120577156081,0,-0.0078339372127105,0.4722757253701433,True,True,False,False,False,True,0
-1.5114918794324257,-1.0360756424764714,1.0397284305192127,-0.369027363944756,-0.9166876736979732,0,1,-1.3188476158985023,0,-0.0078339372127105,-1.1859551968768378,True,True,False,True,False,False,0
-0.0067208780673035,-0.5607134610736721,-1.3894422528249364,0.3319500865424203,-0.9166876736979732,1,0,0.1448900824299409,0,0.7043421730336995,0.8768307224866991,False,False,False,True,False,False,0
0.6782093708299244,0.2949384654513666,-0.0013447194854226,1.8285132838933924,-0.9166876736979732,1,0,-0.0188382793015084,1,-1.4321861577055308,0.6723303942739347,False,False,True,False,False,True,0
-0.0793649953745852,0.1047935928902469,-0.348369102820301,0.0186998807329974,0.8084361535388619,1,1,0.2672124365626808,1,-0.0078339372127105,0.6278738011842032,False,True,False,False,False,False,0
0.8442530675322827,0.2949384654513666,1.3867528138540912,0.7043681034124999,-0.9166876736979732,1,0,1.4539630902570977,0,1.4165182832801098,0.272221056466352,True,False,False,False,True,False,0
-0.733162051140121,0.3900109017319265,-0.348369102820301,1.5061659540832542,-0.9166876736979732,0,1,-0.0033950910029185,0,0.7043421730336995,1.605918849158294,False,False,True,True,False,False,0
-1.0860049066326325,0.1998660291708067,-0.6953934861551795,1.2022519163474297,-0.9166876736979732,1,0,1.3016461218471376,1,-0.7200100474591208,1.503668685051912,True,True,False,False,False,True,0
0.927274915883462,0.3900109017319265,-1.736466636159815,-1.2184705569895626,0.8084361535388619,1,1,-1.6953856925663933,1,-1.4321861577055308,-1.6216298091562056,True,False,True,False,False,True,0
-0.5671183544377627,-0.2754961522319926,1.3867528138540912,-1.2184705569895626,0.8084361535388619,1,1,-1.6217451459550298,0,-0.7200100474591208,-1.2615314051293811,False,False,False,False,False,True,0
0.481032480995874,-0.0853512796708728,1.7337771971889695,0.3027482832759468,-0.9166876736979732,1,1,0.0833963852939817,0,0.7043421730336995,-1.6883146987908026,True,False,True,False,False,True,0
0.7612312191811036,-0.1804237159514327,0.3456796638494558,0.7724700466010023,0.8084361535388619,0,1,1.331002645324152,0,1.4165182832801098,-1.3237706354550052,True,False,False,False,True,False,0
0.3046110532496183,-0.1804237159514327,0.3456796638494558,0.7225639525128785,-0.9166876736979732,1,1,0.7986530533816352,0,0.7043421730336995,-1.492705689195985,False,False,True,True,False,False,0
-1.656780114046989,-0.7508583336347919,0.6927040471843343,-1.2184705569895626,0.8084361535388619,1,1,-0.8861612000133192,0,-0.7200100474591208,0.7834718769982632,False,False,False,False,False,True,0
0.3564997084691052,-1.321292951318151,-1.3894422528249364,-1.2184705569895626,0.8084361535388619,0,1,-1.4599920838369678,0,-1.4321861577055308,-0.1278882813412305,True,False,False,False,False,False,0
0.5951875224787453,-0.0853512796708728,-0.0013447194854226,-1.2184705569895626,0.8084361535388619,1,1,-0.3299816116170363,0,-1.4321861577055308,0.1877535295958624,True,False,False,False,False,False,0
-1.366203644817862,2.1013147547820044,1.0397284305192127,0.9238365001220764,0.8084361535388619,1,1,-0.1760796743420437,0,-0.0078339372127105,0.6634390756559884,True,True,False,True,False,False,0
0.8338753364883853,2.861894245026483,1.3867528138540912,0.9822948642390328,-0.9166876736979732,0,1,0.1825765596502337,1,1.4165182832801098,0.4989496812239822,False,False,True,False,True,False,0
0.2527223980301313,-1.1311480787570314,-0.348369102820301,-1.2184705569895626,-0.9166876736979732,0,1,0.1308239184195321,0,-1.4321861577055308,-0.5191063005308669,True,False,True,False,True,False,0
-0.5359851613060705,-1.0360756424764714,0.3456796638494558,-1.2184705569895626,0.8084361535388619,0,1,-0.8386992412805642,0,-0.0078339372127105,1.348070609237852,False,False,False,True,False,False,0
-0.7539175132279158,-0.5607134610736721,0.3456796638494558,-1.2184705569895626,-0.9166876736979732,1,0,-0.0945530556802967,1,0.7043421730336995,-1.5149339857408504,True,False,True,False,True,False,0
-1.127515830808222,0.1998660291708067,-0.348369102820301,-1.2184705569895626,-0.9166876736979732,0,0,1.6425338742541915,0,1.4165182832801098,-1.2259661306575962,False,False,True,False,True,False,0
-1.4596032242129386,3.4323288627098423,1.3867528138540912,0.4724367524944738,-0.9166876736979732,0,1,0.086827123078627,0,0.7043421730336995,-0.176790533739935,False,True,False,False,False,False,0
0.9168971848395644,-0.8459307699153518,1.0397284305192127,0.4660382807700098,-0.9166876736979732,1,0,-1.7139555257859886,0,0.7043421730336995,0.9212873155764304,False,False,False,False,False,True,0
-0.048231802242893,-0.9410032061959116,-1.042417869490058,-1.2184705569895626,0.8084361535388619,1,0,1.3666164575773478,0,-1.4321861577055308,-1.0392484396807242,False,False,True,False,False,False,0
-2.154911204154064,0.3900109017319265,-0.6953934861551795,-1.2184705569895626,0.8084361535388619,1,1,1.0205961600961635,0,0.7043421730336995,1.654821101556999,True,False,False,False,True,False,0
-0.048231802242893,-0.6557858973542321,-0.0013447194854226,0.3352544345505651,-0.9166876736979732,1,1,-1.3439645736882684,0,-1.4321861577055308,-0.047866413779714,True,False,False,True,False,False,0
-0.3699414646037122,-0.7508583336347919,-1.3894422528249364,-1.2184705569895626,0.8084361535388619,1,1,-0.7949974977347405,0,-0.0078339372127105,1.0902223693174098,True,False,False,False,False,False,0
0.5744320603909505,0.9604455194152858,1.7337771971889695,-1.2184705569895626,-0.9166876736979732,1,0,-0.3036289831686712,1,-0.7200100474591208,-0.52355195983984,False,False,False,False,True,False,0
-1.6671578450908864,2.956966681307043,0.3456796638494558,1.1630988027916738,0.8084361535388619,1,1,-1.4363642943588522,0,-0.7200100474591208,0.6056455046393375,True,True,False,False,True,False,0
-1.1897822170716064,-0.1804237159514327,0.6927040471843343,1.3178615074004874,4.258683808012532,1,1,0.3000815890414789,1,-0.0078339372127105,1.2502661044404428,False,True,False,False,False,False,0
1.0518076884102303,0.6752282105736062,1.0397284305192127,-1.2184705569895626,2.533559980775697,1,0,-0.1683612097934035,1,-0.7200100474591208,-0.4879866853680549,True,False,False,False,True,False,0
0.7923644123127958,0.3900109017319265,1.0397284305192127,0.8375423903607752,-0.9166876736979732,0,1,0.6710041189341582,0,0.7043421730336995,-0.1367795999591768,False,False,True,False,True,False,0
-0.9822275961936584,-0.2754961522319926,-0.6953934861551795,-1.2184705569895626,-0.9166876736979732,0,1,0.7588713085228485,0,0.7043421730336995,1.2147008299686577,True,False,False,False,False,True,0
1.0725631504980253,-0.9410032061959116,-0.348369102820301,1.1616405218701606,0.8084361535388619,1,1,-1.2453411205151927,0,-1.4321861577055308,-0.3901821805706458,False,False,False,True,False,False,0
0.2112114738545417,0.009721156609687,-1.042417869490058,-1.2184705569895626,0.8084361535388619,1,0,-0.2270490460754903,0,-0.0078339372127105,-0.808074155614121,True,False,False,False,False,False,0
0.5536765983031557,0.1998660291708067,-0.348369102820301,-0.0616342983055991,0.8084361535388619,1,1,0.7316896836343263,0,-0.7200100474591208,0.4589387474432239,True,True,False,True,False,False,0
-1.1690267549838116,-1.0360756424764714,-0.0013447194854226,-1.2184705569895626,0.8084361535388619,1,0,-0.9049568860801804,0,-1.4321861577055308,0.9924178645200008,True,False,True,False,False,False,0
-0.0067208780673035,2.481604499904244,-1.736466636159815,-1.2184705569895626,0.8084361535388619,1,1,1.565195878335699,0,0.7043421730336995,0.4144821543534925,False,False,False,False,True,False,0
-0.3906969266915071,-1.321292951318151,1.7337771971889695,-0.014247533411591,-0.9166876736979732,1,0,-0.7209600134403064,0,1.4165182832801098,-0.9814548686640736,False,False,True,False,True,False,0
0.9999190331907436,0.1047935928902469,-0.6953934861551795,0.4386522838200578,0.8084361535388619,0,0,-1.0828087878340462,0,-1.4321861577055308,0.4900583626060359,False,True,False,False,False,True,0
0.6055652535226427,-1.416365387598711,-1.042417869490058,0.5492618029695223,0.8084361535388619,0,0,-1.4708924829181838,1,0.7043421730336995,1.7170603318826223,False,True,False,False,False,True,0
0.086678701327773,-0.2754961522319926,-1.736466636159815,0.1334744986848593,-0.9166876736979732,1,1,1.408637083971351,0,0.7043421730336995,0.4100364950445194,False,False,True,False,False,False,0
0.3668774395130026,-1.226220515037591,-1.042417869490058,1.0666421977898952,-0.9166876736979732,1,1,0.9245268087909396,0,1.4165182832801098,-1.2126291527306767,True,True,False,True,False,False,0
-0.785050706359608,0.1998660291708067,-0.348369102820301,0.5845255269616653,-0.9166876736979732,0,0,1.5752999679169315,1,0.7043421730336995,0.2366557819945669,False,False,False,False,False,True,0
1.487672392253921,-0.2754961522319926,-1.3894422528249364,1.212712376102063,-0.9166876736979732,1,1,0.607796269972798,0,-0.0078339372127105,-0.0078554799989557,False,False,False,False,False,True,0
-1.1482712928960168,-0.1804237159514327,1.3867528138540912,2.180887143037935,-0.9166876736979732,0,1,0.8412236201573953,0,-1.4321861577055308,-1.057031076916617,True,False,False,False,False,False,0
0.481032480995874,0.009721156609687,-0.348369102820301,-1.2184705569895626,0.8084361535388619,0,1,-0.9210670270516824,0,1.4165182832801098,0.1432969365061309,False,False,False,False,False,True,0
0.2008337428106443,0.8653730831347259,0.3456796638494558,0.6991619700743456,-0.9166876736979732,0,1,-0.5980778085237354,0,-0.7200100474591208,-0.585791190165464,False,False,False,False,False,False,0
-0.6708956648767367,1.1505903919764056,-0.6953934861551795,0.1222788142934687,-0.9166876736979732,0,1,0.8409438686321828,0,-0.0078339372127105,1.223592148586604,True,False,True,True,False,False,0
-0.8680725547107871,0.3900109017319265,-0.0013447194854226,0.1842945000522972,4.258683808012532,1,1,0.1169098877742949,1,0.7043421730336995,1.4547664326532073,True,True,False,False,False,True,0
-1.2624263343788882,-1.511437823879271,-1.3894422528249364,0.976009750320062,0.8084361535388619,1,1,1.126585650010791,0,-0.7200100474591208,-1.4349121181793338,True,True,False,True,False,False,0
-0.8473170926229924,-0.4656410247931123,1.7337771971889695,-1.2184705569895626,0.8084361535388619,0,1,1.4423256702216385,0,0.7043421730336995,-0.1723448744309619,True,False,True,False,False,True,0
0.2215892048984391,-0.2754961522319926,-0.0013447194854226,-0.0482583974772037,0.8084361535388619,0,0,1.664095084099817,0,-0.0078339372127105,-1.2393031085845156,True,True,False,True,False,False,0
1.2386068472003835,1.0555179556958456,-0.6953934861551795,0.4663613825376442,-0.9166876736979732,1,1,-1.4630815212835195,1,-0.0078339372127105,0.6056455046393375,True,False,False,False,False,False,0
-0.7954284374035054,-1.1311480787570314,-0.6953934861551795,1.011887175538836,-0.9166876736979732,1,0,-0.0102113612294157,0,-0.7200100474591208,-0.2612580606104248,True,False,False,False,False,False,0
-0.1312536505940722,-1.1311480787570314,-0.6953934861551795,1.1959195700095036,-0.9166876736979732,0,1,-0.2646661504812652,0,-0.0078339372127105,-1.4037925030165217,True,True,False,True,False,False,0
-0.494474237130481,0.1998660291708067,1.7337771971889695,-1.2184705569895626,0.8084361535388619,1,1,1.1439229421724422,0,-0.7200100474591208,1.1969181927327652,False,False,True,False,False,False,0
-1.2624263343788882,-0.5607134610736721,-0.348369102820301,0.851867582755228,-0.9166876736979732,1,1,1.2605160407061733,0,1.4165182832801098,0.5967541860213913,False,False,False,False,True,False,0
0.7612312191811036,-0.7508583336347919,1.0397284305192127,-1.2184705569895626,0.8084361535388619,1,1,-0.7090435373464473,0,1.4165182832801098,-0.0567577323976603,True,False,False,False,False,False,0
-0.7020288580084288,0.6752282105736062,0.3456796638494558,0.1802658148802391,0.8084361535388619,1,0,0.3467872276159525,1,0.7043421730336995,-0.9192156383384495,False,True,False,False,True,False,0
0.4395215568202844,0.009721156609687,-1.736466636159815,0.4953896266781933,-0.9166876736979732,1,1,0.0322159393830282,0,0.7043421730336995,-1.377118547162683,True,False,True,False,True,False,0
-1.3558259137739646,-0.1804237159514327,-0.0013447194854226,0.4761847650210102,0.8084361535388619,1,1,-0.2698948438421835,0,-0.0078339372127105,0.6412107791111227,True,False,False,False,False,True,0
-1.5426250725641175,-0.6557858973542321,-0.348369102820301,-1.2184705569895626,0.8084361535388619,1,1,0.9146376184546806,0,-1.4321861577055308,-1.3459989319998709,True,False,False,False,False,True,0
1.0414299573663333,-0.2754961522319926,0.6927040471843343,-1.2184705569895626,0.8084361535388619,1,0,1.46805342173923,0,-1.4321861577055308,0.7567979211444243,False,False,False,False,True,False,0
-0.152009112681867,0.3900109017319265,1.0397284305192127,-1.2184705569895626,-0.9166876736979732,1,0,-1.5347971896253814,1,1.4165182832801098,-1.28820536098322,True,False,True,False,False,False,0
-1.916223390144424,1.1505903919764056,1.7337771971889695,0.6150232597163607,0.8084361535388619,1,0,1.3449178930363106,1,-0.7200100474591208,0.3300146274830028,True,True,False,False,False,True,0
1.3423841576393576,-1.8917275690015103,-0.6953934861551795,-1.2184705569895626,0.8084361535388619,1,1,0.414950799214438,0,0.7043421730336995,-0.1145513034143111,False,False,False,False,True,False,0
-1.4077145689934516,0.6752282105736062,-1.042417869490058,-1.2184705569895626,0.8084361535388619,1,1,1.1943121207178005,0,0.7043421730336995,0.7968088549251826,True,False,False,True,False,False,0
1.3942728128588446,-1.416365387598711,-1.042417869490058,0.7050184698050325,0.8084361535388619,1,1,0.4349828514067104,0,-0.0078339372127105,0.081057706180507,True,True,False,False,True,False,0
-2.424732211295396,-0.4656410247931123,1.0397284305192127,1.2788255942876985,-0.9166876736979732,1,0,0.9350146221858104,0,0.7043421730336995,0.7567979211444243,True,False,False,True,False,False,0
0.1281896255033626,-0.4656410247931123,0.6927040471843343,0.2852890998013786,-0.9166876736979732,0,0,1.3819393301174252,0,-1.4321861577055308,-0.4613127295142161,False,False,False,False,True,False,0
0.325366515337413,0.2949384654513666,-0.348369102820301,1.1557020458733545,-0.9166876736979732,1,1,-0.9691097005726352,1,0.7043421730336995,-1.506042667122904,False,False,False,False,False,True,0
0.9999190331907436,-0.3705685885125524,-0.0013447194854226,0.4705692306819435,-0.9166876736979732,1,1,0.8628293398790023,0,0.7043421730336995,0.907950337649511,True,False,True,True,False,False,0
0.4914102120397713,-1.1311480787570314,-1.3894422528249364,-1.2184705569895626,0.8084361535388619,1,0,-0.1291495738539281,0,1.4165182832801098,-0.5813455308564909,True,False,False,False,True,False,0
1.9754257513170983,0.6752282105736062,1.3867528138540912,-1.2184705569895626,-0.9166876736979732,0,0,-1.4459323528945718,0,-1.4321861577055308,0.303340671629164,True,False,True,False,False,True,0
0.0763009702838756,-0.6557858973542321,1.3867528138540912,0.3086116677321087,-0.9166876736979732,0,1,1.5147258517734206,0,-0.7200100474591208,1.063548413463571,True,False,False,False,False,True,0
-0.4529633129548914,0.2949384654513666,-0.0013447194854226,-1.2184705569895626,0.8084361535388619,1,0,1.3574295148547209,0,0.7043421730336995,-0.90587866041153,True,False,False,False,False,False,0
-0.4010746577354044,-0.0853512796708728,1.3867528138540912,-0.1439466350940082,-0.9166876736979732,1,0,-0.3801534567835781,1,-0.0078339372127105,-0.0345294358527946,True,True,False,False,False,True,0
-1.075627175588735,-0.3705685885125524,1.7337771971889695,-1.2184705569895626,-0.9166876736979732,1,1,-1.2019679850381393,0,1.4165182832801098,0.1388512771971578,False,False,False,False,False,True,0
0.1178118944594652,-0.7508583336347919,-0.348369102820301,0.437547845765974,0.8084361535388619,0,1,-1.111912682991525,0,0.7043421730336995,1.7126146725736495,True,False,True,True,False,False,0
-2.28982170772473,0.5801557742930463,-0.0013447194854226,0.1204412330312593,0.8084361535388619,0,0,-1.104604196128684,0,-0.7200100474591208,1.027983138991786,True,True,False,False,False,False,0
-0.6086292786133524,-0.3705685885125524,0.3456796638494558,0.9188223385477442,0.8084361535388619,1,1,-0.3882443438101581,0,0.7043421730336995,1.1435702810250876,False,False,False,False,False,False,0
0.5951875224787453,0.4850833380124864,1.3867528138540912,0.8405743914379259,-0.9166876736979732,1,0,0.288617166375558,0,0.7043421730336995,-1.706097336026695,True,False,False,True,False,False,0
2.058447599668278,2.1013147547820044,-0.6953934861551795,1.0516318951557464,-0.9166876736979732,1,1,-0.1456575218420158,0,-1.4321861577055308,0.7745805583803169,True,True,False,False,False,True,0
1.1452072678053071,2.006242318501444,1.7337771971889695,1.486117793610348,-0.9166876736979732,1,0,-1.1994413541093705,1,0.7043421730336995,1.3436249499288788,False,False,True,False,False,True,0
-0.2454086920769435,-0.0853512796708728,1.7337771971889695,0.5991904725528077,-0.9166876736979732,1,0,-0.9456055303203904,1,1.4165182832801098,-0.5146606412218937,True,True,False,False,True,False,0
-0.048231802242893,-0.3705685885125524,-0.348369102820301,0.7630763990751832,-0.9166876736979732,1,0,-0.2872432634728302,0,0.7043421730336995,0.4722757253701433,True,False,False,False,True,False,0
0.7508534881372062,-0.1804237159514327,0.3456796638494558,0.7907389058133932,-0.9166876736979732,1,0,0.3153809895766438,0,0.7043421730336995,1.2147008299686577,True,True,False,False,False,True,0
-1.0963826376765298,0.770300646854166,1.0397284305192127,-1.2184705569895626,-0.9166876736979732,1,1,-0.5915515479579311,1,-0.0078339372127105,-0.776954540451309,False,False,False,False,False,True,0
-0.0586095332867904,-1.416365387598711,1.0397284305192127,-1.2184705569895626,0.8084361535388619,0,0,-0.1359361128742031,0,-0.0078339372127105,-1.634966787083125,True,False,False,True,False,False,0
0.5121656741275662,0.2949384654513666,-0.0013447194854226,-1.2184705569895626,0.8084361535388619,0,0,-1.3252246988330871,0,-1.4321861577055308,-1.44380343679728,False,False,True,True,False,False,0
-1.2935595275105802,-0.6557858973542321,-1.736466636159815,-1.2184705569895626,-0.9166876736979732,1,0,0.1580898686590355,0,-0.0078339372127105,1.6903863760287838,True,False,False,False,False,True,0
0.2734778601179261,2.5766769361848034,1.0397284305192127,-1.2184705569895626,0.8084361535388619,1,1,-0.9269574570844212,0,-1.4321861577055308,0.1299599585792115,True,False,False,False,True,False,0
-0.9095834788863768,-1.1311480787570314,0.3456796638494558,-1.2184705569895626,-0.9166876736979732,0,0,-1.6102061344734993,0,1.4165182832801098,-0.0211924579258751,False,False,False,False,True,False,0
1.248984578244281,-0.2754961522319926,-0.6953934861551795,0.5752378721861803,-0.9166876736979732,1,1,1.5042436021130474,0,-0.7200100474591208,0.7523522618354512,True,False,True,False,False,True,0
0.0036568529765938,-0.7508583336347919,-1.042417869490058,0.6892156231918004,-0.9166876736979732,0,0,0.8573181131256223,0,-1.4321861577055308,0.4945040219150091,True,False,False,False,True,False,0
-0.0689872643306878,-0.1804237159514327,-1.042417869490058,0.973835618059058,0.8084361535388619,0,1,0.9209536741764934,0,-0.0078339372127105,0.587862867403445,False,True,False,False,True,False,0
0.0140345840204912,0.4850833380124864,1.0397284305192127,-1.2184705569895626,0.8084361535388619,1,1,0.9425041042865296,0,-0.0078339372127105,-0.999237505899966,True,False,False,False,True,False,0
1.6225828958245871,0.009721156609687,-0.6953934861551795,0.7703654020343259,-0.9166876736979732,0,1,1.2346460662254837,0,1.4165182832801098,-0.6035738274013566,True,True,False,False,False,True,0
-0.6397624717450445,-0.6557858973542321,-1.736466636159815,0.8271453341244688,-0.9166876736979732,1,0,0.0049769384824981,0,-0.7200100474591208,-0.8436394300859061,False,False,False,False,False,False,0
-0.2765418852086357,0.3900109017319265,1.0397284305192127,2.010883097216828,-0.9166876736979732,1,0,0.5666248085565069,1,0.7043421730336995,-0.3057146537001561,True,False,False,True,False,False,0
-0.10012045746238,-1.9868000052820705,-0.0013447194854226,0.5616877717922814,0.8084361535388619,0,1,-1.5711906201750678,0,1.4165182832801098,0.1566339144330504,True,True,False,True,False,False,0
0.3876329016007974,3.242183990148723,-1.3894422528249364,0.5196035263930759,-0.9166876736979732,0,1,1.1742585090543491,0,-1.4321861577055308,0.0721663875625607,True,False,True,False,True,False,0
0.2319669359423365,-0.7508583336347919,-1.3894422528249364,-1.2184705569895626,-0.9166876736979732,1,0,0.4959158284253231,0,-0.7200100474591208,0.7612435804533975,False,False,False,False,False,True,0
-0.494474237130481,0.1998660291708067,-0.6953934861551795,-1.2184705569895626,-0.9166876736979732,0,0,-1.5406580623186013,0,0.7043421730336995,-0.3146059723181024,True,False,True,False,True,False,0
-0.494474237130481,-1.0360756424764714,0.6927040471843343,-1.2184705569895626,0.8084361535388619,0,0,-0.727382649451091,0,-0.0078339372127105,-1.706097336026695,True,False,False,False,False,True,0
0.8961417227517697,-0.1804237159514327,1.0397284305192127,0.3916896500372803,-0.9166876736979732,1,1,0.493234977730946,0,-0.0078339372127105,-0.4613127295142161,False,False,True,False,False,False,0
-0.7020288580084288,-0.2754961522319926,-0.348369102820301,0.1055756697419771,0.8084361535388619,0,0,-0.3020612271072407,0,1.4165182832801098,1.4147554988724491,True,False,True,False,True,False,0
0.7300980260494114,0.770300646854166,-1.042417869490058,0.1906790422159165,-0.9166876736979732,1,1,-0.1699607834614928,1,-0.0078339372127105,0.3744712205727343,False,False,False,False,False,True,0
-0.3803191956476097,-0.9410032061959116,0.6927040471843343,1.0763935308206176,0.8084361535388619,1,1,0.4514400303175064,0,-1.4321861577055308,-1.6794233801728564,False,False,True,False,False,False,0
-1.8020683486615523,-0.3705685885125524,-1.3894422528249364,0.2621304844028871,-0.9166876736979732,1,0,1.3595468635645027,0,-1.4321861577055308,-1.7238799732625878,True,False,False,False,False,True,0
1.7367379373074583,-0.0853512796708728,1.3867528138540912,0.7402219924767439,0.8084361535388619,1,1,1.4096442937821376,0,-1.4321861577055308,-0.0923230068694454,True,False,False,False,False,True,0
0.6470761776982322,0.4850833380124864,0.6927040471843343,-1.2184705569895626,-0.9166876736979732,0,1,-1.625795892402763,0,-0.7200100474591208,1.312505334766067,True,False,True,False,False,False,0
-0.0793649953745852,-0.4656410247931123,1.3867528138540912,0.5867131084538292,0.8084361535388619,0,0,0.7093549408268174,0,-0.0078339372127105,0.0366011130907756,True,True,False,False,False,False,0
-0.5982515475694549,-1.511437823879271,-0.0013447194854226,1.2835281820068192,-0.9166876736979732,1,0,1.052539472381204,0,-0.7200100474591208,1.1746898961878995,True,False,False,True,False,False,0
-0.7124065890523262,-0.7508583336347919,-0.348369102820301,1.3269371766753044,-0.9166876736979732,1,0,-1.528155655435453,0,0.7043421730336995,1.1346789624071412,False,False,False,False,False,False,0
0.481032480995874,1.6259525733792048,-1.3894422528249364,0.5814017829148146,0.8084361535388619,0,0,-0.1121313270923795,1,0.7043421730336995,-1.5549449195216083,True,True,False,False,False,False,0
-1.4596032242129386,0.1047935928902469,1.3867528138540912,0.7733221514609376,-0.9166876736979732,1,0,1.7105519194222212,1,-1.4321861577055308,1.508114344360885,False,True,False,False,False,False,0
-0.7539175132279158,0.009721156609687,-0.0013447194854226,0.6681571692829317,2.533559980775697,0,0,-1.6447840489099042,1,-0.0078339372127105,0.7612435804533975,False,True,False,True,False,False,0
-0.3388082714720201,0.5801557742930463,-1.736466636159815,-1.2184705569895626,0.8084361535388619,0,0,0.2297493780558111,0,0.7043421730336995,-1.2970966796011665,False,False,True,False,False,True,0
2.058447599668278,-0.3705685885125524,-1.042417869490058,-1.2184705569895626,0.8084361535388619,1,1,-0.7552705208874154,0,1.4165182832801098,-1.4171294809434412,True,False,False,False,False,False,0
-2.020000700583398,-0.0853512796708728,0.6927040471843343,1.4152890188041154,-0.9166876736979732,1,1,1.0935516718974978,0,-0.0078339372127105,1.4325381361083416,False,False,False,False,False,True,0
1.3320064265954603,-0.4656410247931123,-0.0013447194854226,0.2883002865922098,0.8084361535388619,1,0,1.3353644393036472,0,1.4165182832801098,-0.1145513034143111,True,True,False,False,True,False,0
0.2215892048984391,0.1047935928902469,-0.0013447194854226,0.9829489131591448,-0.9166876736979732,1,0,-0.324737270252843,0,-1.4321861577055308,0.6278738011842032,False,False,False,False,False,True,0
-0.5982515475694549,-0.0853512796708728,0.6927040471843343,0.3323274655643797,-0.9166876736979732,1,0,-0.398499697423047,0,-1.4321861577055308,0.8457111073238871,False,False,True,False,False,False,0
1.300873233463768,0.3900109017319265,-1.3894422528249364,-1.2184705569895626,0.8084361535388619,1,0,-1.3673812889888772,0,-0.7200100474591208,1.6770493981018644,True,False,False,True,False,False,0
0.9687858400590514,-0.7508583336347919,-0.6953934861551795,0.7721571918666328,-0.9166876736979732,1,1,0.6958185486606114,0,1.4165182832801098,1.410309839563476,False,False,True,True,False,False,0
-0.2350309610330461,-0.6557858973542321,-0.6953934861551795,-1.2184705569895626,0.8084361535388619,1,1,-1.478330326608096,0,-1.4321861577055308,-0.0256381172348483,True,False,True,False,False,True,0
-1.3039372585544775,2.1013147547820044,0.3456796638494558,0.924524812559668,0.8084361535388619,1,1,-0.9606220497296878,0,-1.4321861577055308,-0.0656490510156066,True,True,False,True,False,False,0
-1.947356583276116,-0.5607134610736721,1.0397284305192127,1.4118903660679547,0.8084361535388619,1,1,-1.6816552651595806,0,0.7043421730336995,-0.8925416824846106,True,True,False,True,False,False,0
0.5744320603909505,0.1047935928902469,-0.6953934861551795,0.5367892421673868,-0.9166876736979732,1,0,1.546279007176809,0,-0.7200100474591208,-1.092596351388402,False,True,False,False,True,False,0
1.1348295367614096,-1.1311480787570314,1.0397284305192127,-1.2184705569895626,0.8084361535388619,1,0,-0.6456294824752657,0,1.4165182832801098,-0.5013236632949744,True,False,True,False,False,True,0
1.0518076884102303,-0.2754961522319926,0.6927040471843343,0.8392454793113825,-0.9166876736979732,1,1,-0.9712795570267388,1,0.7043421730336995,-1.1059333293153213,False,False,False,False,True,False,0
1.2282291161564862,-0.5607134610736721,-0.348369102820301,-1.2184705569895626,-0.9166876736979732,1,0,-1.292711973095548,1,0.7043421730336995,-0.1323339406502037,False,False,False,False,False,False,0
-0.992605327237556,0.009721156609687,1.3867528138540912,0.215927572070766,-0.9166876736979732,1,1,-0.0962037461590834,0,-1.4321861577055308,0.9790808865930812,False,False,False,False,False,False,0
1.0829408815419228,-0.7508583336347919,1.7337771971889695,0.7452343928422339,-0.9166876736979732,0,0,-0.673984186009288,0,-1.4321861577055308,-1.4526947554152263,True,False,False,True,False,False,0
1.902781634009817,-1.321292951318151,0.6927040471843343,-1.2184705569895626,0.8084361535388619,1,1,-0.2952541718160056,0,-0.0078339372127105,-1.1726182189499186,True,False,False,False,False,True,0
1.6537160889562794,0.009721156609687,0.6927040471843343,-1.2184705569895626,0.8084361535388619,1,1,1.340305383271013,0,-0.0078339372127105,-1.0837050327704556,True,False,True,True,False,False,0
-1.137893561852119,-0.3705685885125524,-1.042417869490058,1.5817639223248292,-0.9166876736979732,1,1,-1.3581899995986737,0,0.7043421730336995,-1.0081288245179123,True,False,True,False,False,False,0
-0.0793649953745852,-0.1804237159514327,-1.042417869490058,1.765144829633701,0.8084361535388619,1,0,-0.1325135468246013,0,0.7043421730336995,-0.4790953667501086,True,False,False,False,False,True,0
0.3772551705569,0.6752282105736062,1.0397284305192127,1.274147823602266,-0.9166876736979732,1,0,-1.2891186699435475,0,-0.0078339372127105,1.6770493981018644,False,False,True,False,False,True,0
-0.5256074302621732,0.1047935928902469,-0.6953934861551795,0.2554268432190025,-0.9166876736979732,0,1,1.1165846633844685,1,1.4165182832801098,-0.2834863571552904,False,False,False,True,False,False,0
-2.217177590417448,1.9111698822208845,0.6927040471843343,0.8180815129818643,-0.9166876736979732,1,0,-0.8496050302295751,1,-0.7200100474591208,-0.2523667419924785,True,True,False,False,True,False,0
0.4083883636885922,-0.3705685885125524,0.3456796638494558,-1.2184705569895626,0.8084361535388619,0,1,1.349325240092006,0,0.7043421730336995,0.3522429240278685,True,False,True,True,False,False,0
0.8234976054444879,1.2456628282569653,1.7337771971889695,-1.2184705569895626,-0.9166876736979732,1,1,-1.3115206991651382,1,-1.4321861577055308,-1.21707481203965,False,False,False,False,False,False,0
-1.023738520369248,1.3407352645375252,-0.0013447194854226,0.8309013521457435,-0.9166876736979732,1,0,1.1292185134951251,1,-0.7200100474591208,0.747906602526478,True,True,False,False,False,True,0
-0.1623868437257644,0.5801557742930463,-0.6953934861551795,-1.2184705569895626,0.8084361535388619,1,1,1.0263787927730097,0,-0.0078339372127105,-1.3371076133819246,True,False,True,True,False,False,0
-0.6397624717450445,-0.1804237159514327,-1.3894422528249364,-1.2184705569895626,0.8084361535388619,0,0,0.5755805085640733,0,-0.7200100474591208,1.4369837954173148,True,False,True,True,False,False,0
0.1800782807228495,-1.606510260159831,1.7337771971889695,-1.2184705569895626,0.8084361535388619,1,0,1.3167351436716077,0,-0.0078339372127105,-0.8836503638666644,True,False,True,False,True,False,0
-1.1794044860277089,0.1047935928902469,1.0397284305192127,-1.2184705569895626,0.8084361535388619,1,1,-1.3018597958099878,0,-1.4321861577055308,1.210255170659685,True,False,True,False,False,False,0
-0.0170986091112009,0.1998660291708067,-0.6953934861551795,0.8438833826330187,2.533559980775697,0,0,0.230308011772721,1,-0.7200100474591208,0.3077863309381372,True,False,True,False,False,False,0
0.1074341634155678,-0.0853512796708728,-1.736466636159815,0.4670312823373378,-0.9166876736979732,0,1,1.380539181557738,0,-1.4321861577055308,-0.301268994391183,True,False,False,True,False,False,0
-1.366203644817862,-0.0853512796708728,-0.0013447194854226,-1.2184705569895626,0.8084361535388619,1,0,1.0910912841825926,0,-0.0078339372127105,0.1966448482138086,True,False,False,False,False,True,0
1.5188055853856133,0.9604455194152858,-0.0013447194854226,0.904133056252598,-0.9166876736979732,1,1,-1.1952459505646973,1,-0.7200100474591208,1.1391246217161144,False,True,False,False,False,False,0
0.2423446669862339,-0.4656410247931123,1.7337771971889695,0.1415762194698253,-0.9166876736979732,0,0,0.7962980288887801,0,-1.4321861577055308,-1.5949558533023669,False,False,False,False,True,False,0
2.058447599668278,-0.1804237159514327,-0.348369102820301,0.9783135715958248,-0.9166876736979732,1,1,-1.244289226961721,0,1.4165182832801098,0.3566885833368417,True,False,True,False,False,False,0
0.1593228186350548,0.8653730831347259,-1.3894422528249364,0.3367396139343982,0.8084361535388619,0,0,0.2240355965933745,1,1.4165182832801098,0.5745258894765256,False,True,False,True,False,False,0
1.4150282749466394,0.9604455194152858,-0.348369102820301,0.9823358523720924,-0.9166876736979732,1,0,1.456081482167097,1,-1.4321861577055308,-0.8169654742320672,False,True,False,False,False,True,0
0.6470761776982322,-0.3705685885125524,-0.6953934861551795,-1.2184705569895626,0.8084361535388619,1,1,-0.0835952805870728,0,-0.7200100474591208,-1.5727275567575012,True,False,False,False,True,False,0
-0.494474237130481,-0.2754961522319926,1.7337771971889695,0.5995180573974954,-0.9166876736979732,1,1,0.5988678670376106,0,-1.4321861577055308,-0.1101056441053379,True,True,False,False,False,False,0
0.4395215568202844,0.009721156609687,-0.6953934861551795,-1.2184705569895626,-0.9166876736979732,1,1,-0.0835648539140385,0,-0.0078339372127105,-0.2523667419924785,True,False,True,False,False,True,0
-0.9718498651497612,-0.6557858973542321,-1.3894422528249364,0.5149251152680643,-0.9166876736979732,1,1,-1.625583775025038,0,-0.0078339372127105,-1.5460536009036625,False,True,False,False,True,False,0
-1.0029830582814532,0.8653730831347259,-0.6953934861551795,1.0559771175897537,0.8084361535388619,0,1,-0.3702753939163145,0,-0.0078339372127105,-1.5282709636677696,True,True,False,False,False,True,0
0.7819866812688984,0.6752282105736062,-0.6953934861551795,0.6267657193983711,4.258683808012532,1,0,0.5271763661674731,1,-0.0078339372127105,-1.1726182189499186,True,True,False,False,False,False,0
0.3149887842935157,1.2456628282569653,-0.0013447194854226,0.5854953125942522,-0.9166876736979732,1,0,-1.379564824338626,1,1.4165182832801098,-1.2037378341127305,False,False,False,False,True,False,0
0.6470761776982322,-1.0360756424764714,0.3456796638494558,0.7464680395813923,-0.9166876736979732,1,1,-0.5802630783955,0,-1.4321861577055308,1.2680487416763355,True,False,False,False,False,False,0
0.3668774395130026,-0.3705685885125524,-1.3894422528249364,0.5547809511519408,0.8084361535388619,1,1,-0.9129752706915872,0,1.4165182832801098,-0.3457255874809144,False,False,False,True,False,False,0
-0.5774960854816601,-1.7966551327209506,-0.6953934861551795,1.7802990710632427,-0.9166876736979732,1,0,0.0525978113818438,0,0.7043421730336995,0.4989496812239822,True,False,True,False,False,False,0
-1.604891458827502,0.1998660291708067,1.3867528138540912,-1.2184705569895626,-0.9166876736979732,0,0,-1.3623640175388716,0,-1.4321861577055308,1.748179947045435,True,False,False,False,True,False,0
-1.5114918794324257,-0.6557858973542321,1.0397284305192127,-1.2184705569895626,0.8084361535388619,0,1,1.4302537572952496,0,0.7043421730336995,0.2855580343932715,True,False,True,False,False,False,0
1.4772946612100235,-0.7508583336347919,-1.736466636159815,1.1012070420913924,0.8084361535388619,0,1,1.3076888591117508,0,-0.0078339372127105,-0.2879320164642636,True,False,True,False,True,False,0
1.6640938200001767,0.9604455194152858,1.0397284305192127,-0.1604731784315746,0.8084361535388619,0,0,-0.1543018265844139,1,1.4165182832801098,0.112177321343319,False,False,True,True,False,False,0
-0.1831423058135592,-0.2754961522319926,-1.3894422528249364,-1.2184705569895626,-0.9166876736979732,1,1,0.7568318520960349,0,-0.0078339372127105,1.6237014863941868,False,False,True,True,False,False,0
0.6989648329177193,0.4850833380124864,-1.042417869490058,-1.2184705569895626,0.8084361535388619,1,0,1.6717440019672356,0,1.4165182832801098,0.2366557819945669,True,False,True,True,False,False,0
0.0036568529765938,0.1047935928902469,1.0397284305192127,0.1327096537175704,0.8084361535388619,0,1,0.1294421997303685,0,0.7043421730336995,-1.3371076133819246,False,False,False,False,False,True,0
0.2734778601179261,1.4358077008180852,-1.3894422528249364,0.7620773133318544,0.8084361535388619,0,1,0.0832903266051192,0,-1.4321861577055308,0.2544384192304595,False,True,False,True,False,False,0
0.2319669359423365,-1.9868000052820705,0.6927040471843343,-1.2184705569895626,0.8084361535388619,1,1,-0.7768046075273645,1,1.4165182832801098,-0.016746798616902,True,False,False,False,False,False,0
0.1178118944594652,-0.8459307699153518,-0.348369102820301,-1.2184705569895626,2.533559980775697,1,0,0.0163393013937269,0,-1.4321861577055308,-0.0123011393079289,True,False,True,False,False,False,0
-0.2765418852086357,-1.606510260159831,1.3867528138540912,-1.2184705569895626,0.8084361535388619,1,0,0.9848091766067272,0,-0.7200100474591208,-0.0345294358527946,True,False,False,False,True,False,0
0.4395215568202844,-0.0853512796708728,0.6927040471843343,0.7273033655077952,-0.9166876736979732,1,0,0.226891357191023,0,0.7043421730336995,-0.1101056441053379,True,False,True,False,True,False,0
1.3216286955515628,1.530880137098645,-1.736466636159815,0.9157299760402676,-0.9166876736979732,1,0,-1.3491809225132698,1,-0.7200100474591208,-0.9903461872820196,False,False,True,False,False,False,0
-2.1445334731101666,0.5801557742930463,1.7337771971889695,-1.2184705569895626,0.8084361535388619,0,1,-0.1643702734915209,0,-1.4321861577055308,0.8457111073238871,True,False,True,False,False,True,0
0.6263207156104375,0.2949384654513666,-1.3894422528249364,0.187982471368297,-0.9166876736979732,0,0,-0.1427045697573606,0,0.7043421730336995,1.4236468174903951,False,False,False,False,True,False,0
-1.252048603334991,0.4850833380124864,-0.6953934861551795,-1.2184705569895626,0.8084361535388619,1,1,-1.1477723427628377,0,1.4165182832801098,1.410309839563476,True,False,False,False,True,False,0
1.0414299573663333,0.4850833380124864,0.3456796638494558,0.1243764140247751,-0.9166876736979732,1,0,1.3612189396477647,0,-0.0078339372127105,-1.6394124463920985,True,False,True,False,False,True,0
0.5432988672592584,0.770300646854166,-0.0013447194854226,-1.2184705569895626,0.8084361535388619,1,1,0.7807887712430297,0,0.7043421730336995,-1.3282162947639784,True,False,False,True,False,False,0
0.1904560117667469,1.0555179556958456,1.0397284305192127,0.996490687838516,-0.9166876736979732,0,1,-1.691238623965169,0,-1.4321861577055308,-0.016746798616902,False,False,False,False,False,True,0
0.5121656741275662,-0.2754961522319926,1.0397284305192127,-1.2184705569895626,0.8084361535388619,1,0,1.1949888099260833,0,-0.7200100474591208,0.365579901954788,True,False,True,False,False,False,0
0.2527223980301313,0.8653730831347259,-1.3894422528249364,0.8895297529709394,0.8084361535388619,0,1,-1.5001069572988044,0,1.4165182832801098,-0.7502805845974702,True,False,True,False,False,False,0
-1.843579272837142,-0.1804237159514327,-0.6953934861551795,0.3575130722305865,-0.9166876736979732,0,0,-0.4300219045532921,0,0.7043421730336995,1.6237014863941868,True,False,False,False,False,False,0
0.8442530675322827,0.009721156609687,-1.3894422528249364,-1.2184705569895626,0.8084361535388619,1,1,0.7199823691842401,0,1.4165182832801098,-1.0659223955345631,True,False,False,False,False,True,0
1.0206744952785385,0.3900109017319265,0.3456796638494558,0.6048979099714691,-0.9166876736979732,1,1,-0.4497389102796323,0,1.4165182832801098,-0.3590625654078338,True,False,False,False,False,True,0
2.058447599668278,2.956966681307043,-0.0013447194854226,-1.2184705569895626,-0.9166876736979732,1,1,-1.7339049912943112,0,-1.4321861577055308,-1.4393577774883068,False,False,True,False,False,False,0
-1.013360789325351,-1.226220515037591,1.0397284305192127,1.1693197126428438,-0.9166876736979732,1,1,1.3480746168969442,0,-1.4321861577055308,0.1077316620343458,True,False,True,False,False,True,0
-0.1727645747696618,-0.4656410247931123,-0.6953934861551795,0.9380880419649374,0.8084361535388619,1,1,-0.2896318442393746,0,0.7043421730336995,-1.6038471719203131,True,False,False,False,True,False,0
0.8650085296200775,-0.4656410247931123,-0.0013447194854226,-1.2184705569895626,0.8084361535388619,0,0,-0.5100532695687817,0,-1.4321861577055308,1.2947226975301742,True,False,True,False,True,False,0
-1.978489776407808,-0.3705685885125524,1.0397284305192127,-1.2184705569895626,-0.9166876736979732,1,0,0.5540203419186667,0,-0.0078339372127105,1.5836905526134284,False,False,True,False,False,True,0
1.2593623092881785,1.2456628282569653,-0.348369102820301,-1.2184705569895626,-0.9166876736979732,0,1,0.7594867966516572,0,0.7043421730336995,0.6278738011842032,True,False,False,False,False,True,0
-0.0586095332867904,-0.8459307699153518,-0.0013447194854226,-1.2184705569895626,0.8084361535388619,1,0,-1.5038769090211066,0,-0.0078339372127105,0.7968088549251826,False,False,False,False,False,False,0
-0.8161838994913002,-1.226220515037591,-0.348369102820301,0.8486926035420528,-0.9166876736979732,0,0,0.8586127245965561,1,0.7043421730336995,0.6056455046393375,False,False,False,False,True,False,0
1.1036963436297176,-0.3705685885125524,-0.0013447194854226,-1.2184705569895626,0.8084361535388619,1,0,-0.0942651324200404,0,1.4165182832801098,1.3969728616365564,True,False,True,False,False,True,0
0.5017879430836688,-1.1311480787570314,0.3456796638494558,0.9904547049157983,-0.9166876736979732,0,0,-1.5897415019240304,0,-1.4321861577055308,0.7745805583803169,False,False,False,True,False,False,0
2.058447599668278,-0.2754961522319926,-1.042417869490058,1.2661237561162604,0.8084361535388619,0,0,1.1994064151172588,0,-0.7200100474591208,-0.8347481114679598,False,False,True,False,False,False,0
0.9376526469273592,0.4850833380124864,1.0397284305192127,0.5095318134629304,-0.9166876736979732,0,1,-1.4440676325043265,1,-1.4321861577055308,0.3966995171176,False,True,False,False,False,False,0
-0.992605327237556,-0.2754961522319926,0.6927040471843343,1.2611846860825724,0.8084361535388619,1,1,-1.1890161327275983,0,-0.7200100474591208,-0.2345841047565859,True,False,False,True,False,False,0
0.6366984466543348,-1.226220515037591,-0.348369102820301,0.7485989421708099,0.8084361535388619,1,0,0.769375465387807,1,-1.4321861577055308,0.4544930881342508,False,False,True,False,True,False,0
0.7508534881372062,-1.0360756424764714,-0.0013447194854226,-1.2184705569895626,-0.9166876736979732,1,0,-0.7142376312334581,0,0.7043421730336995,0.4011451764265731,False,False,False,False,False,False,0
-0.6293847407011471,-1.1311480787570314,-0.0013447194854226,0.5077169678057775,-0.9166876736979732,0,1,1.0792000187606758,1,-0.7200100474591208,0.8234828107790214,False,False,True,False,False,True,0
0.3357442463813104,-0.4656410247931123,0.3456796638494558,-1.2184705569895626,0.8084361535388619,1,1,0.5302400713419734,0,-0.0078339372127105,-1.0436940989896974,False,False,False,False,False,True,0
-1.0029830582814532,0.2949384654513666,0.3456796638494558,0.4963784653882572,-0.9166876736979732,1,1,-1.0280190430344116,1,0.7043421730336995,0.965743908666162,True,True,False,False,True,False,0
0.0763009702838756,1.4358077008180852,1.0397284305192127,0.917980160501284,-0.9166876736979732,1,0,-0.7588149674958576,0,0.7043421730336995,-1.1681725596409454,True,False,False,False,False,False,0
-1.999245238495603,-1.226220515037591,-0.348369102820301,1.1812511020006762,-0.9166876736979732,0,0,-0.8765510657354607,0,-1.4321861577055308,1.1791355554968723,True,False,False,False,False,False,0
0.4602770189080792,1.1505903919764056,-0.0013447194854226,-1.2184705569895626,0.8084361535388619,1,0,-0.7895088736527576,0,0.7043421730336995,-0.4346387736603772,False,False,True,False,False,True,0
-0.1935200368574565,-0.8459307699153518,-1.042417869490058,0.5393250626806632,0.8084361535388619,1,1,0.6829748414393699,0,-0.7200100474591208,0.7612435804533975,True,True,False,False,True,False,0
1.1244518057175124,-0.0853512796708728,0.3456796638494558,1.3895391848687595,-0.9166876736979732,1,0,-0.1622616181168919,1,-0.7200100474591208,-0.3501712467898875,True,False,False,True,False,False,0
1.6640938200001767,-0.6557858973542321,-0.0013447194854226,0.9118071235086485,0.8084361535388619,1,0,-0.1920422024826533,0,-0.7200100474591208,-1.6305211277741518,True,False,False,False,False,True,0
-0.5878738165255575,-0.8459307699153518,1.3867528138540912,0.873879330977523,0.8084361535388619,1,1,-0.7401229059840161,0,-0.7200100474591208,0.112177321343319,True,True,False,False,False,False,0
0.1178118944594652,-1.606510260159831,0.3456796638494558,-1.2184705569895626,0.8084361535388619,0,1,0.5458694708795331,0,0.7043421730336995,-0.5813455308564909,True,False,False,False,True,False,0
-0.152009112681867,2.291459627343124,-0.0013447194854226,-1.2184705569895626,-0.9166876736979732,1,0,-1.257725993507077,1,-1.4321861577055308,-1.5771732160664742,False,False,False,False,True,False,0
-1.947356583276116,-0.1804237159514327,-0.348369102820301,1.2791501370443854,-0.9166876736979732,0,0,0.7516979160882805,0,0.7043421730336995,0.7345696245995587,True,True,False,False,True,False,0
-1.127515830808222,0.2949384654513666,0.6927040471843343,-1.2184705569895626,-0.9166876736979732,1,1,-0.761202678928887,0,1.4165182832801098,0.4856127032970628,True,False,False,False,False,True,0
-1.553002803608015,-0.6557858973542321,-1.3894422528249364,1.5568876479753069,-0.9166876736979732,0,1,0.3882906005683718,0,-1.4321861577055308,-0.7680632218333627,False,True,False,False,True,False,0
0.1800782807228495,1.0555179556958456,-0.348369102820301,1.1785924771981156,2.533559980775697,1,1,0.4249498733070264,1,0.7043421730336995,-1.2348574492755424,True,False,False,False,True,False,0
0.325366515337413,-0.2754961522319926,-0.0013447194854226,0.6284071660394943,-0.9166876736979732,1,1,0.3803268101017239,0,1.4165182832801098,-0.9281069569563958,True,False,False,False,False,False,0
-1.0548717135009402,-1.606510260159831,0.6927040471843343,1.00860764456438,-0.9166876736979732,1,0,0.5122052259676728,0,0.7043421730336995,1.637038464321106,False,False,False,False,False,False,0
2.058447599668278,0.3900109017319265,-1.042417869490058,0.7910818612079784,-0.9166876736979732,1,1,-0.371156550367388,0,1.4165182832801098,-0.808074155614121,False,False,True,True,False,False,0
1.1452072678053071,1.3407352645375252,-1.3894422528249364,0.4229820081996905,-0.9166876736979732,1,1,1.212965583821564,0,-0.7200100474591208,1.1969181927327652,True,False,False,False,False,True,0
0.958408109015154,0.4850833380124864,-0.0013447194854226,0.713330254771929,-0.9166876736979732,1,0,-0.3154025408326207,0,0.7043421730336995,0.8145914921610752,True,False,True,False,False,False,0
1.1244518057175124,0.009721156609687,0.3456796638494558,1.6408593637130524,-0.9166876736979732,1,0,-0.5789759431927972,1,-0.0078339372127105,0.8145914921610752,True,False,False,False,False,False,0
-0.4114523887793018,-1.226220515037591,-0.348369102820301,-1.2184705569895626,0.8084361535388619,1,1,1.3796227301659445,0,-0.7200100474591208,-0.4035191584975652,False,False,True,True,False,False,0
0.3668774395130026,-0.5607134610736721,1.3867528138540912,0.958421998599998,0.8084361535388619,1,0,0.3706259174048716,0,-1.4321861577055308,-0.5057693226039475,True,True,False,False,True,False,0
-1.075627175588735,-0.5607134610736721,-1.3894422528249364,0.064135066119724,0.8084361535388619,0,1,-0.3161873751302027,0,-0.0078339372127105,-0.3679538840257801,False,False,False,True,False,False,0
-1.1067603687204273,-0.1804237159514327,1.3867528138540912,0.315848634975453,0.8084361535388619,0,1,0.0783372119685402,0,1.4165182832801098,-0.8925416824846106,True,True,False,True,False,False,0
-0.3803191956476097,1.1505903919764056,0.3456796638494558,0.0915244253774662,-0.9166876736979732,1,1,1.1947787789487951,0,-0.0078339372127105,-0.6791500356539,True,False,True,False,False,True,0
-1.2209154102032984,-1.1311480787570314,1.3867528138540912,-1.2184705569895626,0.8084361535388619,1,0,1.0590714705482092,0,-0.7200100474591208,1.4147554988724491,True,False,False,False,True,False,0
-0.4010746577354044,-0.4656410247931123,-0.6953934861551795,-1.2184705569895626,-0.9166876736979732,1,1,-1.0207117732384925,0,-0.7200100474591208,-0.5902368494744371,True,False,True,True,False,False,0
2.037692137580483,0.1047935928902469,-0.6953934861551795,0.5576278651907443,-0.9166876736979732,1,1,-1.2093202863101495,0,-0.0078339372127105,1.0546570948456246,True,False,True,True,False,False,0
0.481032480995874,0.770300646854166,-0.0013447194854226,1.283491676950813,0.8084361535388619,0,0,-1.727811311085703,0,-1.4321861577055308,0.1032860027253727,True,False,False,False,False,True,0
0.0659232392399782,-1.416365387598711,-1.042417869490058,-1.2184705569895626,0.8084361535388619,1,1,-0.2736105491531329,0,-0.0078339372127105,0.4055908357355463,False,False,False,False,True,False,0
0.0140345840204912,0.3900109017319265,0.3456796638494558,-1.2184705569895626,0.8084361535388619,1,1,-1.6187111719867515,0,1.4165182832801098,1.072439732081517,False,False,False,False,False,False,0
-0.0689872643306878,0.9604455194152858,1.0397284305192127,-1.2184705569895626,0.8084361535388619,1,0,1.0706939380472054,0,0.7043421730336995,-0.4613127295142161,True,False,True,False,False,False,0
1.923537096097612,-0.9410032061959116,1.3867528138540912,-1.2184705569895626,0.8084361535388619,1,1,-1.0182508639234775,0,0.7043421730336995,-1.0348027803717512,False,False,False,False,False,True,0
0.3876329016007974,-0.4656410247931123,-1.3894422528249364,1.4283424583044555,-0.9166876736979732,1,0,0.9573855292675548,0,-0.0078339372127105,-1.248194427202462,True,False,False,False,False,False,0
0.5121656741275662,0.1998660291708067,-1.042417869490058,-1.2184705569895626,-0.9166876736979732,1,0,-0.914095667726062,0,0.7043421730336995,1.3747445650916907,False,False,False,True,False,False,0
-0.4529633129548914,0.770300646854166,0.3456796638494558,-1.2184705569895626,-0.9166876736979732,1,1,0.4447732854556353,0,1.4165182832801098,0.525623637077821,False,False,False,False,False,True,0
1.425406005990537,-0.6557858973542321,0.6927040471843343,-0.1069313088531441,-0.9166876736979732,1,0,0.1228907284926215,0,-0.7200100474591208,0.2633297378484058,False,False,False,False,False,True,0
1.09331861258582,-0.7508583336347919,-1.3894422528249364,0.8200543871051494,2.533559980775697,1,0,1.0908228339930783,0,1.4165182832801098,1.2680487416763355,True,True,False,False,True,False,0
-1.013360789325351,0.4850833380124864,0.6927040471843343,0.1473352122746008,-0.9166876736979732,1,1,-0.7364084177399879,0,0.7043421730336995,1.2813857196032548,True,False,False,True,False,False,0
-0.9822275961936584,0.8653730831347259,1.7337771971889695,-1.2184705569895626,0.8084361535388619,1,1,1.4720109756341269,0,1.4165182832801098,1.4503207733442345,True,False,True,False,True,False,0
0.6159429845665401,-0.2754961522319926,1.0397284305192127,-1.2184705569895626,0.8084361535388619,1,0,-0.7862926873796797,0,-0.0078339372127105,-0.8747590452487181,True,False,True,True,False,False,0
0.3461219774252078,0.1047935928902469,0.6927040471843343,-1.2184705569895626,0.8084361535388619,1,0,0.0602848060572311,0,-0.7200100474591208,1.1168963251712487,False,False,False,False,True,False,0
0.8546307985761801,-0.1804237159514327,-1.736466636159815,1.227372038066678,-0.9166876736979732,1,1,-0.8943840518675165,0,0.7043421730336995,0.6945586908188004,False,False,True,False,False,False,0
-1.4907364173446307,2.006242318501444,0.6927040471843343,1.075296457821693,-0.9166876736979732,1,1,0.5064989207734674,0,-0.0078339372127105,0.5345149556957673,False,False,False,True,False,False,0
-1.013360789325351,0.4850833380124864,1.3867528138540912,0.95605717545433,0.8084361535388619,0,0,0.2548901555838955,0,0.7043421730336995,-0.5013236632949744,False,False,False,False,False,True,0
-0.8992057478424793,-0.0853512796708728,-0.0013447194854226,-1.2184705569895626,0.8084361535388619,0,1,-0.3442729330078986,0,1.4165182832801098,-0.7369436066705508,True,False,False,False,True,False,0
-1.5633805346519123,-0.4656410247931123,-0.6953934861551795,0.5066746523908624,-0.9166876736979732,1,0,-1.585350150605016,0,1.4165182832801098,-0.936998275574342,False,False,False,True,False,False,0
-1.2935595275105802,-0.3705685885125524,1.0397284305192127,-1.2184705569895626,-0.9166876736979732,1,0,-0.0417238318242899,1,0.7043421730336995,-1.4660317333421458,False,False,True,True,False,False,0
0.3564997084691052,-0.4656410247931123,1.3867528138540912,-1.2184705569895626,0.8084361535388619,1,0,0.4718483300551861,0,-0.0078339372127105,-1.1059333293153213,True,False,True,False,False,True,0
-0.6190070096572498,-0.0853512796708728,-1.736466636159815,-1.2184705569895626,-0.9166876736979732,1,0,-0.5988805510917319,1,-1.4321861577055308,-1.123715966551214,True,False,True,True,False,False,0
-0.7020288580084288,1.0555179556958456,-1.3894422528249364,-1.2184705569895626,-0.9166876736979732,0,1,0.9064794450140192,1,-0.7200100474591208,-1.408238162325495,False,False,True,False,False,True,0
-0.5671183544377627,-0.3705685885125524,1.3867528138540912,-1.2184705569895626,2.533559980775697,0,1,-0.4737850230452938,1,-0.0078339372127105,-0.0256381172348483,True,False,True,False,False,False,0
1.0518076884102303,0.770300646854166,-1.3894422528249364,0.8815444320794671,-0.9166876736979732,1,0,1.6867400051055723,0,-0.0078339372127105,-0.554671575002652,False,True,False,False,False,False,0
-0.0897427264184826,-0.4656410247931123,0.6927040471843343,-1.2184705569895626,0.8084361535388619,0,1,-0.0022108848884233,0,1.4165182832801098,-0.3857365212616727,True,False,False,False,False,False,0
-1.4492254931690411,1.1505903919764056,0.3456796638494558,1.1023753639934872,-0.9166876736979732,1,1,1.1232463661119514,0,-0.7200100474591208,-1.190400856185811,True,False,False,False,True,False,0
0.2008337428106443,-0.0853512796708728,0.3456796638494558,0.8970569994534914,-0.9166876736979732,0,1,-0.4235799693384687,0,-1.4321861577055308,-0.0612033917066334,False,False,False,False,False,True,0
0.9895413021468462,1.8160974459403243,0.6927040471843343,0.6438247882459236,-0.9166876736979732,1,1,1.5694088424173809,1,-0.0078339372127105,1.0546570948456246,True,True,False,False,True,False,0
-2.154911204154064,0.1047935928902469,-0.0013447194854226,0.1320575261161956,-0.9166876736979732,1,0,0.7546592137746824,0,-0.7200100474591208,-0.1189969627232842,False,False,False,True,False,False,0
-0.3906969266915071,0.3900109017319265,0.3456796638494558,-1.2184705569895626,0.8084361535388619,1,1,0.1497034082372651,0,-1.4321861577055308,-1.283759701674247,False,False,False,False,True,False,0
0.2942333222057209,-1.321292951318151,-0.348369102820301,0.763954121518281,-0.9166876736979732,1,1,-0.1785426700574948,0,-0.7200100474591208,-0.270149379228371,False,False,False,True,False,False,0
-1.0444939824570427,-0.7508583336347919,-1.3894422528249364,-1.2184705569895626,0.8084361535388619,1,1,1.472201533540673,0,0.7043421730336995,-1.474923051960092,True,False,False,False,False,True,0
0.3149887842935157,-0.2754961522319926,-0.0013447194854226,-1.2184705569895626,0.8084361535388619,1,1,0.82286277471487,0,1.4165182832801098,0.0943946841074264,True,False,True,True,False,False,0
-0.1104981885062774,1.1505903919764056,-1.042417869490058,0.6597256221147513,4.258683808012532,1,1,-1.278243133800868,1,0.7043421730336995,-1.3637815692357635,False,True,False,False,False,False,0
-1.0548717135009402,-0.5607134610736721,-0.348369102820301,0.6772451670196457,-0.9166876736979732,0,1,-1.5027585983870684,1,-0.0078339372127105,-1.0881506920794288,True,True,False,False,True,False,0
0.2319669359423365,-1.0360756424764714,-0.6953934861551795,-1.2184705569895626,-0.9166876736979732,1,0,-0.8501090698017264,0,1.4165182832801098,-0.8792047045576913,False,False,False,False,True,False,0
-0.836939361579095,-0.6557858973542321,-0.0013447194854226,0.8846409574442077,-0.9166876736979732,1,0,0.4316282672380023,0,-1.4321861577055308,0.0010358386189905,True,False,False,False,True,False,0
1.2904955024198703,-0.9410032061959116,0.6927040471843343,1.6342240894542326,0.8084361535388619,1,1,0.2675325251630014,0,1.4165182832801098,1.6459297829390525,False,False,False,False,False,False,0
-0.4010746577354044,0.3900109017319265,1.7337771971889695,0.7105605137024024,-0.9166876736979732,0,0,-0.0966048566430273,1,-1.4321861577055308,-1.21707481203965,False,True,False,False,False,False,0
1.1348295367614096,-0.7508583336347919,0.6927040471843343,-1.2184705569895626,2.533559980775697,1,1,1.1521605726963986,0,1.4165182832801098,0.650102097729069,True,False,False,True,False,False,0
2.058447599668278,2.5766769361848034,-1.736466636159815,0.816856352067128,-0.9166876736979732,0,1,0.3216247167499866,1,-1.4321861577055308,0.0454924317087219,False,True,False,False,True,False,0
-1.7709351555298602,-0.4656410247931123,-0.0013447194854226,-1.2184705569895626,0.8084361535388619,1,1,0.4315748901601651,0,0.7043421730336995,1.072439732081517,False,False,False,False,True,False,0
-1.252048603334991,-0.9410032061959116,-0.6953934861551795,0.616238013487937,-0.9166876736979732,0,0,-0.431985902830981,0,1.4165182832801098,-0.7902915183782284,True,False,False,False,False,False,0
-0.0170986091112009,1.0555179556958456,0.6927040471843343,0.8576387439120056,-0.9166876736979732,0,0,-1.015435962001047,0,1.4165182832801098,-0.5413345970757326,False,False,True,False,True,False,0
-1.9266011211883207,-0.9410032061959116,0.3456796638494558,-1.2184705569895626,0.8084361535388619,1,1,-1.6975305122152575,0,-0.7200100474591208,0.965743908666162,True,False,False,True,False,False,0
1.5603165095612028,0.1047935928902469,-0.0013447194854226,-1.2184705569895626,0.8084361535388619,1,1,1.2972612035961362,0,0.7043421730336995,-1.221520471348623,True,False,True,True,False,False,0
0.034790046108286,0.6752282105736062,0.6927040471843343,0.977358516073556,-0.9166876736979732,1,0,0.2558467701840939,1,0.7043421730336995,-0.0700947103245797,False,True,False,True,False,False,0
-0.10012045746238,-0.2754961522319926,0.3456796638494558,-1.2184705569895626,0.8084361535388619,1,1,-0.0433397489624662,0,0.7043421730336995,-1.4304664588703606,False,False,True,False,True,False,0
-1.708668769266476,-0.1804237159514327,0.3456796638494558,-1.2184705569895626,0.8084361535388619,1,1,0.4528553052803594,0,-0.7200100474591208,0.4189278136624657,True,False,False,False,False,True,0
-0.5982515475694549,-1.1311480787570314,-1.736466636159815,1.9363636292263844,-0.9166876736979732,0,0,0.895086655429756,0,-0.7200100474591208,0.3700255612637611,True,False,False,False,True,False,0
0.6574539087421296,0.1998660291708067,1.0397284305192127,-0.318415185220722,0.8084361535388619,0,0,-0.1295077392622178,1,0.7043421730336995,0.8145914921610752,False,False,False,True,False,False,0
-0.4840965060865836,-1.8917275690015103,1.0397284305192127,1.441487640774496,-0.9166876736979732,1,1,0.1315075622959374,0,1.4165182832801098,1.1702442368789263,True,True,False,False,False,False,0
-1.127515830808222,0.2949384654513666,-0.348369102820301,0.2199360833960839,2.533559980775697,1,0,-0.2511982617960625,1,-0.0078339372127105,0.2366557819945669,True,False,False,False,False,False,0
0.9376526469273592,-0.5607134610736721,-1.736466636159815,1.6900299129446297,-0.9166876736979732,1,1,0.1258207301724738,0,-1.4321861577055308,-1.4171294809434412,True,True,False,False,False,True,0
-0.2557864231208409,-1.1311480787570314,-1.042417869490058,-1.2184705569895626,0.8084361535388619,1,0,0.4350096268789805,0,-0.0078339372127105,-0.9103243197205032,False,False,False,False,False,False,0
0.4914102120397713,1.3407352645375252,-0.348369102820301,-1.2184705569895626,0.8084361535388619,0,1,0.1891094271507539,0,-1.4321861577055308,-0.4168561364244846,True,False,False,False,True,False,0
-0.3699414646037122,-0.2754961522319926,0.3456796638494558,0.8999708394283059,-0.9166876736979732,0,0,-1.4773184223963265,0,-0.7200100474591208,-1.506042667122904,False,False,True,False,False,True,0
0.2942333222057209,-0.7508583336347919,-1.3894422528249364,-1.2184705569895626,0.8084361535388619,1,1,-1.6914290080050125,0,-0.7200100474591208,-0.7324979473615776,True,False,False,True,False,False,0
-0.152009112681867,-0.2754961522319926,1.3867528138540912,1.4544021048861808,-0.9166876736979732,1,1,-0.4855493657739814,0,-1.4321861577055308,-0.6791500356539,False,False,False,False,True,False,0
-1.677535576134784,0.8653730831347259,1.0397284305192127,1.2698463111695293,-0.9166876736979732,1,0,1.5211599629866066,0,-0.0078339372127105,-1.2793140423652738,False,False,True,True,False,False,0
-2.237933052505243,0.3900109017319265,-0.0013447194854226,-1.2184705569895626,0.8084361535388619,1,1,-1.125680144006088,0,1.4165182832801098,-0.2212471268296665,True,False,True,False,False,False,0
1.9961812134048933,0.1047935928902469,0.6927040471843343,0.5963453197228469,-0.9166876736979732,1,0,-1.191456004171544,1,0.7043421730336995,-1.248194427202462,True,False,False,False,False,True,0
-1.4803586863007334,-0.0853512796708728,-1.042417869490058,-1.2184705569895626,-0.9166876736979732,0,0,1.1827948425741512,0,-0.7200100474591208,-0.6969326728897925,True,False,True,True,False,False,0
0.3461219774252078,-0.0853512796708728,-0.348369102820301,0.5715270051552291,0.8084361535388619,1,1,0.0304852702208369,0,-0.7200100474591208,-0.8480850893948793,True,True,False,False,False,True,0
-1.5841359967397073,0.2949384654513666,-1.736466636159815,1.1381524003082444,-0.9166876736979732,1,1,-1.487644365890655,1,1.4165182832801098,0.2455471006125132,False,False,True,False,False,True,0
0.6159429845665401,-0.9410032061959116,-0.6953934861551795,0.8658635892060453,0.8084361535388619,1,0,-1.1930707042427988,0,1.4165182832801098,0.4989496812239822,False,False,False,False,False,True,0
-0.048231802242893,-0.6557858973542321,1.3867528138540912,0.0777528929991082,-0.9166876736979732,1,1,0.4895989033699947,0,0.7043421730336995,-0.2968233350822098,True,False,True,True,False,False,0
-2.134155742066269,-1.321292951318151,-0.6953934861551795,0.9622707202503412,-0.9166876736979732,1,0,1.3268154135145225,0,0.7043421730336995,0.0143728165459099,True,True,False,True,False,False,0
0.086678701327773,-1.226220515037591,-0.348369102820301,0.6231416319303821,-0.9166876736979732,0,1,1.0781780302801292,0,-1.4321861577055308,-0.1501165778860962,True,True,False,True,False,False,0
0.771608950225001,-0.7508583336347919,1.3867528138540912,-1.2184705569895626,0.8084361535388619,1,1,0.0988607853303441,0,-0.0078339372127105,0.0766120468715338,True,False,False,True,False,False,0
0.6782093708299244,-1.606510260159831,-0.0013447194854226,0.582206335136005,-0.9166876736979732,1,1,-0.1295922384799017,0,-0.0078339372127105,-1.5860645346844204,False,False,False,False,False,False,0
1.3942728128588446,-0.1804237159514327,0.6927040471843343,1.4376920756092146,0.8084361535388619,1,1,-0.5816468834851004,0,-1.4321861577055308,-0.1723448744309619,True,False,False,True,False,False,0
-0.3906969266915071,0.9604455194152858,-1.3894422528249364,-1.2184705569895626,0.8084361535388619,1,0,1.599734498897214,0,-1.4321861577055308,-0.7013783321987657,True,False,False,False,False,False,0
-1.6464023830030916,1.4358077008180852,-0.6953934861551795,1.4686839074991525,0.8084361535388619,1,0,0.8646158202528738,1,1.4165182832801098,-0.0700947103245797,True,False,False,False,True,False,0
1.165962729893102,-0.9410032061959116,-0.0013447194854226,-1.2184705569895626,0.8084361535388619,1,0,-0.6009356555218205,0,0.7043421730336995,-1.474923051960092,True,False,True,False,False,False,0
0.1904560117667469,-0.1804237159514327,-0.348369102820301,1.5123303451415728,0.8084361535388619,1,0,1.7007917381796278,0,1.4165182832801098,0.5434062743137136,True,False,False,True,False,False,0
0.4498992878641817,-0.2754961522319926,-1.042417869490058,-1.2184705569895626,0.8084361535388619,0,1,1.1704402223885984,0,-0.0078339372127105,-0.6391391018731417,False,False,False,False,False,True,0
0.8961417227517697,-0.1804237159514327,0.6927040471843343,1.0382931398229367,0.8084361535388619,1,0,1.6500417862254342,0,1.4165182832801098,1.1480159403340606,True,True,False,False,False,True,0
1.2904955024198703,0.3900109017319265,-0.348369102820301,-1.2184705569895626,0.8084361535388619,0,1,1.0728655331683394,0,-1.4321861577055308,-1.6838690394818296,False,False,False,False,False,False,0
-0.836939361579095,0.1998660291708067,1.0397284305192127,-1.2184705569895626,-0.9166876736979732,1,1,-0.6380059491464929,0,0.7043421730336995,0.3300146274830028,True,False,False,False,False,True,0
-1.013360789325351,-0.4656410247931123,1.0397284305192127,-1.2184705569895626,-0.9166876736979732,0,1,0.1138781740731567,0,0.7043421730336995,-0.301268994391183,False,False,True,False,False,False,0
-0.7642952442718132,1.0555179556958456,-0.0013447194854226,1.2026366604245482,0.8084361535388619,1,0,1.2061673957321846,0,0.7043421730336995,0.0721663875625607,True,False,False,False,True,False,0
-0.6605179338328393,-0.4656410247931123,0.3456796638494558,0.7209767831260804,0.8084361535388619,1,0,-0.2429093405947049,0,-0.0078339372127105,-0.616910805328276,True,False,True,False,False,False,0
-0.0274763401550982,-0.1804237159514327,1.3867528138540912,0.1804877271943823,0.8084361535388619,1,1,-1.7418649566934918,0,-1.4321861577055308,-1.608292831229286,True,False,False,False,True,False,0
0.5744320603909505,-0.5607134610736721,-1.042417869490058,-1.2184705569895626,0.8084361535388619,0,0,0.5291747900523665,0,0.7043421730336995,1.7170603318826223,True,False,False,True,False,False,0
0.2112114738545417,0.1047935928902469,-0.348369102820301,0.2069218708199609,0.8084361535388619,1,0,1.5380405073193375,0,-1.4321861577055308,1.5481252781416432,True,True,False,True,False,False,0
-1.5945137277836046,0.2949384654513666,-0.6953934861551795,1.2158354797093347,-0.9166876736979732,1,1,-0.8169321732585241,1,-0.0078339372127105,0.8145914921610752,True,True,False,True,False,False,0
0.7612312191811036,0.3900109017319265,-1.042417869490058,1.4376885531915298,0.8084361535388619,1,0,0.5279328601924577,0,-0.7200100474591208,-0.3546169060988607,True,False,False,False,False,True,0
0.5121656741275662,0.2949384654513666,0.3456796638494558,0.1611615022369681,-0.9166876736979732,1,0,0.919947681432628,0,1.4165182832801098,1.5614622560685627,False,False,False,False,False,False,0
0.5640543293470531,-1.511437823879271,-0.0013447194854226,-1.2184705569895626,-0.9166876736979732,0,0,1.1074808289459008,1,-0.7200100474591208,0.0588294096356413,False,False,False,True,False,False,0
-0.3803191956476097,1.9111698822208845,-0.348369102820301,1.275498030344813,-0.9166876736979732,1,1,0.1711523001927181,0,-1.4321861577055308,-1.3371076133819246,True,False,True,False,False,False,0
-1.4077145689934516,0.770300646854166,1.3867528138540912,0.8357192189890947,-0.9166876736979732,0,0,0.8551265233336371,1,-1.4321861577055308,0.1032860027253727,False,True,False,False,False,True,0
-0.1935200368574565,-0.1804237159514327,0.6927040471843343,1.0478265632868846,-0.9166876736979732,1,1,0.4242142432864085,0,-0.0078339372127105,-0.3412799281719413,True,False,False,True,False,False,0
-2.5388872527782675,-0.1804237159514327,-1.3894422528249364,-1.2184705569895626,-0.9166876736979732,1,1,-0.891417538180023,1,-1.4321861577055308,1.303614016148121,True,False,True,True,False,False,0
0.8338753364883853,0.8653730831347259,-0.348369102820301,0.4300628682956398,-0.9166876736979732,1,0,0.3550629349478781,1,-0.0078339372127105,-1.4215751402524144,False,True,False,False,False,False,0
1.7990043235708428,-0.6557858973542321,-1.3894422528249364,-1.2184705569895626,0.8084361535388619,1,1,-0.999666425900826,0,-1.4321861577055308,-1.1014876700063485,False,False,True,False,True,False,0
2.058447599668278,-0.2754961522319926,0.6927040471843343,0.4274706890994065,-0.9166876736979732,1,1,-0.2273978226818152,0,-1.4321861577055308,-0.6035738274013566,True,True,False,False,False,False,0
0.3357442463813104,-0.3705685885125524,0.3456796638494558,0.9569665996565908,-0.9166876736979732,1,1,-0.2297105975658285,0,1.4165182832801098,-1.128161625860187,True,False,False,False,False,False,0
-0.6708956648767367,0.9604455194152858,0.6927040471843343,1.2695408214903192,0.8084361535388619,1,0,-1.5147804377029777,1,-1.4321861577055308,-1.283759701674247,False,True,False,False,False,False,0
1.61220516478069,0.3900109017319265,-1.736466636159815,-1.2184705569895626,0.8084361535388619,0,1,-0.2592013461376003,0,1.4165182832801098,0.2366557819945669,False,False,True,False,True,False,0
-1.3246927206422725,-1.606510260159831,1.3867528138540912,-1.2184705569895626,0.8084361535388619,1,0,-0.4525046079250994,0,1.4165182832801098,1.7126146725736495,True,False,False,False,False,True,0
0.2319669359423365,-1.226220515037591,0.3456796638494558,1.4434838909424166,-0.9166876736979732,1,1,0.8508709619097072,0,-1.4321861577055308,1.1702442368789263,True,False,False,False,True,False,0
-0.3595637335598148,-1.416365387598711,-0.348369102820301,0.9797612852642832,0.8084361535388619,1,1,-0.1605862385662714,0,-1.4321861577055308,-0.0389750951617677,False,False,False,False,True,False,0
-0.3699414646037122,-0.7508583336347919,0.6927040471843343,0.0090233190231302,0.8084361535388619,1,1,1.1019287435173033,0,-0.0078339372127105,-0.616910805328276,True,False,True,True,False,False,0
0.5121656741275662,-0.1804237159514327,1.0397284305192127,0.8644230804828513,-0.9166876736979732,1,1,0.3407787420918405,0,-1.4321861577055308,1.312505334766067,True,False,False,False,True,False,0
0.6055652535226427,-1.606510260159831,1.0397284305192127,-1.2184705569895626,0.8084361535388619,0,0,-0.0136702654199557,0,0.7043421730336995,-1.4126838216344682,True,False,True,False,False,True,0
0.2734778601179261,-0.4656410247931123,0.3456796638494558,-1.2184705569895626,0.8084361535388619,1,1,0.4200889080230655,0,-0.7200100474591208,-0.4035191584975652,False,False,False,True,False,False,0
1.923537096097612,-1.226220515037591,-0.348369102820301,0.2209212395785683,0.8084361535388619,1,0,1.3047955433062428,0,-0.7200100474591208,-1.5193796450498234,True,False,False,False,False,False,0
0.325366515337413,-1.226220515037591,0.6927040471843343,-1.2184705569895626,0.8084361535388619,1,0,-0.2401363405477096,0,0.7043421730336995,0.3566885833368417,False,False,False,False,False,False,0
-0.2454086920769435,0.009721156609687,1.0397284305192127,0.5035646777949614,-0.9166876736979732,1,0,0.2971750593665389,0,0.7043421730336995,-1.5593905788305815,False,False,True,False,False,False,0
1.4357837370344342,-0.7508583336347919,-1.042417869490058,1.2038346026571745,-0.9166876736979732,1,1,1.2519416303784023,0,-1.4321861577055308,0.8145914921610752,False,False,False,False,False,False,0
-0.3906969266915071,0.009721156609687,-0.6953934861551795,1.2138377885523608,-0.9166876736979732,0,0,-0.7645238806906091,0,0.7043421730336995,-1.3949011843985757,True,False,True,False,True,False,0
0.481032480995874,0.1047935928902469,1.0397284305192127,1.1956200043963996,-0.9166876736979732,1,0,0.2486525137451593,0,-0.0078339372127105,1.663712420174945,False,True,False,True,False,False,0
-0.733162051140121,1.4358077008180852,-1.042417869490058,1.2233492769607262,-0.9166876736979732,1,0,1.5155385047434915,1,-1.4321861577055308,0.7834718769982632,False,True,False,False,False,True,0
-1.2105376791594011,1.0555179556958456,-1.3894422528249364,1.027752465011026,2.533559980775697,0,0,-0.5372493253936577,1,-0.7200100474591208,-1.2970966796011665,False,False,True,True,False,False,0
-1.2001599481155036,0.4850833380124864,-0.348369102820301,0.7332501672191294,-0.9166876736979732,0,0,0.5316129228292812,0,-0.7200100474591208,0.6945586908188004,False,True,False,True,False,False,0
-1.1794044860277089,0.009721156609687,-1.042417869490058,0.7472546594943691,0.8084361535388619,1,1,-0.7296178797855427,0,1.4165182832801098,-0.8347481114679598,True,False,True,False,True,False,0
-1.8020683486615523,0.3900109017319265,-1.3894422528249364,-1.2184705569895626,0.8084361535388619,1,1,1.6949419929554033,0,1.4165182832801098,-1.350444591308844,True,False,True,False,False,False,0
2.058447599668278,-0.3705685885125524,-1.042417869490058,0.0773268405691405,-0.9166876736979732,0,0,-1.526403948402192,1,-0.7200100474591208,1.6726037387928911,False,True,False,False,False,False,0
1.1452072678053071,-0.3705685885125524,-1.3894422528249364,0.6621564105370621,-0.9166876736979732,0,1,1.3549465244684185,1,0.7043421730336995,-1.7105429953356683,True,True,False,False,False,False,0
-2.2586885145930378,1.530880137098645,1.0397284305192127,0.5321577432415411,0.8084361535388619,1,0,-0.0699884724061306,1,-0.0078339372127105,0.0988403434163995,True,True,False,True,False,False,0
-0.9510944030619662,-1.0360756424764714,-1.3894422528249364,-1.2184705569895626,0.8084361535388619,1,1,0.3555475014492872,0,-0.0078339372127105,-0.6924870135808193,False,False,True,False,False,True,0
-0.1727645747696618,1.8160974459403243,-1.3894422528249364,-1.2184705569895626,-0.9166876736979732,1,1,-0.7219677448512026,1,-1.4321861577055308,-1.283759701674247,False,False,False,False,False,False,0
1.4772946612100235,-0.3705685885125524,0.3456796638494558,-1.2184705569895626,0.8084361535388619,1,1,-0.5511640515057069,0,-0.0078339372127105,1.4547664326532073,True,False,False,True,False,False,0
0.7093425639616167,0.5801557742930463,-1.3894422528249364,0.4287784667198409,0.8084361535388619,1,1,-1.1266238924702603,1,-0.0078339372127105,-1.7238799732625878,False,False,False,False,False,False,0
0.771608950225001,0.4850833380124864,-1.042417869490058,-1.2184705569895626,0.8084361535388619,1,1,-1.2813529136516772,0,-0.0078339372127105,0.2144274854497012,False,False,False,False,False,True,0
-0.152009112681867,0.3900109017319265,-1.3894422528249364,0.9533447537271288,0.8084361535388619,0,1,0.0165446379700326,1,1.4165182832801098,0.9612982493571888,True,True,False,True,False,False,0
-0.2557864231208409,0.1047935928902469,1.7337771971889695,-1.2184705569895626,0.8084361535388619,1,1,1.640625861054886,0,1.4165182832801098,-0.2745950385373442,True,False,True,True,False,False,0
-0.9822275961936584,-0.6557858973542321,0.3456796638494558,1.7385416099592512,0.8084361535388619,1,0,-1.4861230322389396,0,-0.0078339372127105,-1.3682272285447366,False,False,False,True,False,False,0
-1.2728040654227857,-0.7508583336347919,0.3456796638494558,-1.2184705569895626,-0.9166876736979732,1,0,-1.56141652959623,0,0.7043421730336995,-0.5146606412218937,True,False,True,False,False,False,0
0.0659232392399782,-0.9410032061959116,1.0397284305192127,-1.2184705569895626,0.8084361535388619,0,1,0.5221182360422499,0,1.4165182832801098,0.3878081984996537,False,False,False,False,False,False,0
-0.4737187750426862,-0.5607134610736721,1.0397284305192127,-1.2184705569895626,0.8084361535388619,1,1,-0.647732052515288,0,-0.7200100474591208,0.1477425958151041,True,False,True,False,False,False,0
-1.3350704516861698,0.5801557742930463,-0.0013447194854226,-1.2184705569895626,0.8084361535388619,1,1,0.3650663557080428,0,-0.7200100474591208,-0.9814548686640736,True,False,False,False,False,True,0
1.5291833164295108,-0.0853512796708728,-1.042417869490058,-1.2184705569895626,0.8084361535388619,1,1,-0.7151824228978492,0,-1.4321861577055308,0.7701348990713438,True,False,True,False,False,False,0
0.325366515337413,-1.416365387598711,1.0397284305192127,0.3596862438322219,-0.9166876736979732,1,0,1.5223024410923691,0,-1.4321861577055308,1.6903863760287838,False,False,True,False,False,True,0
-0.1416313816379696,-0.6557858973542321,-1.736466636159815,-1.2184705569895626,0.8084361535388619,1,0,1.0379616186637095,0,-0.7200100474591208,-0.3412799281719413,False,False,False,False,False,True,0
-0.2972973472964305,-1.1311480787570314,-0.348369102820301,0.7110107427264794,-0.9166876736979732,0,0,0.7257048439818296,0,-0.7200100474591208,-0.8836503638666644,True,False,False,True,False,False,0
-0.0067208780673035,-0.1804237159514327,1.3867528138540912,0.6140445079296667,-0.9166876736979732,0,1,1.3107744714908358,0,0.7043421730336995,-0.90587866041153,True,True,False,False,False,True,0
0.2838555911618235,-0.1804237159514327,1.0397284305192127,0.0203616613307555,0.8084361535388619,0,1,1.2942950376420488,0,-0.7200100474591208,0.5033953405329553,False,True,False,True,False,False,0
0.5744320603909505,-0.5607134610736721,1.0397284305192127,0.9698877883838556,-0.9166876736979732,1,0,-0.8022326128488926,0,0.7043421730336995,1.0457657762276784,True,False,False,False,False,True,0
0.8027421433566931,0.009721156609687,-0.348369102820301,0.7253378564396693,-0.9166876736979732,1,1,1.029062773068042,0,-0.0078339372127105,0.8457111073238871,True,False,False,True,False,False,0
0.9895413021468462,0.2949384654513666,-0.348369102820301,0.0658407168286476,-0.9166876736979732,1,0,0.2575082403984703,1,1.4165182832801098,-0.9770092093551004,True,False,False,False,False,True,0
-0.6708956648767367,-0.2754961522319926,-1.3894422528249364,0.9429728347443,0.8084361535388619,1,0,-0.9691888099225244,0,-1.4321861577055308,0.303340671629164,False,False,False,False,True,False,0
0.2112114738545417,-1.7015826964403906,-0.6953934861551795,1.4374125237329562,0.8084361535388619,1,1,1.114587804299903,0,-0.7200100474591208,-0.8658677266307718,False,True,False,False,False,False,0
-0.0274763401550982,1.2456628282569653,1.0397284305192127,-0.4321108225917675,-0.9166876736979732,1,0,-1.0183870015519685,0,-1.4321861577055308,0.2944493530112178,False,False,False,False,False,True,0
-0.5152296992182758,0.2949384654513666,-1.3894422528249364,1.005650735027874,-0.9166876736979732,1,1,0.6791835041125922,0,-1.4321861577055308,0.6767760535829078,False,False,True,True,False,False,0
2.006558944448791,0.1998660291708067,-1.042417869490058,0.0901674940193391,0.8084361535388619,0,0,1.7270179655348732,0,-1.4321861577055308,-1.1014876700063485,False,True,False,False,False,False,0
0.2734778601179261,-0.2754961522319926,0.3456796638494558,0.6780015261625119,0.8084361535388619,1,0,-0.8216813422524217,0,-0.0078339372127105,0.685667372200854,True,True,False,True,False,False,0
1.3423841576393576,-1.7966551327209506,-1.736466636159815,0.7832729814205361,0.8084361535388619,1,1,0.1368358812777051,0,-0.0078339372127105,-1.3860098657806292,True,False,False,False,True,False,0
-0.3180528093842253,1.1505903919764056,-0.348369102820301,0.5423993327700315,-0.9166876736979732,0,0,1.344151140875846,1,-0.0078339372127105,-0.9770092093551004,True,True,False,False,False,True,0
0.4498992878641817,-0.4656410247931123,1.3867528138540912,-1.2184705569895626,0.8084361535388619,1,1,-0.5725286181101792,0,-1.4321861577055308,0.7434609432175049,False,False,True,True,False,False,0
1.0310522263224358,-0.8459307699153518,0.3456796638494558,-1.2184705569895626,0.8084361535388619,1,0,-1.4720457407595355,0,-0.7200100474591208,0.1166229806522921,False,False,False,False,False,False,0
0.2838555911618235,-0.4656410247931123,0.6927040471843343,0.7198814713359983,-0.9166876736979732,1,0,-0.7553936185131771,0,-1.4321861577055308,-0.1901275116668545,False,True,False,True,False,False,0
-1.708668769266476,1.3407352645375252,1.7337771971889695,0.2153271599654,-0.9166876736979732,0,1,-0.1800292303685996,0,-0.0078339372127105,-0.1412252592681499,False,False,False,False,False,True,0
0.13856735654726,-0.9410032061959116,-1.3894422528249364,1.7080459586331875,0.8084361535388619,1,1,-0.6380628035583912,0,0.7043421730336995,1.4947773664339656,True,False,True,True,False,False,0
0.4083883636885922,-0.1804237159514327,1.3867528138540912,1.1736542077139016,-0.9166876736979732,1,1,0.7994444946139336,0,1.4165182832801098,-0.1990188302848008,True,False,False,False,False,False,0
0.3980106326446948,-0.6557858973542321,-1.042417869490058,-0.0002267099270852,-0.9166876736979732,0,1,0.8935248108362295,0,-1.4321861577055308,-1.3282162947639784,True,False,True,False,True,False,0
-1.2001599481155036,-1.511437823879271,0.3456796638494558,0.2604120249023824,0.8084361535388619,1,0,0.3517396467857195,0,-0.7200100474591208,0.5611889115496062,True,True,False,False,False,False,0
0.9791635711029488,-0.6557858973542321,-0.348369102820301,-1.2184705569895626,0.8084361535388619,1,1,-0.4785079381670304,0,-0.0078339372127105,-0.616910805328276,False,False,False,False,False,False,0
0.719720295005514,-0.1804237159514327,-0.6953934861551795,0.506243476444262,-0.9166876736979732,1,1,1.0112057933309644,0,-1.4321861577055308,-0.5724542122385445,True,True,False,False,True,False,0
0.6159429845665401,-1.7015826964403906,-1.736466636159815,0.1079491388219625,0.8084361535388619,0,1,-1.7216734687345197,0,-1.4321861577055308,-1.3193249761460322,False,False,False,False,False,True,0
-0.1416313816379696,-0.1804237159514327,0.6927040471843343,0.7751163429416659,0.8084361535388619,1,0,1.011549527802901,0,0.7043421730336995,0.4367104508983582,False,True,False,False,True,False,0
-0.3803191956476097,0.5801557742930463,-0.0013447194854226,-1.2184705569895626,0.8084361535388619,1,1,1.1206639239715026,0,0.7043421730336995,-0.3101603130091293,True,False,False,False,False,False,0
-0.0793649953745852,-0.8459307699153518,-0.0013447194854226,-0.4991147321219765,-0.9166876736979732,1,1,-1.5588858997332908,0,0.7043421730336995,-0.3501712467898875,True,False,False,False,True,False,0
0.086678701327773,-0.8459307699153518,0.6927040471843343,1.1239581778077088,-0.9166876736979732,0,0,-0.0623030425310707,0,-1.4321861577055308,1.5258969815967776,True,False,False,False,True,False,0
-0.8161838994913002,1.2456628282569653,1.0397284305192127,-1.2184705569895626,0.8084361535388619,0,1,1.352643833853182,0,-0.7200100474591208,-0.5591172343116252,True,False,False,False,False,True,0
-0.6501402027889419,-1.8917275690015103,1.3867528138540912,0.1183687705534307,-0.9166876736979732,1,1,0.740516026814821,1,0.7043421730336995,0.6234281418752301,False,True,False,True,False,False,0
-1.4077145689934516,1.0555179556958456,-0.0013447194854226,-1.2184705569895626,-0.9166876736979732,0,1,0.7948253779139195,1,1.4165182832801098,-0.4346387736603772,True,False,True,True,False,False,0
-1.2209154102032984,-0.3705685885125524,-1.042417869490058,0.0936578897251999,0.8084361535388619,1,0,0.2649248723506099,0,-0.7200100474591208,0.1299599585792115,True,False,False,False,False,False,0
0.3149887842935157,4.0027634803932015,0.3456796638494558,0.7353368794775917,-0.9166876736979732,1,1,-0.8632031450753648,0,0.7043421730336995,-0.3590625654078338,True,True,False,False,True,False,0
-0.0378540711989956,-0.6557858973542321,1.0397284305192127,1.2974801582365765,2.533559980775697,1,0,1.5745923304355052,1,1.4165182832801098,1.6770493981018644,False,True,False,False,True,False,0
1.6329606268684846,0.2949384654513666,0.3456796638494558,-0.1857947183984363,2.533559980775697,0,1,1.4258029435637911,1,1.4165182832801098,1.2280378078955771,False,True,False,False,True,False,0
0.5744320603909505,0.1047935928902469,-0.0013447194854226,-1.2184705569895626,0.8084361535388619,1,0,-1.032393877016636,0,-0.7200100474591208,0.6945586908188004,False,False,False,False,False,False,0
-1.023738520369248,-0.1804237159514327,-1.042417869490058,-1.2184705569895626,0.8084361535388619,1,0,-1.157152451392557,0,-1.4321861577055308,-0.6480304204910879,True,False,False,False,False,True,0
0.9168971848395644,0.4850833380124864,1.3867528138540912,-1.2184705569895626,-0.9166876736979732,0,1,-0.0678652122284452,1,-0.7200100474591208,0.4278191322804119,True,False,False,False,False,False,0
-0.494474237130481,-1.1311480787570314,1.3867528138540912,0.4042877369969109,-0.9166876736979732,0,0,-1.220178957382633,0,-0.7200100474591208,0.8546024259418334,True,False,True,False,False,False,0
-0.3388082714720201,-0.0853512796708728,1.7337771971889695,0.6973802671654089,-0.9166876736979732,1,1,-1.5958304877316558,0,-0.7200100474591208,-0.8658677266307718,False,False,True,False,False,True,0
-1.5945137277836046,0.6752282105736062,-1.3894422528249364,0.2522614705995132,-0.9166876736979732,1,0,0.0264884224510503,1,1.4165182832801098,0.2366557819945669,True,False,False,True,False,False,0
0.3046110532496183,-0.0853512796708728,-1.042417869490058,0.3796093584773172,0.8084361535388619,1,0,-1.3370312911706166,0,-1.4321861577055308,-0.1723448744309619,True,False,True,False,False,False,0
0.2423446669862339,1.7210250096597648,1.0397284305192127,-1.2184705569895626,0.8084361535388619,0,1,-0.0863769739692208,0,-0.0078339372127105,0.112177321343319,False,False,False,False,False,True,0
1.4461614680783317,-0.2754961522319926,0.3456796638494558,0.5614546517855046,-0.9166876736979732,1,1,1.5567784696407851,0,-1.4321861577055308,0.5967541860213913,True,False,False,False,False,False,0
0.9791635711029488,-0.2754961522319926,-1.042417869490058,-1.2184705569895626,0.8084361535388619,1,1,-1.460388673786632,0,1.4165182832801098,0.4945040219150091,True,False,True,False,False,False,0
-0.5878738165255575,0.009721156609687,0.6927040471843343,0.7182528334864563,-0.9166876736979732,0,0,-1.3409691981280685,0,-0.0078339372127105,-1.1014876700063485,False,False,False,False,False,False,0
-0.8161838994913002,-0.1804237159514327,0.3456796638494558,-1.2184705569895626,0.8084361535388619,1,0,1.6267678154880318,0,0.7043421730336995,-1.248194427202462,False,False,False,False,True,False,0
1.5810719716489976,1.530880137098645,0.6927040471843343,-1.2184705569895626,0.8084361535388619,1,1,0.3185465806391332,0,1.4165182832801098,1.3658532464737445,True,False,False,False,False,True,0
0.5640543293470531,-0.8459307699153518,0.3456796638494558,0.1842471075234469,0.8084361535388619,0,0,0.6475362868228516,1,0.7043421730336995,0.1610795737420235,True,False,True,False,False,True,0
-0.152009112681867,-0.5607134610736721,-0.0013447194854226,-1.2184705569895626,0.8084361535388619,1,0,0.6870495814921246,0,1.4165182832801098,-1.6260754684651788,True,False,False,False,False,True,0
0.8546307985761801,-0.1804237159514327,-1.042417869490058,0.8694412448045525,-0.9166876736979732,0,0,-1.145478171616051,0,-0.7200100474591208,-0.7680632218333627,False,False,True,False,False,False,0
-0.2765418852086357,0.009721156609687,-0.0013447194854226,-1.2184705569895626,-0.9166876736979732,1,0,-0.010960900586278,0,1.4165182832801098,-0.3857365212616727,True,False,False,True,False,False,0
0.8131198744005905,0.1998660291708067,-0.348369102820301,1.464095798354788,-0.9166876736979732,1,0,0.4836192797185896,0,-0.0078339372127105,-0.5902368494744371,False,False,False,False,False,False,0
-0.9614721341058636,0.6752282105736062,-0.0013447194854226,-1.2184705569895626,-0.9166876736979732,1,0,-1.3809395883596676,1,-1.4321861577055308,-0.5368889377667595,False,False,False,False,False,False,0
0.0140345840204912,-0.1804237159514327,-0.6953934861551795,0.7946583960372222,0.8084361535388619,1,0,0.5945163311935956,1,-1.4321861577055308,-0.968117890737154,False,True,False,False,False,False,0
-0.5256074302621732,-0.3705685885125524,1.0397284305192127,-0.07282293786162,-0.9166876736979732,1,0,1.3379592259800133,0,0.7043421730336995,-0.7058239915077388,True,True,False,False,False,False,0
0.3461219774252078,1.7210250096597648,0.6927040471843343,0.4125450845995878,-0.9166876736979732,0,1,0.2269424740017207,0,0.7043421730336995,1.352516268546825,True,True,False,False,False,False,0
-1.376581375861759,-1.7015826964403906,-1.3894422528249364,1.2104197625189337,2.533559980775697,1,1,1.2119794118818463,1,-1.4321861577055308,0.0721663875625607,False,True,False,False,False,True,0
-0.5048519681743784,0.3900109017319265,-0.0013447194854226,0.8281170410757929,-0.9166876736979732,1,1,-1.4074151405670912,0,-1.4321861577055308,0.4633844067521971,True,False,False,False,False,True,0
0.4498992878641817,0.6752282105736062,-0.348369102820301,-1.2184705569895626,0.8084361535388619,1,1,0.6451485753898224,0,-0.7200100474591208,-0.4790953667501086,True,False,False,False,True,False,0
-0.5774960854816601,0.009721156609687,1.7337771971889695,0.1672211814241107,-0.9166876736979732,0,1,0.5448580882678731,0,-0.0078339372127105,1.259157423058389,False,False,False,False,False,False,0
-0.3803191956476097,0.009721156609687,-0.0013447194854226,0.5938695404201071,0.8084361535388619,1,1,-0.8391683336454018,0,0.7043421730336995,0.0766120468715338,True,True,False,False,True,False,0
-0.1416313816379696,-0.4656410247931123,0.3456796638494558,0.6154805335758073,-0.9166876736979732,1,1,-0.0465267256294311,0,0.7043421730336995,0.0277097944728293,True,False,False,False,False,False,0
0.0451677771521834,0.1047935928902469,-1.042417869490058,-1.2184705569895626,0.8084361535388619,1,1,1.3930581057776763,0,-1.4321861577055308,-0.8792047045576913,True,False,False,False,False,True,0
-0.6812733959206341,1.1505903919764056,-1.042417869490058,0.9999091942016276,-0.9166876736979732,1,1,-0.1395292421595002,0,0.7043421730336995,1.001309183137947,True,False,False,False,False,False,0
2.058447599668278,4.0027634803932015,-1.3894422528249364,-1.2184705569895626,0.8084361535388619,1,1,-0.7104723739121384,0,-0.0078339372127105,1.2413747858224966,False,False,False,True,False,False,0
0.2215892048984391,1.1505903919764056,1.0397284305192127,0.0554175626794946,0.8084361535388619,1,1,1.2478347249855832,0,-0.0078339372127105,-0.8347481114679598,True,False,False,False,True,False,0
0.8027421433566931,-0.6557858973542321,1.3867528138540912,-1.2184705569895626,0.8084361535388619,0,0,0.8758039687276429,0,0.7043421730336995,-1.44380343679728,False,False,False,True,False,False,0
-0.3180528093842253,0.3900109017319265,1.0397284305192127,-1.2184705569895626,-0.9166876736979732,0,0,0.0412987359505267,0,-1.4321861577055308,-0.0745403696335528,False,False,True,False,False,False,0
1.778248861483048,0.6752282105736062,-0.6953934861551795,0.087653928781435,-0.9166876736979732,1,1,-1.2528893695615435,1,-1.4321861577055308,0.0632750689446144,False,False,True,False,False,True,0
-0.5774960854816601,2.671749372465364,0.3456796638494558,-1.2184705569895626,0.8084361535388619,1,1,0.6592929794166048,0,-0.0078339372127105,0.5345149556957673,True,False,True,False,True,False,0
-0.785050706359608,-1.8917275690015103,0.3456796638494558,-1.2184705569895626,0.8084361535388619,0,0,-0.4890039232969449,0,-0.7200100474591208,-0.0300837765438214,True,False,True,True,False,False,0
-0.9510944030619662,-0.0853512796708728,-0.0013447194854226,0.1218799805456109,-0.9166876736979732,1,1,-1.1681290040897103,0,0.7043421730336995,-1.4126838216344682,False,False,False,False,False,True,0
0.5017879430836688,0.1047935928902469,-0.348369102820301,1.1602992812817206,-0.9166876736979732,1,0,1.5542930451206396,1,-0.7200100474591208,-1.5149339857408504,False,True,False,False,False,True,0
1.5706942406051003,-0.5607134610736721,0.3456796638494558,-1.2184705569895626,0.8084361535388619,1,0,0.2650653566466769,0,0.7043421730336995,-0.8480850893948793,True,False,False,False,False,True,0
-0.0689872643306878,0.5801557742930463,0.3456796638494558,1.269919161171647,-0.9166876736979732,0,1,-1.6861952725097051,0,-0.0078339372127105,0.903504678340538,True,False,False,False,True,False,0
-0.494474237130481,0.009721156609687,0.6927040471843343,0.3593181511841588,-0.9166876736979732,1,1,-0.8363635159917477,0,-0.7200100474591208,0.272221056466352,False,False,True,False,True,False,0
0.1074341634155678,-0.4656410247931123,-1.042417869490058,-1.2184705569895626,0.8084361535388619,0,1,-1.372399777505804,0,0.7043421730336995,1.2680487416763355,True,False,False,True,False,False,0
-0.4322078508670966,0.5801557742930463,-1.3894422528249364,-1.2184705569895626,0.8084361535388619,1,1,1.7252127075570718,0,-0.0078339372127105,-0.1590078965040425,False,False,False,False,False,False,0
0.2838555911618235,0.770300646854166,1.7337771971889695,1.960448960695772,0.8084361535388619,1,0,1.5781468613127243,1,1.4165182832801098,0.3878081984996537,True,False,False,False,False,True,0
-0.8058061684474028,-0.4656410247931123,-0.0013447194854226,-1.2184705569895626,0.8084361535388619,0,0,-1.2546469880627082,0,1.4165182832801098,0.0855033654894801,True,False,True,False,False,False,0
-0.4737187750426862,-0.4656410247931123,-0.0013447194854226,-1.2184705569895626,-0.9166876736979732,1,0,1.0699779549640325,0,-1.4321861577055308,1.2636030823673623,True,False,False,False,False,True,0
2.058447599668278,-0.0853512796708728,0.6927040471843343,0.0671155118107605,-0.9166876736979732,0,0,0.454217203165375,0,-0.0078339372127105,0.0099271572369367,True,False,False,False,False,True,0
-0.3388082714720201,-0.7508583336347919,-1.042417869490058,-0.3199930682336237,0.8084361535388619,0,0,-1.708229052054229,0,-0.7200100474591208,1.6237014863941868,False,True,False,True,False,False,0
-2.497376328602678,-0.2754961522319926,1.7337771971889695,-1.2184705569895626,-0.9166876736979732,0,0,0.3523071477044851,0,-0.7200100474591208,-1.2348574492755424,False,False,False,False,True,False,0
-0.8473170926229924,-1.9868000052820705,-0.348369102820301,0.1067177336213306,-0.9166876736979732,1,0,-0.4975958941617243,0,1.4165182832801098,-0.4435300922783235,False,False,False,False,False,True,0
-0.0274763401550982,1.6259525733792048,1.0397284305192127,1.294842667940125,-0.9166876736979732,1,0,-0.1917059442789485,1,0.7043421730336995,1.4236468174903951,False,False,False,False,False,True,0
-1.5426250725641175,-0.0853512796708728,-1.3894422528249364,-1.2184705569895626,0.8084361535388619,1,1,-0.0917677110973845,0,-0.7200100474591208,-0.7725088811423358,True,False,False,False,False,False,0
1.010296764234641,-0.5607134610736721,-1.3894422528249364,-0.0274774140159615,-0.9166876736979732,1,0,-1.3955727316887323,0,-0.7200100474591208,0.303340671629164,False,False,False,False,False,False,0
-1.3350704516861698,0.009721156609687,-1.3894422528249364,1.085560622845345,-0.9166876736979732,1,1,0.3178363351571608,1,-1.4321861577055308,0.556743252240633,False,True,False,False,False,True,0
0.771608950225001,-0.3705685885125524,1.3867528138540912,-1.2184705569895626,0.8084361535388619,0,1,0.0021853346982762,0,-0.0078339372127105,0.685667372200854,False,False,True,False,True,False,0
0.927274915883462,-0.0853512796708728,-0.348369102820301,0.8311895499563191,-0.9166876736979732,1,0,-0.7300812345491794,0,-0.7200100474591208,0.8234828107790214,True,True,False,True,False,False,0
0.5744320603909505,1.2456628282569653,0.6927040471843343,-1.2184705569895626,-0.9166876736979732,1,0,0.1609576260591948,1,-1.4321861577055308,-0.3279429502450218,False,False,True,False,False,True,0
0.6574539087421296,-0.3705685885125524,-1.042417869490058,1.0391665392988754,-0.9166876736979732,1,1,-0.6958729607234656,0,-1.4321861577055308,0.2988950123201909,True,False,False,False,False,True,0
-1.158649023939914,0.009721156609687,-0.348369102820301,0.8193811249976657,-0.9166876736979732,1,1,-1.4653650865614205,0,-0.0078339372127105,-0.1545622371950694,True,True,False,False,False,False,0
0.6782093708299244,1.3407352645375252,0.3456796638494558,-1.2184705569895626,0.8084361535388619,0,1,-0.0489681618737039,0,-0.7200100474591208,-0.5768998715475178,True,False,False,False,False,False,0
-0.919961209930274,-1.606510260159831,-0.6953934861551795,0.9843700485850724,-0.9166876736979732,0,1,-1.6454647370523572,0,-0.7200100474591208,0.0943946841074264,True,False,False,False,False,True,0
2.058447599668278,-0.9410032061959116,-1.3894422528249364,-1.2184705569895626,0.8084361535388619,1,1,1.696336751647296,0,-0.0078339372127105,-0.3234972909360487,False,False,True,False,False,False,0
-0.9718498651497612,1.6259525733792048,0.6927040471843343,0.7226225527343623,0.8084361535388619,1,1,0.2750885982109899,0,0.7043421730336995,0.8634937445597797,False,False,False,True,False,False,0
1.09331861258582,-0.5607134610736721,-1.3894422528249364,0.7362898535712286,-0.9166876736979732,1,0,-1.005822350389127,0,-0.7200100474591208,-0.8347481114679598,True,True,False,False,False,False,0
0.5432988672592584,0.1047935928902469,0.3456796638494558,0.3098246602948426,-0.9166876736979732,0,1,1.3828185740347647,0,-1.4321861577055308,0.4189278136624657,False,False,False,False,True,False,0
2.058447599668278,1.530880137098645,1.7337771971889695,0.3584210554437947,-0.9166876736979732,1,0,0.9640609674645786,1,0.7043421730336995,0.9212873155764304,False,False,False,False,False,True,0
-0.4529633129548914,0.1998660291708067,-0.6953934861551795,0.2187373406139838,-0.9166876736979732,0,0,1.7190800812069795,1,-0.0078339372127105,0.1432969365061309,False,False,True,False,True,False,0
0.667831639786027,0.4850833380124864,0.3456796638494558,1.265072474547238,-0.9166876736979732,0,0,0.5814196479194114,0,1.4165182832801098,0.334460286791976,False,False,False,False,False,True,0
0.7612312191811036,-0.5607134610736721,-0.348369102820301,-1.2184705569895626,-0.9166876736979732,1,1,-0.5659620204692665,0,-0.0078339372127105,-0.714715310125685,False,False,False,False,False,False,0
0.7093425639616167,2.386532063623684,-0.6953934861551795,-0.4859232778923494,0.8084361535388619,1,0,-0.3617820054721665,1,0.7043421730336995,0.0054814979279636,True,False,True,False,False,True,0
-1.4596032242129386,0.1047935928902469,-1.3894422528249364,-1.2184705569895626,-0.9166876736979732,1,1,1.4550459320837126,0,-0.0078339372127105,-0.3234972909360487,False,False,True,False,True,False,0
1.2697400403320758,2.006242318501444,-0.0013447194854226,0.156738146174316,-0.9166876736979732,1,0,-0.4571965747736926,1,1.4165182832801098,-0.2968233350822098,True,False,False,True,False,False,0
0.086678701327773,-0.0853512796708728,-0.348369102820301,-1.2184705569895626,0.8084361535388619,0,0,-0.2147403266995435,0,-0.0078339372127105,-0.5191063005308669,True,False,False,True,False,False,0
1.830137516702535,-0.4656410247931123,1.3867528138540912,-1.2184705569895626,0.8084361535388619,1,1,-0.3229975600220929,0,1.4165182832801098,0.7078956687457197,True,False,True,False,False,True,0
0.9065194537956672,1.8160974459403243,-1.3894422528249364,0.5523090144866755,-0.9166876736979732,0,1,1.0378341743703718,1,-0.7200100474591208,0.996863523828974,True,True,False,False,True,False,0
0.2631001290740287,-0.2754961522319926,1.7337771971889695,-0.1168049658434663,-0.9166876736979732,1,0,-1.1710974303109374,0,-0.0078339372127105,0.7345696245995587,False,True,False,True,False,False,0
1.1970959230247942,-1.511437823879271,-1.042417869490058,1.0157480655411817,-0.9166876736979732,0,1,-1.258673393172014,0,-0.0078339372127105,-1.154835581714026,True,True,False,False,False,False,0
0.5848097914348479,-1.7015826964403906,1.0397284305192127,0.9265915110812848,0.8084361535388619,1,0,-0.8717189623242066,0,1.4165182832801098,1.565907915377536,True,True,False,True,False,False,0
-2.953996494534163,0.2949384654513666,0.3456796638494558,0.2802906289967333,-0.9166876736979732,1,0,1.1889951030717312,1,-0.0078339372127105,-0.0656490510156066,True,False,True,False,True,False,0
0.1904560117667469,-0.5607134610736721,0.6927040471843343,-1.2184705569895626,0.8084361535388619,1,1,-0.2128733460421583,0,-0.7200100474591208,-1.6260754684651788,False,False,False,False,False,False,0
-0.3803191956476097,-0.6557858973542321,-0.0013447194854226,0.9994010053956456,-0.9166876736979732,1,1,-0.7569146044314864,0,-0.0078339372127105,0.7567979211444243,True,False,True,False,False,True,0
0.2734778601179261,1.1505903919764056,-1.3894422528249364,1.1151476505186213,-0.9166876736979732,0,0,0.1614726192336383,1,0.7043421730336995,1.5570165967595897,False,True,False,False,False,False,0
-1.075627175588735,-0.6557858973542321,-1.042417869490058,0.3663977304009498,-0.9166876736979732,1,1,-0.7748180065782788,0,0.7043421730336995,-1.2970966796011665,True,True,False,False,False,False,0
-1.3039372585544775,-0.7508583336347919,-0.0013447194854226,1.111724180748772,-0.9166876736979732,1,0,0.5559100991141518,0,-0.7200100474591208,-0.3101603130091293,True,True,False,True,False,False,0
0.9065194537956672,-0.6557858973542321,-0.6953934861551795,0.4167040992259842,-0.9166876736979732,1,0,-0.6337427375876287,1,-0.7200100474591208,1.654821101556999,True,True,False,False,False,False,0
-0.5152296992182758,3.1471115538681627,-0.6953934861551795,-1.2184705569895626,0.8084361535388619,1,1,1.2314869082310076,0,-0.0078339372127105,-1.7238799732625878,False,False,False,False,True,False,0
0.4602770189080792,2.006242318501444,1.0397284305192127,0.2030941235658317,-0.9166876736979732,1,1,1.6765463741722677,0,-1.4321861577055308,0.0943946841074264,True,False,True,False,True,False,0
1.2801177713759733,0.8653730831347259,-0.348369102820301,1.6338057222992135,0.8084361535388619,0,0,-0.8739041190481789,1,1.4165182832801098,0.8368197887059409,True,False,True,False,False,False,0
0.4914102120397713,-0.7508583336347919,1.7337771971889695,0.7963180952063486,0.8084361535388619,1,0,1.54674201420704,0,-1.4321861577055308,-0.8792047045576913,False,True,False,False,False,False,0
-0.6605179338328393,-0.3705685885125524,-0.6953934861551795,0.4523783449883027,-0.9166876736979732,1,0,-0.1031458958785909,0,1.4165182832801098,1.2369291265135234,True,True,False,True,False,False,0
1.0414299573663333,-0.0853512796708728,-0.6953934861551795,1.713178281309856,-0.9166876736979732,1,1,-0.5020256700221133,0,-0.0078339372127105,1.0057548424469205,True,True,False,False,False,True,0
0.5744320603909505,1.7210250096597648,-1.3894422528249364,0.2553890572838381,-0.9166876736979732,1,1,1.1063686036464695,1,-0.0078339372127105,0.9835265459020543,False,False,False,False,False,False,0
0.0451677771521834,-0.0853512796708728,1.7337771971889695,-1.2184705569895626,-0.9166876736979732,1,1,0.6274941503618022,0,-1.4321861577055308,1.2769400602942818,True,False,False,False,False,True,0
0.7923644123127958,-0.0853512796708728,-1.3894422528249364,0.6377593451025693,-0.9166876736979732,1,1,0.6716081318605648,0,1.4165182832801098,0.2900036937022446,True,False,False,True,False,False,0
1.4461614680783317,-0.7508583336347919,1.7337771971889695,-0.0096530198714358,-0.9166876736979732,1,0,-1.3604573952731902,0,-0.7200100474591208,-1.350444591308844,False,False,False,True,False,False,0
-0.5671183544377627,0.009721156609687,1.0397284305192127,1.383829826131361,2.533559980775697,1,0,-1.119350874414843,1,-0.7200100474591208,0.4100364950445194,False,True,False,False,False,True,0
0.034790046108286,1.9111698822208845,0.6927040471843343,-1.2184705569895626,-0.9166876736979732,1,0,-0.1994737869712554,1,0.7043421730336995,0.4856127032970628,False,False,False,False,False,False,0
0.8234976054444879,-0.2754961522319926,0.3456796638494558,-1.2184705569895626,-0.9166876736979732,0,0,0.898839915948565,0,-1.4321861577055308,0.3611342426458148,False,False,False,False,True,False,0
-0.4114523887793018,0.770300646854166,0.3456796638494558,0.863356268254037,-0.9166876736979732,1,1,-0.9507219057911366,1,0.7043421730336995,0.4367104508983582,False,True,False,False,True,False,0
0.667831639786027,0.1998660291708067,1.0397284305192127,0.801244356448455,0.8084361535388619,1,1,0.6540848023266469,0,1.4165182832801098,1.7126146725736495,True,True,False,False,False,True,0
-0.5048519681743784,-1.226220515037591,-0.348369102820301,0.5293910442600147,-0.9166876736979732,1,1,-0.1319756032453547,0,-0.0078339372127105,1.223592148586604,True,True,False,False,True,False,0
0.532921136215361,-0.9410032061959116,-0.6953934861551795,0.7362251691737439,-0.9166876736979732,0,1,-0.3061307511589035,0,-0.7200100474591208,0.4678300660611702,False,True,False,False,True,False,0
-0.7954284374035054,-0.9410032061959116,-0.348369102820301,0.7320426183928171,0.8084361535388619,1,1,-0.8704187871187749,0,0.7043421730336995,-0.7636175625243896,True,False,False,False,True,False,0
-1.0860049066326325,-1.321292951318151,-0.348369102820301,0.3528730874803185,0.8084361535388619,1,1,-0.8366724771230732,0,-0.7200100474591208,1.0235374796828127,True,True,False,False,False,True,0
1.6744715510440742,-1.1311480787570314,0.3456796638494558,0.5643235008798905,-0.9166876736979732,1,0,-0.9390337166783864,0,-1.4321861577055308,0.9568525900482155,True,True,False,False,False,True,0
1.1970959230247942,0.2949384654513666,-1.042417869490058,0.9208600571784092,-0.9166876736979732,1,0,-1.2486322433372865,0,1.4165182832801098,-0.1012143254873917,False,False,False,False,True,False,0
-0.2350309610330461,-0.3705685885125524,1.0397284305192127,0.5800571800185844,-0.9166876736979732,1,1,-0.1639609912725335,0,-0.0078339372127105,-0.2256927861386396,True,True,False,True,False,False,0
1.4772946612100235,-1.606510260159831,-0.348369102820301,0.6138309213300512,-0.9166876736979732,1,1,0.1273013790156748,0,0.7043421730336995,-1.692760358099776,False,False,True,False,False,True,0
-0.3284305404281227,-0.1804237159514327,-1.736466636159815,0.5034943895511599,-0.9166876736979732,1,0,-0.5086531210090944,0,1.4165182832801098,-1.2793140423652738,True,False,False,True,False,False,0
-0.5774960854816601,-0.9410032061959116,-1.042417869490058,-1.2184705569895626,0.8084361535388619,1,1,-1.7185002275370955,0,-0.7200100474591208,-1.701651676717722,True,False,True,False,False,False,0
-0.8058061684474028,-0.5607134610736721,-0.6953934861551795,0.9325829834532584,-0.9166876736979732,1,0,-0.6479542541617899,0,0.7043421730336995,-0.047866413779714,False,False,False,False,False,False,0
-0.5048519681743784,0.5801557742930463,1.3867528138540912,-1.2184705569895626,-0.9166876736979732,0,0,0.8360467390739867,0,1.4165182832801098,-0.0612033917066334,True,False,False,False,True,False,0
-0.9303389409741716,-0.5607134610736721,0.3456796638494558,-1.2184705569895626,0.8084361535388619,1,0,0.1940189012448668,0,-0.0078339372127105,1.4503207733442345,True,False,False,False,False,False,0
-0.9095834788863768,-1.416365387598711,0.3456796638494558,1.1766476223064146,-0.9166876736979732,1,1,0.9274138653951376,0,-0.7200100474591208,-1.3593359099267903,False,False,True,True,False,False,0
-0.0378540711989956,-0.7508583336347919,-0.0013447194854226,-1.2184705569895626,0.8084361535388619,1,1,-1.655772076809459,0,-0.7200100474591208,1.6592667608659717,False,False,True,False,False,False,0
-0.2038977679013539,-0.1804237159514327,-1.3894422528249364,0.9943615464579408,-0.9166876736979732,1,0,-0.6894367631098428,1,-0.0078339372127105,-1.354890250617817,True,False,True,False,False,False,0
-0.0067208780673035,0.5801557742930463,1.0397284305192127,0.3173499854586573,-0.9166876736979732,1,0,-0.2720817392331864,1,-0.7200100474591208,-0.0700947103245797,False,False,True,True,False,False,0
-1.1482712928960168,0.1047935928902469,0.6927040471843343,0.3139430070079688,0.8084361535388619,1,0,-0.8931162158688527,0,-1.4321861577055308,1.0102005017558933,True,True,False,False,True,False,0
0.2527223980301313,-0.2754961522319926,-1.3894422528249364,0.1061104367904899,-0.9166876736979732,1,0,0.2326133103885031,0,1.4165182832801098,1.16135291826098,True,False,True,True,False,False,0
0.7404757570933088,2.7668218087459238,-0.6953934861551795,0.5484542086603313,-0.9166876736979732,0,0,0.7223509552799338,1,-1.4321861577055308,0.685667372200854,False,True,False,False,True,False,0
-0.4322078508670966,-0.9410032061959116,1.3867528138540912,-1.2184705569895626,2.533559980775697,0,1,-0.2872112719994682,0,1.4165182832801098,0.3744712205727343,True,False,True,False,False,True,0
-1.1794044860277089,2.7668218087459238,1.3867528138540912,-1.2184705569895626,0.8084361535388619,1,0,0.1740268383942964,1,-0.0078339372127105,-1.5771732160664742,True,False,True,False,False,True,0
0.3357442463813104,-0.8459307699153518,-1.042417869490058,-1.2184705569895626,0.8084361535388619,1,0,-0.2948339359947258,0,0.7043421730336995,0.4100364950445194,True,False,False,False,False,False,0
1.186718191980897,-1.226220515037591,-0.6953934861551795,0.4508159926351931,-0.9166876736979732,1,1,-1.738720229635369,0,1.4165182832801098,-0.9547809128102346,False,False,False,False,False,True,0
-0.2454086920769435,-0.1804237159514327,1.3867528138540912,-1.2184705569895626,0.8084361535388619,1,1,-1.1430261295028918,0,-1.4321861577055308,0.6678847349649615,False,False,False,False,True,False,0
-0.8058061684474028,1.2456628282569653,0.6927040471843343,0.6313194049153613,-0.9166876736979732,1,0,1.666101679719754,0,-0.0078339372127105,0.081057706180507,True,False,True,True,False,False,0
-0.0689872643306878,0.009721156609687,1.0397284305192127,-1.2184705569895626,0.8084361535388619,0,0,-0.0620170318045483,0,1.4165182832801098,-1.4215751402524144,True,False,False,False,False,True,0
1.3631396197271524,-0.0853512796708728,-1.3894422528249364,-1.2184705569895626,2.533559980775697,1,1,-0.3521278829184355,1,-0.0078339372127105,-0.3234972909360487,True,False,True,False,False,True,0
-1.7294242313542707,-0.6557858973542321,0.3456796638494558,0.418461145211127,0.8084361535388619,1,1,1.6270242688750352,0,0.7043421730336995,0.7879175363072363,True,False,True,False,True,False,0
-1.252048603334991,-0.6557858973542321,-1.736466636159815,0.5358569222501746,0.8084361535388619,1,1,1.2452081207025587,0,-0.0078339372127105,-0.1012143254873917,False,True,False,True,False,False,0
0.8234976054444879,0.1998660291708067,-0.6953934861551795,-1.2184705569895626,0.8084361535388619,1,0,0.0163509504628314,0,0.7043421730336995,-1.3993468437075487,True,False,True,False,True,False,0
-0.0274763401550982,0.6752282105736062,-0.0013447194854226,-1.2184705569895626,0.8084361535388619,1,1,-0.4083205581450059,0,1.4165182832801098,0.7034500094367466,True,False,False,False,True,False,0
-1.1794044860277089,-0.5607134610736721,0.3456796638494558,0.2832222411698669,-0.9166876736979732,1,1,1.7181159903385503,0,1.4165182832801098,0.4945040219150091,True,False,False,False,True,False,0
-0.0793649953745852,0.1047935928902469,1.3867528138540912,0.9796022961387824,4.258683808012532,1,0,-0.4062857961191745,1,-0.0078339372127105,-0.7236066287436314,False,False,False,True,False,False,0
1.5810719716489976,-0.0853512796708728,-0.6953934861551795,0.7700498254317457,-0.9166876736979732,1,0,-0.4475195018151585,0,-0.7200100474591208,-1.492705689195985,False,False,True,False,True,False,0
-0.0378540711989956,-0.5607134610736721,0.6927040471843343,0.9421164069172062,-0.9166876736979732,1,1,0.2887072293277397,0,-0.7200100474591208,-1.7238799732625878,True,False,False,False,True,False,0
1.0829408815419228,-0.6557858973542321,-0.348369102820301,-1.2184705569895626,0.8084361535388619,1,0,0.8103746249013719,0,1.4165182832801098,0.8990590190315648,False,False,False,False,True,False,0
0.0244123150643886,-0.1804237159514327,-0.0013447194854226,-1.2184705569895626,-0.9166876736979732,0,1,-0.5031530217247101,0,1.4165182832801098,-1.6483037650100445,False,False,False,False,True,False,0
1.2386068472003835,0.1998660291708067,-0.0013447194854226,-1.2184705569895626,0.8084361535388619,0,1,-0.1306889896427612,0,-0.7200100474591208,1.5614622560685627,False,False,True,False,False,False,0
0.2319669359423365,-0.2754961522319926,-1.042417869490058,-1.2184705569895626,0.8084361535388619,1,1,1.431894537371963,0,-1.4321861577055308,-1.128161625860187,True,False,True,True,False,False,0
1.352761888683255,3.1471115538681627,-0.0013447194854226,1.1618350553922991,-0.9166876736979732,1,0,-1.7008621459791626,1,0.7043421730336995,0.4367104508983582,False,True,False,True,False,False,0
-2.217177590417448,-0.0853512796708728,-1.042417869490058,-1.2184705569895626,0.8084361535388619,1,0,0.6333661505240171,0,1.4165182832801098,-0.8480850893948793,True,False,False,False,False,True,0
-1.0548717135009402,-0.4656410247931123,-0.6953934861551795,-1.2184705569895626,0.8084361535388619,0,0,0.536378609159969,0,1.4165182832801098,0.8857220411046454,True,False,True,False,False,True,0
0.6885871018738219,-0.9410032061959116,-1.042417869490058,-1.2184705569895626,-0.9166876736979732,1,0,0.4504091746351041,0,-1.4321861577055308,-0.8214111335410405,True,False,False,True,False,False,0
0.7508534881372062,0.1998660291708067,-0.0013447194854226,0.5395080682903786,-0.9166876736979732,0,1,0.8547690533921594,0,-1.4321861577055308,0.9879722052110276,False,False,False,False,True,False,0
-1.604891458827502,-0.4656410247931123,-1.042417869490058,-1.2184705569895626,0.8084361535388619,1,1,-0.3015571875350894,0,1.4165182832801098,-0.4657583888231892,True,False,False,False,False,False,0
1.902781634009817,-0.6557858973542321,1.0397284305192127,0.7827956938242437,0.8084361535388619,1,1,-1.2671966866890871,0,1.4165182832801098,0.9790808865930812,True,False,False,False,True,False,0
-0.9718498651497612,-0.5607134610736721,-1.736466636159815,0.5183613938294949,-0.9166876736979732,1,1,0.1506628047047127,1,-0.7200100474591208,0.5434062743137136,True,False,False,False,False,True,0
0.1904560117667469,-0.5607134610736721,1.3867528138540912,0.1348019698223495,0.8084361535388619,0,1,1.6966914397215245,0,0.7043421730336995,-0.7858458590692553,False,True,False,False,False,True,0
-0.6397624717450445,2.006242318501444,0.3456796638494558,1.1471811573838957,-0.9166876736979732,1,0,-0.2125563870424924,1,-0.0078339372127105,-1.4126838216344682,False,False,False,False,False,True,0
-2.4558654044270884,-0.6557858973542321,-0.0013447194854226,1.116053232083408,-0.9166876736979732,1,1,-1.6928816643090216,0,-0.7200100474591208,1.0057548424469205,True,False,False,False,True,False,0
1.923537096097612,-0.0853512796708728,-1.042417869490058,0.8106477706778548,-0.9166876736979732,1,1,-0.3625800536391805,0,-0.7200100474591208,0.1655252330509967,True,True,False,False,False,False,0
0.6366984466543348,0.1998660291708067,-0.6953934861551795,-1.2184705569895626,0.8084361535388619,1,0,-0.7764756517251878,0,-0.0078339372127105,-0.7280522880526045,True,False,False,False,True,False,0
-0.2557864231208409,-0.8459307699153518,0.3456796638494558,-1.2184705569895626,-0.9166876736979732,1,1,0.2256299542603721,0,0.7043421730336995,-1.2748683830563008,False,False,True,False,False,False,0
0.5017879430836688,-1.0360756424764714,1.0397284305192127,1.3416927444668834,-0.9166876736979732,0,0,-1.3515133443347285,0,-1.4321861577055308,-1.6883146987908026,True,False,True,True,False,False,0
0.325366515337413,0.009721156609687,-0.348369102820301,-1.2184705569895626,0.8084361535388619,1,0,1.2394178378907783,0,-0.7200100474591208,1.3614075871647713,True,False,False,True,False,False,0
-0.1104981885062774,-0.1804237159514327,0.6927040471843343,-0.2101842586678753,0.8084361535388619,0,1,-1.0677999185596831,0,-1.4321861577055308,-0.4168561364244846,False,True,False,True,False,False,0
0.3668774395130026,-0.4656410247931123,0.6927040471843343,0.5649644207886317,0.8084361535388619,1,0,0.836880777648533,0,0.7043421730336995,-0.1634535558130156,False,True,False,True,False,False,0
-0.4633410439987888,-1.226220515037591,-1.3894422528249364,-1.2184705569895626,-0.9166876736979732,1,0,-1.2277265109621716,0,-0.7200100474591208,-0.2834863571552904,True,False,False,True,False,False,0
-0.7746729753157106,-0.3705685885125524,1.7337771971889695,-1.2184705569895626,0.8084361535388619,1,1,-1.308689106039214,0,-0.0078339372127105,0.5167323184598748,False,False,False,False,True,False,0
-1.0652494445448375,-0.1804237159514327,-1.042417869490058,0.5834308556111619,0.8084361535388619,0,0,-0.9214737012701238,0,0.7043421730336995,-1.661640742936964,True,False,False,False,False,True,0
-0.0897427264184826,0.1998660291708067,0.6927040471843343,1.2616743021407617,-0.9166876736979732,1,1,-0.8826171011382832,0,-0.0078339372127105,0.2099818261407281,True,True,False,False,True,False,0
0.7819866812688984,-0.8459307699153518,1.0397284305192127,0.6872739704979942,0.8084361535388619,1,1,0.6515176604560667,0,1.4165182832801098,-0.4079648178065383,False,True,False,True,False,False,0
-0.9510944030619662,-0.5607134610736721,1.3867528138540912,-1.2184705569895626,-0.9166876736979732,0,1,1.4418230215831116,0,-1.4321861577055308,-0.3368342688629681,False,False,True,False,False,False,0
0.3668774395130026,-0.3705685885125524,-1.3894422528249364,0.7851645197172811,0.8084361535388619,1,1,0.8363993407477787,0,-0.0078339372127105,-1.3682272285447366,True,True,False,False,False,True,0
0.3357442463813104,0.4850833380124864,-1.042417869490058,0.9234293406596908,0.8084361535388619,0,1,-0.8791787132187033,0,1.4165182832801098,-0.9770092093551004,False,True,False,False,False,True,0
0.8650085296200775,0.1998660291708067,0.6927040471843343,-0.0314822428136997,-0.9166876736979732,1,1,-1.5412968485856189,1,-0.7200100474591208,0.6367651198021496,True,False,False,True,False,False,0
0.3772551705569,-0.3705685885125524,0.3456796638494558,-1.2184705569895626,-0.9166876736979732,1,0,-1.3030067944500296,1,-1.4321861577055308,1.3080596754570937,False,False,True,False,False,True,0
-0.7020288580084288,0.770300646854166,0.6927040471843343,0.8715843157459722,-0.9166876736979732,1,0,-0.130668647238504,0,-0.0078339372127105,-1.6483037650100445,True,True,False,True,False,False,0
-0.4737187750426862,0.770300646854166,-1.736466636159815,0.9772477200263794,0.8084361535388619,0,1,-0.8110372226915058,0,0.7043421730336995,0.7034500094367466,False,True,False,False,False,True,0
0.5432988672592584,-0.2754961522319926,1.0397284305192127,0.8212869130750445,-0.9166876736979732,1,0,0.885050199996011,0,-1.4321861577055308,-0.2301384454476127,True,False,True,False,False,False,0
0.6470761776982322,0.1047935928902469,-1.736466636159815,-1.2184705569895626,0.8084361535388619,1,0,-0.6549414353573881,0,-1.4321861577055308,1.6148101677762403,False,False,False,False,False,True,0
1.1140740746736149,3.3372564264292826,0.3456796638494558,0.8456316225739496,-0.9166876736979732,1,1,-0.9073520737814412,0,-1.4321861577055308,0.8279284700879945,False,False,True,False,False,False,0
1.186718191980897,-0.1804237159514327,-1.042417869490058,0.3771867356596393,0.8084361535388619,0,1,0.8218590422381438,0,-0.7200100474591208,-0.4835410260590818,True,True,False,True,False,False,0
-1.252048603334991,2.291459627343124,-1.3894422528249364,0.6182414686011223,-0.9166876736979732,0,1,-1.3200714636212938,1,-0.7200100474591208,1.3391792906199056,False,False,False,False,True,False,0
-0.4010746577354044,-1.7966551327209506,-1.736466636159815,0.6605181660938343,-0.9166876736979732,0,0,0.2282245670700347,1,0.7043421730336995,0.1344056178881847,False,True,False,False,False,False,0
-0.3595637335598148,-0.3705685885125524,-0.0013447194854226,-1.2184705569895626,0.8084361535388619,0,1,-1.518986273249834,0,0.7043421730336995,1.223592148586604,False,False,False,False,True,False,0
0.3668774395130026,1.0555179556958456,-0.0013447194854226,-1.2184705569895626,0.8084361535388619,1,0,0.1703738989631489,0,-1.4321861577055308,1.2058095113507117,False,False,True,False,True,False,0
0.5744320603909505,0.4850833380124864,0.3456796638494558,-1.2184705569895626,0.8084361535388619,1,1,1.6015015062003437,0,0.7043421730336995,-0.6391391018731417,False,False,False,True,False,False,0
2.058447599668278,-0.6557858973542321,1.3867528138540912,-1.2184705569895626,0.8084361535388619,1,1,-1.41712437886569,0,0.7043421730336995,0.7034500094367466,False,False,True,False,False,False,0
2.058447599668278,-0.1804237159514327,0.3456796638494558,-1.2184705569895626,0.8084361535388619,1,0,0.1540446859458001,0,-1.4321861577055308,0.5923085267124182,True,False,False,False,False,False,0
1.2074736540686914,1.4358077008180852,1.0397284305192127,-0.1023006104767723,-0.9166876736979732,1,1,-0.5398602816734073,0,-0.0078339372127105,-0.1678992151219888,True,False,False,False,False,True,0
0.3149887842935157,1.8160974459403243,-1.3894422528249364,-1.2184705569895626,-0.9166876736979732,1,1,-1.733882040889508,0,0.7043421730336995,0.4544930881342508,False,False,False,False,True,False,0
0.8650085296200775,-0.0853512796708728,-1.3894422528249364,-1.2184705569895626,2.533559980775697,0,0,-0.1427649015033201,1,1.4165182832801098,0.3166776495560834,False,False,False,False,False,True,0
0.1593228186350548,0.3900109017319265,1.0397284305192127,1.8272593031975988,-0.9166876736979732,1,0,-0.0508255798624211,1,-0.0078339372127105,0.3255689681740297,True,False,False,False,False,False,0
0.4706547499519766,1.1505903919764056,-1.3894422528249364,1.149719699765383,-0.9166876736979732,1,1,-0.8145681076971099,0,0.7043421730336995,0.1432969365061309,True,True,False,False,False,False,0
